27
10 15 15 10 5 4 40 9 45 14 51 3
10 25 20 25 15 10 40 20 50 20 45 15
5 1 1 1 3 0 8 2 10 2 9 0
2 2 4 1 2 0 10 2 7 2 9 1
3 2 5 1 2 0 10 2 7 2 8 1
9 2 6 1 8 0 2 2 4 1 3 0
2 1 4 1 2 0 9 1 7 1 8 0
2 1 4 1 4 0 10 1 8 1 9 0
2 2 4 1 2 0 7 2 10 2 9 0
6 2 9 1 6 0 2 2 5 2 5 1
4 8 6 6 3 5 6 2 8 4 8 2
1 3 3 5 1 5 6 5 8 3 8 5
1 3 3 3 2 3 4 3 6 3 5 3
1 1 3 3 4 0 4 4 6 2 2 0
1 0 3 2 3 0 3 2 5 0 3 0
1 0 3 2 3 0 3 2 5 0 2 -1
1 1 3 1 2 0 1 3 1 1 0 2
2 1 4 1 3 0 3 4 1 2 1 4
1 0 3 2 3 0 1 1 3 1 2 0
3 2 1 3 2 1 5 2 3 3 4 1
6 0 6 4 8 2 2 2 4 2 3 0
3 0 3 4 8 2 2 2 4 2 3 0
8 0 8 4 9 1 7 2 10 5 11 2
5 3 5 5 7 4 4 5 6 6 6 4
0 1 2 1 1 0 0 3 2 5 2 3
-1 2 1 2 0 -5 3 3 3 -3 1 0
-1 2 1 2 0 -5 3 3 3 -3 -1 0
