1000
34 59 57
34 92 25
51 36 99
95 29 87
33 39 73
46 60 87
20 56 69
87 22 56
67 12 75
18 13 17
0 34 29
84 58 56
68 23 92
24 57 38
60 98 27
51 61 95
50 65 61
61 30 32
79 100 64
23 68 11
9 76 39
31 11 98
53 85 73
84 75 56
80 94 17
27 86 68
2 57 53
69 96 28
1 90 31
83 25 47
39 62 19
41 88 72
83 15 78
94 29 61
17 2 33
2 64 93
91 35 47
55 77 36
51 72 5
55 68 37
70 88 73
81 13 32
83 98 82
55 48 15
89 48 41
77 91 2
54 72 3
55 36 81
35 71 80
67 56 15
60 29 94
20 62 88
95 92 84
53 80 34
26 20 90
70 87 37
3 31 48
37 2 41
61 65 100
37 29 63
38 20 36
27 39 58
28 12 87
22 28 37
77 67 94
13 69 20
95 11 94
91 24 30
21 66 14
46 65 73
8 44 91
42 62 90
23 3 100
16 5 23
75 69 6
72 9 77
92 55 47
1 74 53
92 67 54
28 58 46
58 16 65
85 9 98
76 47 70
54 6 54
49 73 97
73 94 45
39 68 89
79 12 10
25 68 86
73 6 68
49 60 88
4 57 29
71 28 4
98 41 60
82 20 52
19 13 36
81 69 83
72 82 11
19 90 69
28 53 36
86 67 92
82 94 57
9 77 77
63 18 95
100 64 45
36 98 30
72 45 65
84 24 17
14 33 90
20 2 14
78 3 72
89 8 11
30 5 55
5 66 37
16 20 69
37 43 86
34 15 71
31 43 35
28 89 30
21 99 3
16 93 89
45 4 63
19 8 1
14 10 10
97 14 17
35 9 73
2 1 3
98 6 75
31 10 68
79 7 62
34 29 29
87 57 12
63 5 13
72 96 80
54 93 10
67 7 97
91 47 20
21 26 87
83 53 23
46 83 61
68 31 60
90 93 62
75 46 17
93 54 6
45 54 78
12 9 17
0 32 79
89 74 71
82 70 56
52 79 8
96 31 25
39 94 64
66 22 24
13 9 61
58 58 81
25 76 48
85 55 91
2 9 3
29 2 60
23 76 96
89 37 94
1 69 27
53 66 72
9 10 84
41 67 73
84 95 42
58 86 97
95 85 81
47 92 81
44 52 32
32 60 75
30 15 68
59 82 94
42 13 34
64 70 73
38 10 22
55 82 52
48 69 67
15 73 20
66 43 12
24 66 29
0 55 55
36 17 39
1 55 20
11 30 40
78 12 41
6 57 10
7 68 97
24 64 84
88 93 40
59 78 24
75 12 4
76 85 40
59 60 85
33 56 65
14 58 26
100 63 3
27 81 7
85 73 67
47 53 21
47 32 85
57 76 73
13 78 5
80 2 41
54 99 95
32 94 82
79 87 63
59 22 76
79 20 6
52 44 12
21 53 4
54 47 14
40 32 40
85 70 9
60 52 78
36 41 40
50 66 61
3 19 75
96 10 58
75 18 15
78 92 39
49 79 11
98 96 13
16 86 48
95 62 96
73 60 73
31 86 25
66 98 21
70 100 38
0 33 60
13 15 75
67 60 99
67 14 93
62 87 92
68 6 13
94 54 91
66 30 100
10 72 100
75 97 59
91 54 60
88 17 100
49 78 52
22 20 89
15 28 37
57 61 15
39 12 84
16 46 80
70 42 40
20 11 46
51 46 69
10 38 38
53 70 66
97 7 12
91 2 82
46 4 73
84 70 75
88 7 40
91 61 19
77 75 10
35 73 75
81 88 84
91 10 57
79 26 26
23 70 19
0 30 70
0 27 62
49 2 81
10 34 82
60 2 68
24 26 19
48 100 7
1 13 64
12 85 59
2 20 12
69 77 100
41 32 82
67 48 15
26 57 61
72 83 63
14 19 22
32 14 83
13 55 55
21 1 14
22 54 16
54 84 77
31 37 19
45 58 33
29 36 86
99 99 99
4 79 33
96 23 25
86 92 88
51 16 83
60 86 100
68 82 88
42 7 15
99 26 64
71 86 34
30 86 56
94 41 86
28 2 36
79 48 76
65 70 12
100 26 16
74 92 31
76 5 76
87 37 36
57 28 81
57 98 14
3 38 18
38 68 94
64 88 26
82 87 30
77 88 1
100 23 20
100 91 18
7 29 86
56 30 6
84 79 64
53 6 61
30 5 25
53 48 15
84 40 70
95 20 58
5 98 52
35 55 45
34 99 40
30 9 85
46 25 23
75 55 81
1 28 70
88 64 68
11 32 65
17 36 76
39 5 87
100 98 41
29 16 45
56 43 8
53 76 77
8 100 13
19 80 12
52 90 42
79 91 11
36 60 91
51 26 61
50 95 41
87 70 20
76 23 47
36 61 83
41 85 37
18 82 44
32 71 93
23 21 97
67 5 11
97 40 45
36 65 62
0 2 42
81 30 41
38 92 85
100 60 84
100 84 31
80 60 28
23 7 3
65 19 26
55 65 61
83 77 15
75 9 23
51 57 31
19 87 86
16 81 80
83 56 97
93 5 46
2 100 54
73 66 59
35 16 42
82 35 76
38 27 52
15 14 85
85 71 33
23 24 41
88 40 84
6 90 7
13 9 38
87 28 17
12 25 45
15 70 53
68 47 78
25 40 82
34 64 3
74 86 76
81 45 30
16 10 4
43 54 4
24 8 15
100 47 93
49 97 30
37 33 18
59 8 29
77 65 16
33 44 96
43 9 84
58 91 89
95 23 15
20 56 46
43 89 76
21 89 97
77 41 62
5 42 25
39 62 18
100 66 7
46 13 17
38 13 28
62 86 17
100 18 7
76 86 17
18 66 28
25 69 7
1 73 59
26 7 46
22 89 58
38 73 58
65 89 98
71 87 7
33 20 79
55 99 81
44 27 57
99 13 4
46 69 58
73 35 23
38 96 19
99 92 60
45 12 15
19 41 36
7 52 33
21 28 21
32 46 61
47 25 9
8 2 87
63 4 15
74 76 22
93 81 97
42 4 54
3 53 40
2 86 38
61 89 91
80 53 38
62 67 78
28 16 5
77 83 58
52 20 71
95 22 15
0 99 43
52 71 98
85 93 63
100 28 10
22 4 96
41 62 75
73 4 82
4 90 64
95 53 33
16 81 32
8 61 41
5 97 10
42 93 80
16 66 96
17 17 24
44 60 67
61 55 7
77 23 24
97 83 99
28 9 52
85 13 84
34 72 48
98 80 87
59 98 12
69 25 52
16 96 54
3 96 47
1 95 53
16 15 64
79 70 92
12 39 71
57 14 13
7 13 7
47 8 15
67 83 21
80 22 42
0 71 40
24 24 77
80 25 64
70 15 34
80 74 70
59 96 91
62 17 79
57 26 71
49 34 10
75 79 54
57 87 8
77 75 53
82 2 69
99 62 71
7 55 65
64 85 30
99 3 95
80 5 56
48 38 28
19 38 41
59 75 48
10 19 4
18 89 10
85 74 65
70 91 100
27 61 19
78 71 68
16 79 40
11 92 53
53 3 4
38 42 11
93 73 82
67 10 77
97 10 17
87 78 17
17 55 29
7 25 48
15 81 62
100 89 76
22 41 17
97 81 53
29 90 66
32 38 20
66 26 38
29 75 87
4 86 31
97 40 88
30 74 67
54 13 86
59 75 32
62 48 83
24 60 67
7 84 22
63 93 100
90 78 19
98 42 24
76 45 72
15 87 67
55 93 15
55 2 71
80 32 67
96 44 13
73 79 96
61 63 52
72 69 8
15 12 1
67 19 16
25 17 18
6 97 77
35 35 60
19 61 77
76 41 73
90 72 20
17 46 54
98 57 37
1 97 39
57 66 7
93 6 84
12 3 26
96 97 9
41 5 75
37 13 100
72 68 30
14 12 58
19 7 99
81 58 33
55 4 97
8 34 45
52 39 2
25 65 34
41 98 74
12 100 82
55 47 53
87 66 72
65 39 45
23 89 93
26 63 84
84 18 41
52 36 12
55 32 37
47 85 3
81 40 43
89 21 73
0 89 69
79 6 30
75 56 53
28 62 38
78 28 94
28 100 1
53 77 48
29 35 24
4 80 61
92 80 87
1 12 64
22 45 39
49 11 58
93 94 28
98 87 25
92 100 81
84 93 54
47 12 95
91 74 34
43 19 26
82 19 81
52 29 5
2 76 15
30 17 52
59 43 87
70 44 46
89 86 90
32 47 87
20 46 63
27 6 1
65 46 89
91 86 32
66 68 37
13 46 10
13 45 52
39 43 22
31 40 41
18 75 8
29 71 99
37 87 8
2 42 20
31 46 91
31 20 6
33 36 11
11 45 87
73 32 97
83 41 63
67 58 20
100 39 9
39 39 55
41 97 37
79 31 94
51 32 31
97 44 60
34 14 7
69 62 92
65 88 97
11 97 8
84 79 48
10 22 55
42 65 78
82 45 77
17 52 13
24 57 9
39 81 80
5 47 9
84 63 8
81 14 29
78 53 78
67 89 59
94 30 5
74 13 7
90 58 66
95 52 21
58 36 22
25 85 66
62 24 38
78 28 15
11 5 82
1 22 6
14 36 81
50 22 86
66 20 11
33 35 34
99 10 38
77 89 85
6 26 84
93 68 55
2 21 41
85 68 41
31 15 100
52 10 20
14 81 78
80 70 89
68 76 65
99 41 62
21 63 84
87 12 14
64 16 62
43 58 83
97 69 86
27 56 28
2 47 93
51 34 61
95 61 13
85 96 27
79 29 41
38 2 57
89 84 47
43 30 26
95 88 7
43 81 99
30 83 16
15 100 82
57 58 89
94 75 65
91 10 23
84 98 55
58 90 100
2 36 39
12 88 91
56 91 37
6 36 66
32 10 75
14 98 61
90 67 82
84 26 67
55 71 19
68 85 59
56 48 75
37 26 33
80 15 95
18 61 15
77 21 90
94 53 82
2 59 23
71 52 15
13 94 70
36 93 63
64 76 28
13 63 44
33 24 78
53 97 9
68 45 5
65 81 74
98 22 42
34 5 87
81 16 88
37 65 24
11 10 80
23 74 80
61 18 70
33 34 86
29 11 42
28 95 98
86 14 22
8 47 90
69 39 59
71 76 48
93 62 88
57 76 70
13 98 74
46 71 15
33 70 76
25 23 43
16 53 10
1 45 6
76 70 22
35 45 55
15 27 85
33 61 4
39 5 38
33 58 9
8 64 34
88 58 41
4 42 74
38 4 1
27 23 72
19 23 85
22 21 46
61 11 61
100 91 95
63 39 40
45 83 96
100 61 33
8 78 93
27 69 53
59 72 79
59 19 85
70 93 6
59 83 100
9 70 2
21 52 78
59 30 95
5 47 66
11 45 47
48 21 33
30 64 33
96 100 18
74 9 58
73 93 3
65 18 82
20 14 88
36 12 28
92 4 28
46 100 56
75 91 13
17 24 45
38 31 43
86 82 81
54 98 4
90 69 60
1 23 57
26 2 42
34 16 89
64 81 11
58 99 46
52 37 89
59 89 41
98 69 74
87 37 94
14 63 94
76 84 67
27 63 72
86 89 75
52 58 41
97 61 94
34 26 6
37 3 58
18 56 55
34 68 35
16 20 13
82 47 30
7 21 17
63 74 95
62 44 84
82 65 54
90 63 36
100 91 42
1 7 59
70 70 72
40 67 34
43 47 33
94 62 11
61 9 64
59 31 96
71 28 11
7 29 92
70 35 40
23 34 79
25 63 58
58 85 42
46 18 82
34 44 91
46 54 18
84 58 8
31 3 8
87 47 83
35 87 31
8 20 80
32 15 55
22 61 99
57 85 91
74 86 67
54 53 91
54 73 68
87 21 91
90 76 61
41 87 80
97 70 4
18 18 95
61 87 41
21 81 30
29 81 85
13 21 19
93 40 71
31 30 58
7 78 53
53 52 65
97 10 91
100 6 94
6 45 79
100 74 54
76 77 73
67 88 33
37 17 62
70 29 55
77 31 9
4 1 83
8 3 76
44 65 58
27 5 38
57 75 37
44 33 42
52 69 42
17 63 22
29 21 13
34 27 91
73 94 6
45 24 72
96 46 59
17 31 57
44 7 12
39 42 75
22 14 70
67 54 42
7 72 10
60 5 38
41 20 71
74 27 60
90 22 23
16 11 38
53 5 47
28 96 15
7 79 5
73 81 87
31 9 91
86 54 55
99 70 27
51 7 31
17 42 4
21 6 39
17 73 94
55 58 79
5 19 45
82 32 14
2 32 95
34 54 33
67 67 62
22 95 30
25 74 22
100 9 27
82 89 7
76 87 22
75 40 70
77 28 9
70 16 5
7 38 80
71 75 75
26 26 94
0 10 42
100 1 1
0 53 42
78 12 26
13 99 9
63 97 5
38 91 22
24 81 77
73 43 35
61 58 61
6 54 76
57 64 92
13 62 100
38 4 40
75 37 68
44 68 69
64 15 25
92 10 71
48 46 58
70 35 42
52 68 7
46 26 68
98 31 67
80 78 67
74 32 16
6 56 93
100 90 10
35 8 16
71 81 41
50 82 26
82 97 70
74 24 4
21 57 20
87 63 16
61 12 61
22 34 52
86 33 83
16 43 68
40 9 35
91 48 60
34 29 37
6 23 99
99 35 58
38 55 3
89 80 24
70 72 24
91 63 31
61 34 14
91 77 63
11 72 92
40 31 94
12 55 55
35 72 76
19 32 19
75 97 39
50 22 62
36 32 85
80 80 99
79 88 11
13 35 36
57 52 31
38 36 53
84 98 25
57 10 21
100 45 18
78 100 69
66 17 16
82 55 91
48 52 2
87 20 40
