100 87.56819501227
4.0 0.0 2.0
0.0 9.0 3.0
-63.39279552401253 -27.244903865627567 -15.360043354072562
0.15225756379054628 -0.21100498432451847 0.2960588659683876
-45.49636490785343 -76.57502077694043 -112.3816862178796
0.19660819035268137 -0.40349027512490887 -0.7682906221587654
-3.268873088295429 47.245575485895536 68.52807204586637
-0.5377395380853341 -0.17529732340092213 0.2940875925988264
24.036840383820042 -33.19828935324807 45.077403053277166
-0.3753243381407869 0.3774916172508982 0.44206227014749516
-27.7719756859791 57.49872724592473 20.822502831640595
0.17896852938255936 -0.21066969393772633 0.19674839916424014
-77.25564919581005 -92.67392451086096 -27.944789813955772
-0.3201582178680047 -0.39986015898842575 0.18139950085197878
-30.938549055050803 131.9989067528872 -53.93706747086901
0.24365771875531 0.7057268166704482 -0.5846797919628806
47.92389436044208 -2.7666813498140073 -35.2811062983302
-0.10403290674548665 0.7236098903274906 -0.4768178213473365
-43.17156613226435 -49.820350026994085 -21.293316292506475
6.265463492182239E-4 0.15159947675923932 0.24383031298386282
45.33757748207201 -45.32999647176965 19.579759567921165
-0.17604397653111656 0.19413634387367565 0.11396564801528199
58.392236288273466 -12.697738527208163 12.902884391855217
-0.21112148023987548 0.21077071870273004 -0.1730325405413724
-79.04168675470147 50.89827599204274 -26.695293147627837
-0.12929062606156697 -0.02531572173221409 -0.12036751277216187
-9.609256110437741 -44.42269116394966 -48.06332972181265
0.5464186470447142 0.04646003809112372 -0.03620663946359946
2.0099095250848746 -71.4937827792829 -18.215512662379993
0.035119144239516675 0.1303367879639616 0.11365891414943487
-64.71335730215966 -49.12307540807339 -16.41040866192005
-0.11813773000853749 0.035111757017719444 0.32172600596186507
37.18059607487986 -16.256323603172405 -36.3026089358992
0.3646610166604922 0.7699415907167025 -0.12600062316316785
-56.03362297733007 102.9932477869175 65.9087540272815
-0.02020892620174752 0.22475176092987892 0.4659719720491757
-113.60863058730851 70.96169973067742 -68.88705171335845
-0.34618518925101294 0.3164466096543915 -0.39231960359380763
9.94935039060702 3.3802059675274023 -25.47264656967662
-0.2551442267710582 0.6623125061946504 -0.16630717905378822
-26.506207715139475 -39.73433854824189 -2.622193836339811
0.40997477172702596 -0.05687879106041434 0.4276910098152167
18.607610815914885 26.345751815219216 -16.166285933558562
-0.20673159728245327 -0.23202451521989403 -0.42359360981118777
-95.58800851584422 -34.02842803142425 -92.15640641908573
-0.10898125581232314 -0.2140749209182193 -0.334134710235964
127.78539226623235 20.59919702271942 98.98800045758011
0.3589135853498322 -0.1488996084793097 0.2707247365137835
61.40363171036392 48.42007468809126 -68.71882002175633
0.17451772623381953 0.7240460623552859 -0.31623432550231517
-76.4249196379628 171.97322157595977 122.29581152967732
-0.3479638773194453 0.42897345654269997 0.4700966603884389
22.238578278925864 -28.263136906735905 165.97075164474285
-0.28615008233690964 -0.20602595770857618 0.6581972997356156
-73.79894925452363 2.0805436396368577 -75.93761285989828
0.03275966040579255 -0.09504849622740749 -0.17505191692146826
-7.444511789588077 10.033223731746617 -88.00791024127908
0.19831073312587874 0.2792850730323596 -0.24871733728835363
-13.096593428159494 -96.55912305670657 -34.07614135796125
0.4231753592026384 0.6053057148202732 -0.021494134806737
83.66655861805259 89.47307454067382 -59.80580956669286
0.5084853849019006 -0.6429010989540248 -0.47662574189593987
-4.618969093146745 69.63464332446256 18.326807300455457
-0.18315544183253168 -0.2040517642631343 0.5717022929971302
-71.34651055130313 65.11280506299249 -76.64739576408445
0.3420445240455427 -0.051404613540826136 -0.8335415796433601
28.227109741034326 -23.237668668818046 10.059760938050317
-0.09080955321850302 -0.011347989823206716 -0.11521492143916309
36.6736618745409 3.435901809814098 -40.98074150255151
0.04663649095219636 0.11579837718757828 0.1618385433894574
98.69824447099418 -30.171526982451752 18.488596919792897
-0.15513693642053888 -0.020643688907066103 -0.34156354700744457
23.107876678273968 62.28297855176797 63.23224210372132
-0.14715774469106252 0.13485625611817117 0.14011257969185206
-84.1368932483312 59.18768326465434 -79.4209898441055
-0.751945458457347 -0.4781208806181767 0.002542574493199639
-1.2837518623594093 1.0492592461172734 -52.40418241813509
-0.1285772345552085 0.1538437964378253 -0.7416020458051285
-92.76219442299696 -39.948547779368184 -87.32519011362018
0.7847547970905245 0.4635155230608113 0.22829613071063787
45.87179489368478 -70.41966044011275 -62.56448069258222
-0.07478631527804806 0.0881999633848986 -0.04867280200409491
-8.07175062258733 11.742439756989981 -21.42820811833927
0.37116695953423195 0.3191532367365017 -0.38175840068993777
19.017901826690874 -22.308904816379325 17.803791377311185
0.010103787333860253 -0.1708822087364257 -0.1526883650532304
89.82321095148873 -58.94898415098273 61.51836067067623
0.12660395238796923 -0.32892785013137016 0.18139425911611276
-92.67819866745927 -44.52622926498411 75.02704970315219
-0.3148931895576455 -0.506755410784542 0.4544541163410412
47.9573016070124 -39.43924450005638 -91.74473215713314
0.05637916724679017 0.16974226028077988 -0.2003435724267683
9.623092038081154 -12.707697154294294 -94.64835935647318
-0.3861184398488552 0.3488996945171925 -0.2674805017238858
71.87795078106316 15.453301193430647 19.03891543886276
-0.5195813797662612 -0.45309638022037 0.5291006770897869
-98.00063306573227 0.44671787701963694 59.31436804529778
-0.2536211537676007 0.3990199422163336 0.2467274058908493
-13.385832530472669 69.39124152846276 -49.87518195771992
-0.10569250799021401 0.04836736201295631 -0.169176808798752
34.65127115057092 -13.00119623710777 93.59825816630946
-0.5481486851547919 -0.3665462510516759 0.5090987718759377
-91.09090158146566 -5.0175666416854625 47.70065202999319
0.06030369205799994 0.0022672531489917737 0.15121755974095516
54.23769980417296 -49.16214724762526 26.02756625177183
-0.44755358023786906 0.016350198554450183 -0.3969295365241846
30.041448213798134 -35.465887133773236 -19.617744112877688
-0.07305771736115166 -0.07233391606658247 -0.10923441304653864
-56.97978116864852 -82.18755947138717 -55.519070337538956
0.09704523901578038 0.8013332362184244 -0.2959072743499814
93.50537307464111 -67.45068396077984 -16.95920077020925
-0.16102166190508735 0.7511409355883387 -0.5059186650960341
-49.805414487077606 -35.794722718305636 93.26724876071782
0.13374730412018793 0.36530254454166045 -0.6288116173074076
-12.228283478301577 -87.07747256576168 -67.05415647789086
0.2938665649780162 -0.09099501261661867 0.22738730948741703
61.22398686893936 -29.32791125155832 8.744495160905515
-0.45869428682402824 0.3232634234618756 0.37029599869045277
-73.02000533936068 -83.30231037078737 79.78490398955995
-0.24311307471855292 0.043588547168665594 0.2866550835141359
-22.649215518445203 90.7520076342451 42.674281507429924
0.4576392545678103 0.3893933362760438 -0.23266420187914277
53.48980012122493 91.48041672926331 -96.75454924398679
-0.06095659978599749 0.07041470033986102 0.1137183738283681
46.83903998016535 54.6734241216798 -35.340108549571596
0.16439350936036637 0.3020689638406003 -0.22983071059117754
52.03511295935061 -51.28132937302543 -27.41340967273854
-0.503871521272562 0.3057733610107786 0.02040134468901206
6.352156623314258 11.552768432183441 92.56869870776424
0.5834153901357152 -3.565065115335822E-4 -0.584872281315237
-59.37843873735274 -86.49926540309023 -2.7174934215166218
-0.05952444734257114 0.10435906622186576 0.3474189609524371
-2.4876775507794378 -86.64208928689585 -24.550797008092147
0.23784598129003837 0.6487335911219458 -0.025482140784206325
22.538009318840963 93.50159165402638 -14.68053358774928
-0.46477761263871625 -0.5880838178073786 0.028575117646185744
1.132738731340055 -75.87480451839863 -7.49296826777352
-0.32252965095721514 -0.2985533525325078 0.5112927234959741
15.192613194726718 -65.56441064480424 -84.43840471450193
-0.02968822150754676 -0.06424183214169131 0.07108915403922986
27.85363409326098 15.42388431917739 4.528822346772614
0.4062369468582415 0.8251441519536974 0.22044323755739384
85.66195188601122 39.97241603866766 52.781718312428296
0.3355734928404748 0.10306939336336518 -0.701264314617267
45.578005623832894 -45.829251783803926 -97.21921356592891
-0.007778634948235319 0.1254125382610189 0.09274476808688951
-20.020675504198664 84.98687506243249 -83.00432482336315
-0.2089088756774219 -0.15295373893537642 0.03186490053814253
-84.23440925138321 -72.37534462319182 18.445486410643255
-0.2559182971952605 -0.14845012981969272 -0.06872062175352779
-20.44830776532764 25.61216014617061 -66.02697097210992
0.29088790791987945 0.48782539850340473 0.5533274066168223
75.64962505952664 23.50368779476699 -91.73544263604079
-0.10875201850616036 0.2975989624851952 -0.28790839399021334
75.84094816856529 -45.26700117810933 -69.88264624743911
0.42285353475473475 -0.34988722360879515 0.22267371947636272
79.19356561532703 77.09256576547443 89.01356867479444
0.20721319367164853 0.43375193515163246 -0.45144416031326523
-38.822927249647755 -71.3360993108769 -42.85887955673904
-0.11846568720556136 -0.007416059406588106 -0.13088492896044646
84.10931970915411 -24.848283946713167 -3.890607097844594
0.07335114175797706 0.19947619399187816 -0.16836150034025657
33.4167919947042 -7.76992162315328 -41.9201599536301
-0.3517312548027103 0.22537743495827084 -0.2363213002252798
52.85470815477598 -41.634570266774794 42.74610527229427
-0.36834648920614615 -0.4287097223356982 0.21080971023627135
-79.75731153592383 -60.57413823019904 -8.83514486470986
-0.4503795350791922 -0.05509010531298239 -0.0863351969925897
-78.7416040532784 -5.382949268642804 -73.20498117916416
0.08343544062662504 -0.07798887831434269 0.09464130346320807
-15.366120593968688 4.4405117181019165 -18.579511631035018
-0.2889788713056826 0.3158054600974358 0.276654158232252
50.717391343102065 74.53541484633672 -79.7130154908172
-0.20555071232813432 0.07512581816063495 -0.1646982576672815
74.54518685363595 -83.01375574989542 -59.8101324490776
0.018792107625877186 0.13148988266890768 -0.09697811800276478
-85.18572527310894 48.85687198541848 -55.9422150661393
0.4962947853785489 0.44527317398440786 -0.2389227519120306
94.79843772781021 -46.029958191102004 64.07117950688516
0.05507086616471589 -0.1533817537424711 -0.14679335873593713
-97.67197767346221 -82.30883741657769 46.02053174548564
0.09507550604548332 -0.10791643563910762 0.12665684499996166
40.50033139493323 -74.74574583439559 -56.1199008877697
0.18656999137062655 0.13454774658155078 0.8737681773773733
-25.992630615425185 84.00467686690678 -28.677557715938477
0.26333211121159 0.24876306972032017 0.030045269306371608
-70.96410614557212 28.255644577559707 -98.78187079031038
0.5529517709946441 -0.4567386637799681 0.5615172197156874
42.56240414678837 -58.511664115181205 16.93783201151291
-0.09886304064929922 -0.3374319271886503 -0.7929783377210023
-14.533892842351136 -74.2352650478584 -5.477849068374255
0.3937791918434354 0.5062943421345624 -0.2842745962471788
-71.1286031906537 -79.34439367087 10.498905121602235
0.06540669285235443 -0.08558254953660051 0.15638405480814313
-37.47422540109531 -1.1838217808707583 -9.057274241399853
0.17811446554598173 -0.04232377433206312 0.12717350942619146
13.826288614002678 -53.180138088640106 98.5621964225495
0.06079367174573201 -0.16512304155520802 -0.11151908884710993
-23.64492756749688 -97.49427846747383 -30.543455946239746
0.07330616110344726 0.18936302240251665 0.649644941576935
-2.2167479244380246 81.93183882829669 -61.092076449523304
0.160729163758779 -0.1525560240366911 -0.05003062290308033
