100 67.95244148958987
9.0 5.0 9.0
3.0 3.0 6.0
-71.45501757996033 -5.964508972781305 -11.098385708507461
-0.07931413093815368 -0.08374519692538604 -0.3973168726416868
8.307913962330275 12.327125424260373 -24.123264611866457
-0.4478632271770657 0.46134732125970573 0.4173919863589544
37.20079576239566 57.277838235230874 28.91672531090186
0.4567911636924266 0.43005012673073767 -0.4807270879535404
5.990708038444218 8.887701456600363 -13.769719215031174
-0.8215628989832999 0.21079488978651495 0.20479753340183132
-66.78865620337 -8.163835433362534 -59.9569402268351
-0.17397793221965974 0.19136052677075988 -0.38368355748308064
78.32286958066939 -29.922020851837633 -31.43731686827649
0.3827284758906166 -0.254531251316586 0.1478985701883945
64.57307589625873 -16.682557094916934 -66.60982787148848
0.23296520820591657 -0.03062614356329667 -0.3174421167972832
-80.41302739726693 -18.234208149842928 63.7685853688655
-0.32560284705088494 -0.39450190197705276 0.44011806828724853
4.7767257190263095 -26.199636985210915 -1.8561900154077904
0.4825228065789797 0.022323800777645623 0.7873620945287988
49.14137137887499 29.473602382941323 79.98802115493596
0.16420331567971533 0.04590011500810201 0.4442233406896924
-17.896734265012785 46.55560932908645 52.91933767594483
0.017424795178951485 0.32154730499269435 -0.1094684914469677
30.7607857891184 5.197670824009391 32.092833504138156
-0.4213611138491541 -0.19860950044427386 0.07182079949053233
-51.165549071576265 -30.070694104581317 69.46281638492589
0.10695918928828096 -0.5669883203313398 0.5272057053905133
54.40262472329557 27.13032110616205 44.10255260692687
0.08011239598964645 0.05233222329166786 0.04856717829525858
52.78845660841924 21.53602300654452 100.80878819191074
0.07311629372272584 -0.03545252774993972 0.8665957915722765
57.77105666486548 8.855912374584738 36.600173960703046
0.08429607744388806 -0.19996220468874132 -0.01306378102178453
24.234499179044086 0.5381620266012348 -80.38650491464026
0.005842354019579889 0.3554253503974118 -0.3133949131558469
-78.75147893699966 -56.89368759383896 -40.62205946116433
-0.5113338865345118 -0.4688522207523978 0.06921377391084058
-36.588594639675215 21.02022375123388 3.062795536218278
0.3574377197978158 0.21583848071908945 -0.3892701427897069
83.61274979763584 6.638793465610696 27.035882628785924
0.2560399672335225 -0.07466523802263138 0.25365325276083206
76.029480748995 32.25895584874017 -71.92531373676488
0.2572583676579704 0.5978484656730549 -0.5660442130202121
35.95534253845585 62.06787546889889 68.13354606082679
0.10922505221043882 0.5062496022072324 0.1915479624751885
-57.698128411585444 33.076873300136796 34.79609447657022
-0.24647604087714808 0.2195222091886712 -0.23988590163536078
-74.33310663589785 1.0009383725220715 79.28992775409063
-0.5663379705286135 -0.28065608679651644 0.3703355161941744
-49.12395870157756 16.81806463081654 39.35557652974063
0.06703362253270387 0.07389944225045311 -0.008919859202516582
44.18190308347729 -5.20875180769297 -78.56299124159658
0.5534622164021761 0.28527885330619235 -0.2102335915050917
29.460373154400884 -41.64609013950121 48.560329535604815
-0.3134676120242858 -0.5242120696341048 0.2755577312786998
-67.1175208997811 -18.11587729447139 89.80107986746584
-0.14408416721144157 -0.23991655727659583 0.307892243690066
-17.497720322930924 -49.97802912386383 -16.707783036205186
-0.5273648389905861 -0.4455146870690859 -0.2625152014965899
175.00148667415286 -1.0764778015939012 46.70452537423664
0.8361498764466699 -0.10717722834302817 0.25878736660070983
-94.93891200124129 -20.482876637960317 35.951997946427184
-0.22198066652776208 -0.09289546504724017 0.31454357216126283
-24.709582510993194 2.6752572910287853 114.1216433218041
-0.11701747425387708 -0.2166483773472248 0.487266965756344
29.183565724991183 81.95903304055209 110.93731677648506
0.07193304374910003 0.3965067264214618 0.3857478398515562
-115.99872838353036 63.30688094313419 32.81838735548427
-0.40961341562890824 0.2884867998160588 -0.0791266952377644
-7.1909090880546955 75.12115073653126 66.31175596559902
-0.3670872701777438 0.3368261578739721 0.33670227705748734
66.38491063273005 -85.38624068020522 84.7240870785511
-0.6881567157512315 -0.23689891163816007 0.5601875128511586
-64.89017153549307 -28.688948507374647 44.10940365658368
0.16620126418278316 0.18512341255503847 -0.1931723554288332
-96.72962466960912 -62.84194337658986 16.41704549962772
-0.09148916983029083 0.08953037558679261 0.04530679983786077
57.381371422468135 52.20846451119968 -48.847843929236355
0.22392873854581435 -0.4689966293583389 0.24547157220941
-17.073635617805465 -55.03823684712819 84.98596287951241
0.46076535545980624 -0.24350548918471882 0.7165918572047039
53.65891192301092 79.36469948245616 -43.33002618771713
-0.4170388963535537 -0.7629756838598305 0.20605200644426536
75.9368378976009 -97.88291877121766 -54.618313463514
-0.6268782683522401 0.17444732881166353 -0.29553431614847353
-99.00627454450357 18.518359699605668 40.557179783936675
-0.1225463588564437 0.39035536877186877 -0.4485148947731232
45.03794996760956 -45.091908731998906 -59.46013158153849
0.26910985267039045 0.24932757638618366 0.05068641891041662
-92.4470463686128 -13.20320474724015 -10.784892459630058
0.23316845294890867 0.45018543149261386 0.3649142555278079
75.27912666176448 -85.01842430031226 -66.8177184743177
-0.437787518145311 0.7165140147968412 -0.26410667205567706
-57.520117093486036 -86.83444536471487 -37.925343032255874
0.19349601721509171 -0.06403666814619247 0.37467273880002955
93.46000289165133 61.609360645452256 30.072404727034467
-0.06935111011613714 0.06477667889907249 0.04770371255850494
-96.00641436402135 77.07361074035717 78.80985202429994
-0.014911588393564488 -0.3973544851111617 -0.41833905065929805
48.633971139272404 -75.59484395615578 -63.187956710354
-0.042157120487799835 -0.09720724664567593 -0.04427544941448587
27.931429206270437 -13.896340933758268 86.45617211863328
0.4374023871650455 -0.4478170194066015 0.5332738259361344
91.03064993542833 -35.71851265499882 -43.30127848002243
0.04488364339684789 0.21433641054953764 0.237207356629355
-90.51677722509066 -49.03739486065901 -71.85083989982573
0.002503683054383073 0.5570011354980176 0.21430556307910623
-17.49884472873424 -52.01773900313456 -1.5417135096487726
-0.5936507483026775 0.043573726721984694 -0.09932010748066601
-99.64066957268037 -14.209549063069332 29.210076855361933
0.37488731654570023 0.05452261617694571 0.37040237569527545
20.13689469379061 -26.194458749930718 -0.2611772050148886
-0.295890534826957 -0.18498093823906359 0.09482838947649558
22.300974825946327 54.12352740078828 -4.2139745291007955
0.2640231611151062 -0.16374110275078205 0.02215382914074873
41.20128051675732 -59.955710034019475 87.68743660479984
0.1835359515990688 0.16667519987137155 -0.5406862358463903
-26.217784381385172 64.45162571300622 -74.97242010886723
-0.5404244086300252 0.5587924662222149 -0.41513846204505106
2.218554774139193 -14.18866924579396 -62.75185846996318
-0.5173864547239858 -0.047033267247854976 0.31925607144867263
-21.331421908867057 -26.05497367370269 31.748030274583357
0.0036971054326613933 0.016593086354372826 -0.10107332304346346
80.37161306837731 29.121271540632478 13.012056455764622
-0.2366886169676157 -0.12663774896942914 0.22505906955297292
-56.16165464412583 71.5105340014326 -69.36940443405193
0.3449681742648244 0.17481679983670984 0.09153957903610722
84.73011658670097 71.48835167638717 35.797996708025636
0.26582204265164877 -0.10941043514534207 0.16313749351957174
45.91442873481438 79.35079295678321 94.53641290361483
-0.2910679429159398 -0.3084274435456537 0.13879876821093903
1.4240108783246939 20.041524419061247 -22.897356174249012
-0.2771695416018361 0.3533328157743253 -0.40057993954547344
21.459827476069847 -94.23415564551318 93.3243565767956
0.12173164409553663 -0.17271499686543568 -0.09338943424734404
64.88730797574866 -32.6616259914789 82.66342347783402
-0.04183722744192868 0.08682067686157789 0.0826512124673692
-4.306356014063823 -89.6273218744921 62.469579436286494
0.21674234826253921 0.4281679553923743 0.2705446305227585
91.03079802837667 -46.16239316924058 -96.99654196729756
0.09356524266342299 -0.400172824726907 -0.5168354875176814
-56.50220578400776 -32.91095789394075 66.64191672284525
0.21566114997765753 -0.06574240667352317 -0.4641965487728182
-92.86434347475353 61.9667503318216 76.24154517070241
0.8479397350101867 -0.3293396249958826 0.13630442313306992
41.83921351821215 -22.064361087004485 -82.43093458057906
-0.08283654348799342 0.06000621645281131 -0.06899409291674018
7.332240085969332 -44.3151144727818 -35.70407128552493
0.16172037031230344 0.13000403719570156 0.14360823124862107
-49.51191596603852 -69.98228006633309 -47.592880995453754
0.618167952197321 -0.3852678264495015 -0.20986795410735332
12.46754711162788 -32.650999571569756 -40.894766773140944
0.15245708081873438 -0.15674367989623336 0.30392999387256836
-33.11034357042735 31.855533479195202 -48.36906695302752
-0.05662903875734903 -0.14409164291399723 0.3815983698470406
-78.02397661634956 -36.32921341946871 65.74205797330214
-0.48126445535388324 -0.5373870963753483 -0.4166944386764726
-7.7141195813619845 -57.1227865103072 55.96626097820999
0.6315948567921792 -0.3152745104294272 0.12906010651366057
41.03186916533835 68.0295380934497 14.971834213436978
0.30384714703885823 -0.6956860944995378 -0.10314848203988107
-93.92944456031873 -66.56088026764195 11.807274557666076
0.07492211175628948 -0.06922667541607988 0.05548027334828567
-49.43672630373506 95.39970432603434 -8.411942821748127
-0.08824028895893166 0.5549429382974381 -0.08128432980379145
-94.94504580238609 56.88569593826776 -56.65966646404954
-0.023843731859906472 -0.689674477143676 -0.45936098317765484
50.077752032355846 36.11745116497852 34.95004953158153
-0.3697796066394032 -0.544238194962926 0.2592363333081336
-78.94764370373058 -53.21468788846217 -96.4730613884165
-0.3449921137971386 0.3184450351042447 0.29161154332195593
70.33533493434774 -54.298077446809145 48.753786019674266
0.5679257288286345 -0.36384215565490763 -0.538828663674588
0.12548136592822345 -95.46642864527233 42.783892460621246
0.5560234813838939 0.5266115807728059 0.31564504091557144
-33.99026775707917 44.373652025132316 -73.43401247458634
0.1310036788138542 0.11860838345774175 -0.10133822034709629
-69.38156724126094 -25.72123164576807 -76.29860773658564
0.1720657125965641 0.14619978920036172 -0.12406220906912067
-87.77034091032547 34.31468717726008 19.60376471219864
0.04888317037850285 0.15532026608066954 -0.2077684805338729
25.326955861395106 -53.68078629317328 -99.5412721588328
-0.5590481299508951 -0.3078922854517056 0.34185531062757407
-38.991578957670825 -10.055731236522035 -48.449893016888424
0.4470961274942796 0.24611291677722216 0.19311130620590608
33.232133663155906 25.905018126134777 73.40373377757678
0.20067700880812495 0.6001505248201963 -0.42404884214731015
-41.268449664136675 33.09204446665001 28.627650447627957
-0.046562175173724206 0.04484142390549662 0.3291376985314849
90.07687530099017 18.267992532050755 1.7611628427187611
0.13485215671314243 0.1634718348605813 0.11819364061548457
-20.393444265900868 -89.69820150772499 94.44447714528474
-0.5253515077377556 -0.11007852976572811 -0.6549694961528119
23.772255486492895 61.5394826938456 -4.022644457222668
-0.41036158314518206 0.5844756542557823 0.16467185439467638
39.97453073234482 -6.24462913778882 -95.30622218011537
-0.18893734053920327 0.21993072940948 0.207296830614917
-61.976686062640326 32.30362665747211 82.34732285413585
0.1945544135577691 -0.20186788924148152 0.4658034355008305
-67.03464484365809 -88.60863435945656 81.9192755453488
0.13676494164617786 -0.15464717211610532 0.08940600040285274
