100 141.44327870740156
7.0 2.0 8.0
2.0 10.0 9.0
-176.65514120109998 135.75143120289795 -2.0527895483901872
-0.4721506951127295 0.44551736574555556 0.3490022286948137
172.45767970717282 -13.615308472448902 12.63841966189289
0.42519424356241226 0.2437960458243636 -0.4144365517212938
117.308639285846 -52.460059420054705 42.54317924961802
0.04891596769254266 0.12626351200782607 -0.07833918428923939
-108.00934571786779 -21.992301584248107 -72.20632186632469
-0.0903471218185911 -0.022319968321644547 0.21680425898825006
-149.17800118570932 13.090944286356853 -102.46381060155905
-0.35007409754777696 0.15558036754188964 -0.017626326833373694
47.7426009910116 -9.209131531741761 -78.20859996969988
0.06365371278016543 0.8210540398131635 -0.179163634464384
55.92836612197188 101.95767993155407 105.52469404665383
0.11041714841690535 0.08702864679884834 0.02698517134780781
129.20141421964857 -37.82372634915285 166.10365779529133
0.16679829339363042 -0.21352918841166088 0.511319335493961
104.39391604542871 91.64721517112153 36.73331669254376
0.6734922969203979 -0.13526600453533003 -0.35869282910305395
-38.65359323770886 111.91842172595484 58.41134462948892
-0.04914896661996759 -0.08967867362892995 -0.0038214569422890536
-54.57043903357107 -192.71595655725693 -29.61527981987045
-0.4899688431588852 -0.5087336903707919 0.30075852654049234
52.51558072158532 106.43182763277625 145.31241467985404
0.053729267274102314 0.1468093782965441 0.29774219903606586
57.72714904858079 -49.41329902545893 73.9258060291154
-0.3651080034062545 -0.1919172176149111 -0.09160941140164111
26.46679215935942 -168.52305249501632 -64.93559627390087
0.18805970971381752 -0.3773046031564103 0.12156292496023743
-73.0430728340535 95.51822751182937 53.00066367254855
-0.18744022951428443 -0.21210354634382275 0.05180087808454665
-27.929070910564604 23.312318704104726 -84.09990710492627
0.11305813423539135 -0.10668524401336289 -0.0832417035088848
-154.50813224332532 110.945819530725 -91.68607784177675
-0.29723889455975294 0.3053676257512806 -0.23669449691853933
208.74508372719245 -102.12696243773784 -72.60716725120913
0.9382524790719323 0.08270543075265634 0.010280717750655987
120.76803537604454 -43.60726867151477 54.872411351405944
0.06500990587527422 0.1501374053522981 -0.0188136485918507
58.76614712408986 43.96293351677807 153.51106936495148
-0.2670938555663709 0.4003264297254779 0.3739149894585902
47.05659939746589 -152.4269895657011 1.3604870228710464
-0.18151395455948974 -0.20235771829292176 0.0621164548612569
18.358440349121643 245.72953787064603 10.634310121308339
0.22096690916041717 0.6442189138796574 -0.28798217694309625
111.97186127385686 119.64052190813112 145.58833629079132
0.37032352339300406 0.30306978682117336 0.2638989980585319
-12.703666738032632 253.8928517710271 223.26124054435002
-0.008332733853588146 0.6342837998825852 0.7006146484743188
-78.08913480915103 193.0329045160551 38.16864420840098
-0.06871615877499726 0.2220507007968781 0.009419638942424593
-61.73012751199769 -77.55847795623605 -24.48175789769465
0.013718036320151571 -0.548851534849863 0.40799904459538566
-22.11519619048117 54.74520365233565 97.72975388534232
-0.35358372287787526 -0.34689829835156877 -0.267471186946732
-37.46495034700701 -91.01756295636991 -59.33249843761779
0.04812919027355524 -0.08686264268256733 -0.07789290759951702
79.73998646011134 22.18501000851741 72.68248984141087
0.3870287457320883 0.5598826098370454 -0.15591833420359158
-97.91628685047475 -3.490590165319958 73.70690917224897
0.0441773243099035 0.36075798230421857 0.48706781627561685
-56.12978414767771 96.80878978815682 37.225348837887964
0.07058700444755114 -0.02084108746567257 -0.10547410920353265
-13.039766766970118 -85.69311358870604 45.489093583756784
-0.23656857457885397 0.47584730627182126 0.5742656378088493
20.698669566871203 -49.120208414589285 5.1804803391764835
0.5840357979184572 0.5599686718177275 0.058577737813911276
79.87453475411422 -54.03103167896934 -41.414875061058694
0.48992455310896116 0.3039314428341658 -0.2779667954055361
-3.505911497673381 82.86955305659168 -38.82106952891156
0.29283346559765233 0.11985188088573323 -0.32316267378260183
-64.60435442428592 42.27001182618645 76.6524752200175
-0.5615388640578298 0.2697538009127082 0.1061782375549206
66.34535449432542 45.68355426002179 10.93231724493289
-0.7324739581164313 -0.3183016959898219 0.12349730248227243
86.70828602660586 62.66870316210344 -83.2229179380338
-0.053414016224848766 -0.3516954387519419 0.2032540764998821
-59.317990163593116 73.30835783256944 17.2928492203974
-0.12285280175981513 -0.009867430488598266 0.03501641257921135
69.80802480358304 -24.406775529710288 -85.83523410446689
-0.04825529251864412 0.08083346341388443 0.10965580689277317
58.80911233940583 -50.32527747039912 79.73116841981769
-0.07204036735071855 0.1901750272736279 0.18645907569798198
-6.145714582587104 -48.669761153734 79.9766974579797
-0.0342541741842247 0.09506248156079065 -0.08736620570195897
48.38984720357402 -6.370712508418336 -52.738864071042066
0.6492522365539045 0.20748337922059293 -0.6174275569702656
-36.66343798269644 23.47233110341027 28.383726174630738
-0.16077195016811857 -0.2828311532715332 -0.014461710630387618
-48.898353539669735 -44.97921980683506 -77.26708471368013
0.7480953060235814 0.2731441037425848 -0.3062916556896062
29.14406400083081 42.12174713166738 64.26082700245306
0.15682768114446777 0.6136977047938428 0.30242355165504725
-14.613390969080385 -87.97370792826145 91.59770372134446
0.02914163975770089 0.0364522720724141 -0.25042005804088996
-96.59137594667956 -5.156897082249245 -1.9713949489876654
-0.029088999782594625 0.16096015277867773 0.20584952918851937
-75.545794786961 -2.7808036612191955 49.808917442921455
0.273370996718797 0.6848671871690456 -0.2761386846961369
-21.026559258434546 12.078842280407784 7.186266692915908
0.5956447134907665 0.6058635423923171 -0.04350505180149343
65.92640049741223 65.55391142407484 -51.56902833793551
0.32183363009058846 -0.7122162252161938 0.5344982117450053
-32.27721062200217 62.56034694034142 -22.33776233992961
-0.02844501046733185 -0.2889951665440777 0.13360212260991944
9.493572609052123 -8.567061932299254 49.022717334547934
0.2909554406296422 -0.41717002352175064 0.24732967561887081
27.279947006506518 -17.298326285737446 33.05935000190277
0.5669812085205578 0.19600372170725372 0.4097283344597023
56.738053371565115 -97.44079495003326 -22.026787636397785
0.3902636236742481 0.07074164311122332 -0.32966651595119784
20.974548160912178 -62.27397235736274 -94.1490146518796
-0.2466283834780742 -0.2719362537736792 -0.10645126892170664
5.026456204341457 -69.81150481997 -28.53292711461644
-0.12272578429301959 0.2888515790556592 -0.3295116991862747
24.787596284812977 33.920286473483344 -56.377672499842646
-0.20936491929375206 -0.21392021099456718 0.11937672827795862
77.81511929027673 -9.920750754771504 -12.173430398741615
0.2847452954522644 0.42329390194246547 -0.026711265626410484
-26.742326867794233 29.203422788368925 -23.36204678370784
0.02481809520791632 -7.585095091470061E-4 -0.10732712593559442
61.85496745198964 -39.576321701474356 69.16103325825276
-0.17569115744969788 -0.08264337980955572 -0.07320848167034212
6.700949460753435 -93.1553250982174 -28.559475527744553
0.0199948912237005 0.4126867418013634 -2.2767918091846933E-4
51.6317751467661 47.67855819845997 80.0793905332491
-0.17037286299924462 0.4614584838992514 -0.4561368654613997
33.76968582215184 80.30270376980047 93.36288736129478
0.18910214836408487 0.6104772803148621 -0.5348032328319487
14.267546063113627 -62.2946658112687 2.7791476125800187
-0.05472603796688491 0.2386837905602055 0.3602139106707558
-71.76294990171414 47.458387466565455 -0.7994586632910767
0.23690732992694064 -0.13436360492573993 0.8312947032349729
1.2357505475858233 -52.63377516581544 -19.149225379901424
-0.3830031429510469 -0.3008172353489229 -0.12365058447124652
-75.95039040759048 93.59373328160385 64.87212684867518
-0.1640694499353328 -0.007922366159118992 0.16815623961349954
-21.474364159679624 -61.13103467722003 22.529201892461487
-0.06513153698828392 0.02353169350629644 -0.12527694798433503
-21.792770146548435 -87.59524340711144 16.394853480715383
-0.45267587439557566 -0.09616242038130328 0.4396717400939111
26.045204468364062 52.354633929014 64.795538408297
-0.4025691903164792 -0.39183955335455384 -0.252334159031627
-84.74440951932299 -12.928126827324874 -58.761783706604035
0.3779808077983729 -0.4096298676531567 -0.42883696907042346
84.19970104788896 -89.77096785911567 98.91280676174972
-0.3391587811312716 0.5203019399849801 -0.38149449250959944
-65.07279749357761 -49.60386314973808 49.00398096463249
0.062182654644907354 0.11478770472623795 0.07957291925790881
43.36833536643181 -64.88303661703982 -51.56612707737882
-0.10623350542431843 0.05474764490245974 0.019527267167594883
-23.884794243775005 -93.71595004428141 18.964460074375395
-0.2559881986575653 0.13446078382897644 0.3963017137210232
-55.69019199127847 -62.54828713325229 -19.340661030218882
-0.05807784969801208 0.05749649275582721 -0.05947479400858952
-83.71862674947062 87.86344837218431 -86.43465824131178
0.4012969110567572 -0.052750203111054834 -0.37340440813665393
26.184115605435437 27.064806459888203 86.62645587105618
-0.6870193090889896 0.4171169909605902 0.325139352395312
-20.924648789284106 -37.12316033919292 -84.10438128640116
-0.1263345194772541 0.07569765901872175 -0.16154165133601903
83.11361256175965 37.844701087377445 92.48008697437774
0.0048061494183913095 -0.6049467800784388 0.14815408826329973
-85.36888198588022 27.068384983902078 31.29700734491746
0.16239124011096143 -0.0022142899410380495 -0.00824475564086015
-51.53752066612791 -23.301408814446603 77.49331720539931
0.6380914063300478 -0.4038020747437432 0.03771267583334865
-87.98052758970908 -6.447195810717048 24.61441585214412
0.544222050502734 0.038085850266891666 0.04954766927155977
94.88358528359984 -63.68235860315783 21.90332176882859
-0.595946042723251 -0.2427106056509414 0.2545057225866401
-53.71748658797417 -63.00930840102128 60.29034315648701
-0.4516361374438632 0.5498657101594898 -0.3654560301017165
-30.9870380345953 87.54316958794524 -14.920548425347846
0.16318429224692735 0.11561574785083983 -0.0566341138566163
47.998129821872595 73.95960398232447 47.99966422219549
0.01317103378849708 -0.5074957972556007 0.615016414226364
-4.428886297941574 -15.176811956727306 -36.804399680954994
-0.0871068405013508 -0.581015418376741 0.3150953473821234
-96.65418054974614 -76.87268913460706 -95.30862436371224
0.6621124150864987 0.15806770956156005 -0.47104594407427325
15.830143868338737 -23.229386997967353 -3.5529814786838188
-0.17026654823534254 0.23024060004502223 0.49604826541195235
-15.101092203160988 51.14958640641041 -37.911598422481
-0.14235984665782725 0.09091210441135315 -0.2923337521441971
-70.16153244554646 -15.112578072099424 51.56707546375091
-0.03690940791798529 -0.43263419679579285 -0.5290390226157706
21.120709477421485 -34.000264756212246 -6.036279576105841
-0.761125493335506 -0.07336264931447899 -0.07141625365410642
48.1733644036492 67.20890559823633 8.408934882864713
-0.13889479821264875 0.12475765541467725 0.2812935186071475
59.180856535716 33.01323565666871 -98.43900411440461
-0.02419246158601873 -0.15986833488240124 0.24003255522388245
-55.20530997466233 91.6074471883287 -61.299544461022705
0.04142520383446414 0.5354876157251369 -0.04548274473039877
-35.915187321665414 -94.92463298725849 -80.74555222368215
-0.25084263226880454 -0.2023515677917536 -0.12993466206555873
-68.71968807288143 13.910990917890814 18.63783601542673
-0.6849681368773204 0.5211683856176209 0.0034367775178173765
40.4560464617156 91.74321742508798 58.54754492607589
-0.01273173583760915 0.2823961985537222 -0.4784004556970033
