100 45.8995453576898
9.0 1.0 4.0
0.0 3.0 3.0
-54.96711404270974 -24.820635025830676 15.419119309635082
-0.22446863034294015 -0.7187948358096931 0.48225822967994997
5.239109003887738 28.93753172893073 19.096662346202756
0.06751098148841163 -0.0680692352317116 -0.29801337046846327
-16.404370634654086 40.42339305548481 18.149714094520913
0.10239934409167559 0.180825621046718 -0.15117899579817717
-8.032320651776178 34.05807320267383 45.044428777154295
-0.026626374874965084 0.01844178732413362 0.30725546048811336
18.537303928334623 4.344223043205771 -4.5446823074462905
-0.5480318215633739 0.1057334766316978 -0.40522606108123027
-15.429754984216233 18.03187080161265 38.55829914189067
-0.547729849085611 -0.262084189117629 0.11459702162189367
-47.58441433854418 -1.7226775527491114 -69.04264127474269
-0.20968296514183107 0.15798057183462316 -0.20035847617128688
19.248861040239603 -79.44200949882892 50.547479856254
0.23969692938710413 -0.28990599996126787 0.36234257455430546
-18.236181343959466 -29.74891624634179 2.737665822893419
-0.3441895475708241 0.05125918129842068 0.6344820385390431
53.8090248651135 73.67187530890992 -2.5801482060986416
0.3254604048237939 0.3099069366545248 -0.2572047009564666
35.35056050240126 37.46055945352667 -4.868507268606152
-0.08725569414367512 0.4334113757142782 -0.10383791405260082
-49.75645499501462 -66.19033221251192 -49.35351044212437
-0.01585715966198498 -0.2166107812602965 -0.13065865606007634
11.942290869281443 45.239065145263034 -47.605434745664766
0.49657894353550275 0.37178544408155867 -0.31771337998126736
-42.99820984110224 -68.99502464010213 44.3917546318407
0.008233675326061817 -0.721124064150602 0.599480195601973
-70.28911434915315 41.31624195911956 -73.28909052329827
-0.2653718588650712 0.401729070127174 -0.6045769572284596
10.629310703264068 76.5454663582801 -28.956961887420146
0.07219227220394145 0.0975297677318182 -0.11603127466148515
-70.81917722875772 36.64154611013751 -81.31406303056328
0.05255493024391014 0.3065739908579853 0.006854644900360385
-76.54620000231188 -36.34568155909612 79.50982663259234
0.26478959497616034 -0.41082873745319437 -0.1255165969128779
29.934335173297512 71.59084059376045 27.088753655855186
0.0741921702582332 0.10593002508874694 -0.08632105525439068
-3.3500031907687884 29.083892484384506 -47.83591483711398
-0.15194451272509443 0.7201056274222389 0.31505273857432425
-28.709004011102195 11.759732690502787 24.75383890524796
-0.16518493023432068 0.465492770321492 -0.6572769050156042
63.468096301375965 61.700312847238536 1.7198545462582757
0.4155682582828661 -0.14700214478271273 0.8224364774577593
-99.63305821312063 91.25911548644211 9.694419486122328
-0.004633345166425277 0.16639467640522246 0.03429501073060418
-30.961035708642854 8.891893214656463 69.82276078162931
-0.21156427325873173 -0.37291237976766484 0.020050795121904316
-18.91167815775772 -33.40103519190387 71.53742640607214
0.19256475084300262 0.04123729234036029 0.41540725563780473
-65.37165568565464 40.83607391895012 58.16657482986713
-0.13155093074832444 0.14042118567600106 -0.05629339983233353
18.090853503672506 58.583553545707844 -68.98803097244127
-0.06554764220620421 0.14360493878803485 0.0570999572842337
-51.31332689705863 60.665589244394056 20.424592933085094
0.2858926170957889 0.36583175470046253 -0.349075437579863
-46.48565566685694 80.70816851739895 -39.17868496279504
-0.5663060119492599 0.520268493231519 -0.31641231689960403
83.74690247507678 -71.05023599398348 -84.35825875427814
-0.22753494551058437 0.17898227207849432 -0.25920705565704466
-85.28737523818037 14.683102628285098 -23.987952231973637
0.15373920616268782 -0.16164127439645046 -0.034785494929682845
22.822440381445347 2.2198833741238246 85.07333529004629
0.05461162500972679 -0.07022472867372519 -0.1649248923587663
80.44614762148873 -76.3841817192446 -18.179602476371315
-0.2709123253219164 0.4131802883480356 0.06900153239214618
-48.77892446897478 98.14149801439297 -90.21786823251692
-0.5530107745372282 -0.7240101212876469 0.1104964079409713
69.0719896625088 63.706378171124555 82.00931393002014
0.18978896677316892 0.30561348822399187 0.10349245717848336
77.65954435484187 -57.36685694973025 60.792279810401794
-0.3437308081024522 0.5286176508231614 0.06595735113850448
-60.66316728881267 30.60450432191155 -94.359168728164
0.08492864527296742 0.21680959946494188 0.016032982316140244
29.81697196202748 14.621505582547684 -15.202867969600547
-0.6707776251465544 0.5676989184880593 -0.031958404542029695
3.441957185637065 -0.6639228540763327 75.64217979831506
0.33422812817144876 -0.14581528144957193 0.3045393654551023
14.841886145131824 27.820820260583673 -35.07760212141777
-0.4457368362438533 0.039356188593918304 0.4592190990991077
27.133860965776904 81.83582742322977 84.59082878459392
-0.08725606279413105 0.10504811690482259 -0.1038588109592197
-18.72535926219014 40.314742594247605 75.03366332652442
0.11901272751479951 -0.02161587018053949 -0.035379323355197466
79.36596639480615 86.28311567493861 4.1806023789165465
-0.08933877344485759 0.12150741243969766 0.8807611744868166
4.962638928444036 24.555241063488168 -58.97375599091505
-0.8355664730043767 0.21994431662981434 0.2934254346381765
49.71586801545175 15.443022780028954 -41.25805108274099
-0.09301361348259729 -0.7216154328250195 -0.13177522550399956
74.68818515055708 -75.17525085646612 58.337925192102915
0.15437469417974106 -0.12740394700696778 0.23358571412145793
-62.90827431346118 95.20541937721737 -12.573502313967012
-0.5860190493365444 0.16089491851130955 -0.4623599376913815
-12.429578224968111 -51.517155240658276 -97.28195848079291
-0.14449805563605986 0.5425044615018274 0.240720966001485
-35.441751623282116 2.5842856092077824 86.20294284955972
0.43135307642910337 -0.15154637904187054 0.4456510900340468
-78.79421422994366 46.53584732022358 83.76768690828146
0.28785675929004195 0.3258187903218103 -0.13641199870857512
-35.17788810887801 -93.59007207061005 40.69316328802765
0.642097687235401 0.36985617406778676 -0.04087037109737568
14.731846172540159 -67.62123681958079 -31.3696016721819
0.31267376615777137 -0.16750161083503495 0.2799340436513457
73.52501241120834 59.61181886541053 -51.10770987364077
-0.28243562058894595 0.7208789994449428 -0.39241920753652015
28.631057823006444 -34.61484396000752 63.73016443045685
-0.19208083848311536 -0.1023158519580746 0.20699932165398033
-6.320947421072148 -51.690419584267076 61.49198239538734
0.3288743779101641 0.2514277300792209 -0.3595130530151241
46.3644973861129 42.82965163139022 -56.89592149802243
-0.504930541684033 0.1387799383548592 -0.5267716776295462
16.42630408043317 -12.795859158516734 47.100930795272745
0.16766462661827655 -0.17627667453140017 0.034983384707522415
43.85857715860109 -35.57843847298723 -85.60851733683504
-0.22703713466411413 -0.9055867645971153 0.13513939611502662
-99.19296019035326 -52.648963048306555 49.98314978849717
0.14771353407689292 0.19583041190273887 -0.08851621354042515
-23.043214800044893 24.947310327793687 -31.69717732306343
0.2189509077597234 -0.2247590798135089 -0.425435097634804
31.058858807923002 11.415935857331093 -12.935807535879775
0.27392599777524074 0.2853324510068139 -0.30233580382995345
-98.99825991886466 -98.66027635271932 49.668919945679846
0.0503523501158638 -0.15736748652462418 0.0172049742601271
-83.29785113151682 51.124690810192845 66.74588731118857
0.31897122649439275 -0.19762646230233322 -0.27338063143191554
84.42802323318247 -19.32745264776608 71.89217304053977
0.08370749773907167 0.14152800631788487 -0.1997577795875636
22.65145994969828 92.2034342109551 56.61145469779507
-0.16403087789712462 -0.11957627752578796 0.18113372475534734
-62.08876903330061 94.85401077900767 71.28002022893517
0.3006507819089505 0.3637465474076126 -0.7156055642049881
31.220589109209897 43.27951567877085 87.63037548110421
-0.1612758590898515 0.44159566698237573 -0.12927125517623006
14.456742596615584 99.29696396810687 -14.73868305698835
-0.034004285482108564 0.2496459255793472 -0.024586081194887487
50.32553281745024 98.58663632101235 76.70953777734996
-0.051148816581193135 0.050179174841535154 0.38295842400643154
-24.231193385861417 49.77221634070139 -58.52991328313699
0.4492014975008743 0.3291661005799762 0.24333138780324073
49.70246166760427 7.549428320962264 -95.92178735066858
-0.6456568839616712 0.08456167035910109 0.4312316057543109
57.605640404027724 -15.063980159771646 -59.00726218634978
0.342023507287326 0.732051633857803 -0.4269195419867214
6.807372425703349 70.08431695951097 66.22466503752761
0.6854916345353247 0.23476309136883505 0.08439017984423802
-76.83525130525852 79.82592788150714 -39.99898629901637
-0.2743534520131449 -0.5267731783913466 0.3625058074350463
-97.01157345651158 41.70356816148404 17.296726999519734
-0.1487390979898077 -0.018053949522895834 0.009173791496084945
30.203370314146895 -66.44875783338605 -82.1508916947873
-0.4468909031068997 5.920026035978775E-4 -0.48580499166247393
-34.47067402775656 -50.22123292245539 -12.301289692134048
0.05269624332494528 0.417489168417585 -0.5452766334608333
-26.056136947599185 91.7714052115333 90.27809598760186
0.5472603811290196 0.2041122094094377 -0.5001248839935108
-20.087683171728045 -66.08492863860525 79.53579190602233
0.1968971810317876 -0.8630242772268927 -0.29636536698480886
-22.17270915960303 94.48070937387922 -51.73062507610153
-0.28914927961871334 0.1860874778668539 0.3933735494737706
91.57826759802944 -72.97102480454107 -10.574105000694047
0.7931480575850365 0.21307275500187875 -0.21936260310544628
-52.90380688771978 6.815282575683639 -79.50406853424235
-0.03314699014478267 -0.418546224308926 0.3128520274054393
-46.53215023720079 -42.92611586997852 -68.42680911592251
0.1663939850377772 -0.07355945541614409 0.2708992033527724
-70.51652573541531 71.11830351851819 56.06335370572816
0.051022014781732225 0.2197384507016212 -0.058680807009107556
31.153866371503227 -15.859314505013728 -65.03719262639262
-0.2733206840536777 0.41480105449705823 -0.2632353634587034
-6.012096942776822 89.17714021219038 -82.55775807340768
-0.3845603577031483 -0.5915898325002482 -0.2561620595559964
84.18272252183127 39.09502248885056 49.29982504716136
-0.3722432058279842 -0.5061228670521595 -0.3444828443102911
-28.883788191066913 -23.196968248070405 73.34489751160888
-0.18927286226193105 -0.5521799254334875 0.4843882891417644
-36.79552473041192 -18.147358168052264 -20.531657982698405
-0.09313568469890769 0.02604300709960607 -0.044057753360585455
-80.45541749298695 -46.99191414427466 -71.58816432232533
0.4922444231099628 0.4452700973456222 0.020380474898806823
-79.23081089248839 -52.90495962726276 -54.818738598905895
-0.43365734135226575 -0.3666613912998858 -0.20835129246277626
4.938739445224982 6.521251212345675 48.58991576076531
-0.11611751979096195 -0.16003023870257052 -0.12463552958604376
-35.973809070845064 -12.102054651597726 75.84081075940637
-0.1321285613396057 0.06166348289369542 0.35052318413398625
81.97690177162724 77.85389339860396 35.60429447468334
0.19109625836236058 -0.10954274499947618 -0.11032985043184118
-83.92046165656555 -29.390740141064015 42.17020013756891
-0.41360132632319324 -0.1960209891103391 0.3608110777239754
26.604132506815574 1.8282798487127394 -36.469784533115046
-0.5502833819799707 -0.3251012054566794 0.5290222818320928
-23.582379338683324 -91.33501823881471 15.116729684630386
0.09914278873593738 -0.2639718033105042 0.41880843871030776
86.09050070364265 42.70909092981296 -8.979600130669894
0.45223031631014954 -0.6064049368152785 -0.1858093273794372
60.55157146982347 5.951325161084327 -28.099389807746732
0.10954536551270184 -0.11944673015982787 -0.03309367347517211
70.42548860468497 -60.31261082755732 -73.10972000931454
0.2712409844855582 -0.759448970931432 0.042233785551394155
