100 33.901749504315184
2.0 10.0 10.0
9.0 6.0 8.0
14.802300580408012 -14.167814942746212 24.130552397361825
-0.52717191026942 -0.4377032281214979 0.4458719277431326
-45.44936958559502 1.4166919349124143 -30.30708208605649
-0.4893488850548046 0.2957239937155871 -0.4347799160115315
53.746959069737954 4.111570366932225 0.23106478602865899
0.633582289118123 0.06141241200556418 -0.2940299988570986
12.439811375335115 -27.295799514351806 -27.300362604523627
0.10874213288223726 -0.07208952552217751 -0.17602052503018917
-32.7988738698941 16.56938287170559 18.796661767202146
0.006564435177021382 0.26555303911658795 0.5924489699724237
-3.257164469939866 -29.743797526111027 -43.605845979423975
0.11503188070016414 -0.19583944294738442 -0.5855473549661022
-4.329327375830427 -17.152125769378166 -8.678424459982715
-0.2690860317252192 0.2300875693349999 0.4060392774338202
-11.940868601665345 35.02292560509469 17.88504835242391
-0.04434110227394465 0.30468119656258685 -0.08453821161866228
12.965731262612266 -14.905879492325322 11.020235713193218
-0.5338916296992282 -0.059524560632198305 0.45076359810392813
3.454305433795085 -16.510410615048247 -1.3299762933469523
0.5856119548073526 0.08264061973607406 0.6252360483249574
-17.77543207059487 28.347638080269945 26.397966777880942
-0.16627202411219955 0.11468835413254336 0.1859856497948891
29.619655620333184 2.3425104145201656 16.689242534077728
-0.060405620407499715 -0.03757345429536164 0.15157045420411772
16.338602055203225 -4.396111542579401 -23.14371765768945
-0.07843299304884686 0.5381518749666191 -0.19277902827476062
-30.743465843868265 -20.85774487850588 -18.915884634169775
-0.20051470449587497 -0.2010468658487592 0.016100543749349206
45.264857824408594 6.732108614189941 8.220779365909042
0.4430360906132412 0.007977528845909744 -0.1670910555031842
29.75649563192421 -2.8935440900840206 16.321906984062018
0.14252811127868995 -0.47286893933566354 -0.07471065122992816
26.282915489642292 8.450496224179439 8.569126087229723
-0.1303470949021518 0.08285046104132532 -0.1373250716856414
-31.967222649507445 8.361903191982453 7.889768033807964
-0.02037002448160678 -0.12216176555904276 0.11938084209011139
11.660984883059536 21.666290295446498 19.664681819872122
0.05574741111839871 -0.01759878210635394 -0.11686556908940086
-22.42238699485837 -15.335587723283254 -16.168503928205332
0.07545091512698866 -0.0664169643954499 0.07815725914193353
9.667506264440135 -0.5352404439151179 -10.091367899953376
-0.5152434607861165 0.5079441963331257 -0.006023269970182471
15.536076373812033 -24.485642451804303 5.441582940923468
-0.420625088011893 -0.2846296017919107 0.35033449841426356
-23.211014369447838 25.559404203617113 16.032981309710628
-0.09507791665704007 0.09790456578275442 0.0017194608325748228
-40.96199375979283 20.476245872487397 33.773437916639914
-0.46456621916167745 0.034281853410240586 0.6464145569317833
-43.16725390259917 11.160729583408568 35.657728202382486
-0.5475352143536715 -0.253079967180094 0.6854637113284067
44.428612261418195 -18.83144783544115 19.71489825706856
0.3293004038233906 -0.47522389578716395 0.4060700978687265
44.886690374957226 -7.103355882893201 18.09849684545395
0.3432550101528212 -0.1342790949437155 0.3537621936810633
-42.613494661511666 -11.723177543015776 11.819491716754591
-0.27472461454864294 -0.5024085552294625 0.451918791864494
22.733935654093116 -20.65650662894854 -9.574542622780545
-0.07549565230734566 -0.041339520374570386 0.06511655713035416
41.124428937778035 -12.01706745429187 10.129034885367641
0.2370476132315615 -0.316759356081632 0.08429418263644256
-16.442054216554475 -23.347438041791822 -23.637367824092017
0.009757862853332203 -0.12511231954619384 -0.03570649274884807
21.418226589969986 -47.03054047679376 0.7265320793493899
0.2363125744486179 -0.6724446403586076 0.5981884306915289
35.633680948959366 -26.68090874199732 -5.323919730550409
0.27706935448670156 -0.24060718064185793 0.16287348039975738
-14.614283115802689 7.1620788889761675 -24.15033773792451
0.4769350923942312 0.37314102893219614 -0.32595925583985663
-23.686019684451377 1.978553514061538 -9.33442726374663
0.21988645439937501 0.19936142696555423 0.09395805197849742
-4.883929987124496 10.7426552234709 18.652756975839427
0.6331613014919113 -0.2268973445726421 0.2336006138608727
5.345862371575982 21.68367819090709 25.27646328675904
-0.14649011777444212 -0.011321251050416379 0.05004178670853637
29.04501134407094 7.9692162714903105 -1.380264711779823
-0.11263666152608208 0.23823344873688287 -0.28626886753840125
-14.731304544861299 -13.311222207266344 -19.551826382462863
0.08158605276751238 0.1587395242585096 0.07872175096720863
27.304602222101877 9.326025019977424 22.64255836667803
0.14966411244757274 -0.18147727897369664 0.06659582378062472
38.18605655366988 -28.124152796099132 -6.129394963104365
0.335101220371019 -0.29772289317102946 0.12089139639346617
-35.763651147397205 12.18029318179157 36.03249235725236
-0.4304668857510162 -0.2809960341365675 0.6155234459125489
2.772159317593708 32.82729813708496 3.7785444185865913
-0.5742615208725625 0.5119702663903789 -0.4896923352055883
-28.710131232920514 -8.604514562245125 -10.068249892139924
-0.005102272870877838 0.01323076301691108 0.1721967316953219
-16.32435765023846 8.039890176274525 -16.03403179665898
0.34334954490301434 0.5262730249954235 0.012842710883525966
3.451157667305118 3.9915926209963253 -8.606005923385885
-0.6733853705104378 0.6631875367680463 0.06485929584287417
-29.78679772538158 -14.410300831103129 -11.630146802284353
0.10327840411360559 -0.5871330671894527 -0.245046308168862
33.997944936161105 -22.361612764168605 -4.227474423104154
0.2035833928788831 -0.13482669782505585 0.16822760712336918
-14.967043076859408 51.17435849277379 21.93544153095633
-0.20571777903676955 0.7750110770094186 0.010668855465865873
-120.66916873226123 0.1736527543551255 -6.103326840673545
-0.9298053248481459 -0.00857323731550654 0.015243607721819465
-0.1077695350695671 -23.250396221374633 -15.475917217621037
-0.08316976895349108 0.04550567459991496 0.20763301220750432
-39.5982090104299 -23.254717358770886 13.527655938383882
-0.16544549023301047 -0.7435443959965404 0.45683381415541324
-25.11445162918861 -20.02057781993581 -2.671907574938306
-0.22819435086589504 -0.49004752820821695 -0.27531362170622714
15.204559609131381 24.786288876746536 6.789915150450462
0.026664669952102232 0.08975207799737898 -0.34519181645891117
-51.39453594827541 -16.998665241263566 -4.998050793918935
-0.20148847358737615 -0.10394433902290971 0.0831149506104686
33.98037575874353 0.49840357216593034 46.332778926886206
0.2201021902973754 -0.28316730635825976 0.500501393683555
45.94597815241676 -35.87930338404813 32.7625853882106
0.28368595184392015 -0.3681120955954155 0.6880212825312353
27.20312696779954 -30.18737607189768 45.3766639878825
0.024679407116212915 -0.011015678515154009 0.11860865357442806
124.17870280706461 45.95685688596169 20.941007825084284
0.4592302198317753 0.13843565336024558 0.0030314423720763117
-93.93288401739852 97.48620266145653 87.83817007100157
-0.044003551422230426 0.20881031844069756 -0.08378306318682162
11.811180120907366 -42.94003669850497 68.87208557664525
-0.3648332886702039 0.14371122397268105 -0.5457058440390367
81.56772993465177 61.537425395156475 32.472987502503884
0.15712982403657655 0.16589857115604406 -0.0490617007789289
-88.88401351316364 9.15789758082748 -49.9880216241954
-0.16106332942211188 -0.10885528559124416 0.12913318134640944
-20.618328970333593 -41.96310208775578 -46.29550513122504
-0.26842366311258536 0.267155487664273 -0.8564165874801809
45.138118705378275 0.18094757604556833 48.92312751861968
0.1942694112803699 -0.15004683495916912 0.15710727610783676
-45.489466965472445 -7.48493306719125 -81.17552049136827
0.33667269645219067 -0.6067774583994473 -0.047660254815572595
-84.11453251851336 -93.10558314282599 51.616352033441586
0.07017735046179827 -0.15838439771997032 0.1981216559072612
-91.38690070962481 9.82917720536689 57.46986148945365
-0.45645415741942286 -0.18174677825274932 0.19120507963004355
58.885532506555336 21.45075081094228 66.00971811661955
-0.15172356016014968 0.2360343996153474 -0.3595423591022474
-49.81083843967906 -45.742976195837116 -88.22875888113934
-0.499142359016303 0.22685907042225473 0.6233462674292629
-57.093975689492574 -73.13030080340405 76.60464916602658
-0.363498501750783 -0.512967650428828 0.03447376515758621
29.78375089444353 46.064395928098804 -72.10797677906191
0.6101193689708101 0.5716795677539853 0.20056057495815918
48.940006453069486 90.94934673321276 -8.564607035731669
-0.04828790124931119 0.19437288703424302 0.6644064114200878
52.57709745185778 6.598386651965711 90.14974054592417
0.7773142064921684 -0.2826313984116441 0.30605479704858773
-3.581733086542286 -23.198954746580554 98.8589547264682
0.4367517427027071 -0.11515143736990192 0.5692314744407643
41.01636156378942 27.87704052574631 43.81702985446415
0.2093661937134243 0.006978649527414766 0.23521413621064136
-68.0619851888278 55.1695932466406 -67.47937817649432
0.014731633631453179 -0.10315923316193991 0.09735818657992351
-84.40182944040771 7.222764051632382 -39.671790783489655
0.21582609410355857 0.1709494692630152 -0.009881976949075505
-42.70801954169479 2.515332421881908 32.716170401235786
0.2909251478398238 -0.33440671730194066 0.030902696944937393
65.06710273633232 81.0730521981886 58.94430008305781
0.07349096480434802 -0.4407844430997272 0.07617413253139456
35.37064356497143 -37.45523177018506 -86.0301531111604
0.2973039998472199 -0.001931013636774944 0.3940784326059625
-80.17609839242688 -85.90017696294024 -51.01792386982851
-0.10385814860193474 -0.002087619102815518 0.1156861225423711
-57.369310737208124 -66.72816692056189 -75.15683153246908
0.22712587115016003 -0.5817034888691577 0.5250627828511618
60.046347032493316 -71.22632017702489 -97.51489285666123
0.3857915472022498 -0.16670490698569085 -0.214707936540137
88.29420511952321 67.82341496994673 51.40353720712852
0.6901701019485921 0.5137466847190243 0.12786138744337636
-54.146183966767936 91.34815718492615 67.93967810844217
0.5898717097396446 -0.5921769182275796 0.36121666300167843
-84.82856957419345 23.38001399168361 -30.72016928297994
-0.06529172377065041 0.4325987430276986 -0.713588984689028
-49.663883906571215 -70.44163621995747 92.22361229533567
-0.09740724909887653 0.10242779518418098 0.010890261820138563
5.164924811062903 -21.80693248040808 83.53233476477055
0.09079655179067275 -0.044849300592738506 -0.12037309478083265
66.1266647837237 38.298488136434344 25.428856972140196
0.6757088718457752 0.009714402289001873 0.5032443999467486
-28.949798313434357 5.033549883237583 -37.19326017580686
-0.12855664121716126 0.22044205271183845 -0.19609692466169906
-97.27831907931912 85.38025099832433 15.559077364784969
-0.21938456738157475 -0.13203568767592158 0.3513126657723824
-61.256829849878194 73.44022128081113 -18.47787807246253
0.0809037237055527 0.2762955792005762 0.08079078141217427
-61.167078042079794 -20.792097327533313 53.869464509233524
-0.49508471782096913 0.6714922199616485 -0.1053668740510565
46.013125448111026 50.85221829887857 -24.120198761790462
-0.6315162952598729 0.5132455646280804 0.12170750007519858
76.28917933026122 28.030232128898632 -9.732164357978618
0.40947373239168294 0.43273019373751165 -0.5151929659305103
60.84093795149329 98.85843551800022 58.82059282559072
0.05115554868792067 0.22047414766161824 -0.2620818949843183
-78.80678464178337 65.35089766378667 -66.6241424480927
-0.38462647446591053 -0.7274305919027524 0.36077643868010506
16.350099729010736 96.28575589957441 -5.7728560751629345
0.3119508677683869 -0.6024769692326043 0.33565435060357723
31.291728269954007 82.38907854893412 1.3754677026418136
0.6161759998853608 -0.017762314042646634 0.6075860052422039
