100 89.4410308932845
3.0 0.0 7.0
3.0 7.0 2.0
41.66656011168021 -13.206789863307016 -88.4431991587537
0.6902799593415517 -0.6131297947003237 -0.13270667322841895
75.84676805506655 -44.31385029966144 113.87950114901352
0.47337295289155895 -0.4249775805031868 0.3487458252940048
6.378625808765975 -27.06738988599278 -21.608641902043935
0.5301063879310965 0.06116236365245826 0.5690626032606517
-1.0954824114148174 44.181073668885226 30.772040951623055
-0.2815367731085423 -0.46732463782849265 0.40234625584541817
-14.560908101584953 -99.17876902260994 -110.65020850482523
0.3003826249651006 -0.6869694083733077 -0.45773313108364594
-13.36023510865253 -62.80417838990458 25.168075957983238
-0.0879687059693048 0.17222015356696527 -0.19990151928692504
-56.06900015216378 -46.348967043685924 -33.211549970758874
-0.16129096466553255 -0.038194692098055955 0.3721904586061282
-47.96193064075232 -110.93828571521783 -108.51676350479588
-0.08068332984041018 -0.5663435748269371 -0.6317437353715433
-13.069624754088409 97.78302561976332 4.030474402791494
-0.5553025997286594 0.2523067770152766 -0.30899673969138186
33.66866754773938 110.42062688340827 -74.32843387195774
0.2784010973010819 0.330850843398136 -0.4142678683334
-36.302743562726384 -69.7921227791174 -73.21659921300655
0.059944032272687964 -0.2445590947400894 -0.11435061852744548
-104.39411868734462 -50.8342113514126 -44.98416579141707
-0.7012015977926079 -0.05986929270787725 0.22114024325853576
-2.8473386800410694 -43.039328438596684 -19.90570256532172
0.33848648906711043 0.42143193515678395 -0.0032132053350338386
-24.430985959617857 113.85463307020248 -83.70975723922349
-0.2977967702084158 0.4331646692436478 -0.39357390328219477
-78.60657368310896 -12.63468769459352 -37.63453659976245
-0.44684929977961674 0.030480202620158672 0.4645877620867738
5.468153751513526 -83.65031744977324 -4.537098389251611
0.5051405144444837 -0.19822930677064654 0.45883291692765543
-34.53849461566496 -21.86249052773878 -112.85488267954533
0.02501962058072834 -0.17356345928142006 -0.35298435944551754
20.88623763995311 -88.1940339883868 -80.74245669293005
0.3170520367881606 -0.29112148205222105 -0.03945190772629658
68.869916420844 -14.732408311307935 -118.70325298195426
0.22446746914168772 -0.382766888342203 -0.3410655072473652
-69.91835761793378 40.57701009884323 -85.259548030668
-0.2867569223366681 0.423001265362099 -0.037205762709691885
65.89642067506975 197.6654109021863 -75.5581308377774
0.19162729215070903 0.5405377224266642 -0.36379191257533666
75.12312642287625 13.117568604697453 -45.57962502623846
0.4709657770723343 0.43329145537267993 -0.15791044179184247
-60.33954825005134 31.04564918140379 57.055858659842905
-0.13585871838502303 0.03170135728609974 -0.033221406595065436
26.05238456160711 -53.32617778508448 49.31534117105889
-0.0305319152119424 -0.20477863178912292 -0.15566469708445568
-53.64705029492605 -175.65447962459817 76.78374611989972
-0.09418074136183911 -0.20992999238988425 0.10347756040777666
-85.194942467236 -43.618433672170156 11.226736713635539
-0.7619168973875694 0.3666038229892394 -0.264917481375643
45.17217588813715 -20.380163968263112 86.28653053637899
0.10958908820132542 -0.10569250739768955 0.031480094367686694
53.992103301443876 92.74731996122995 -84.70830955177826
0.5568048452451847 0.6365740984674899 0.31743740101682455
39.5874006696358 28.970944650345075 -77.53843702019796
0.6789213093918244 0.03610251703354686 -0.20679063798991323
41.06759413539561 21.963001477345017 33.54960056542353
0.17422499397617705 0.2904583405231222 0.7753903718150943
28.418188021420434 60.17941189680525 90.83609083195313
-0.33563638857526795 -0.0038587680058188994 -0.13146250332545825
60.459224135065824 2.1616901346858413 -74.36727129381349
-0.31362239970449973 0.08946524118137537 0.8571405334668076
78.06789481686644 80.54865896868156 -25.9822191476035
0.2978694029301888 0.23989473648633758 0.013790313135029052
-48.412113082420305 88.7073045871227 -62.008149465750506
0.48743340621428677 -0.17032430659814313 -0.06472893712275239
-95.18126820870548 83.13557749717958 -43.060972949777245
-0.1658470198301919 0.014208026641987608 -0.8635913853416148
36.2395484676309 60.01122807938094 42.45124731484378
-0.2017079905393552 0.3529410604486144 0.36148117398534063
-64.03732214831095 -38.40136447547735 -50.26505561890462
0.6429876916509856 -0.49332263809316856 0.32971621006895463
-97.84311747493504 -39.43044178669728 68.13345170367197
0.3285191535476944 0.5769156510915465 -0.6231494435842557
53.479525406372886 -49.018867624669646 -36.330437319414585
0.054819762661197945 0.128435058495651 -0.2502307274988047
-39.64580819024928 -25.852894148672974 23.233920758429136
0.03618869042110234 -0.18417509576796942 -0.7023283636465509
77.31155678122494 28.498445629371332 -38.777208819652145
-0.26077012316176507 -0.47950134326858174 0.7484494986993514
5.529295645305396 -32.84943546572363 -16.5805013494071
-0.20126994239347473 -0.1856587482268185 -0.1488564207495523
79.0924396510076 -56.39293403107675 -39.30339498807909
0.2826561040568957 0.5968834831441081 -0.5866063802329405
-35.046276752685486 45.50057046977989 23.43244493858525
0.5442217808496549 0.03761119595579383 -0.4958256838117288
-32.071969284464615 35.22612985844205 21.06841892627169
-0.00816232485197131 0.379238990051099 -0.050695627482431206
-98.2152436750181 -35.62440454222926 20.861546411811773
-0.0806869775281063 -0.06023203950433994 0.009099216914418503
51.19467171466661 -85.39311565679297 -96.22064755237234
-0.5520506374081392 -0.4439393730298469 -0.4281113070255143
-59.97977111493904 44.25022545159743 -17.310397336786124
0.5323391625316356 0.34592081506686584 0.19645338633343382
61.89062674539662 93.89783713927315 24.150542029782216
-0.20225377370549016 0.12811292160154072 -0.07645304253094529
-8.036844664295813 48.99944375951486 16.392151002068232
0.47537249341201127 0.19973427920089146 -0.47946420279842944
1.0730280106267145 -39.694275306637806 29.285711771076762
-0.06607625357315149 0.2303056703826001 0.5548862074910161
79.1684407244282 84.13006211030796 7.638261779090854
0.1744463606677516 -0.1907977849658982 -0.10764827045291447
-85.54567462384341 -11.515038461142595 23.892125634199203
0.3449438852243067 0.24595629999384783 0.27696415696218246
-35.626137719481136 83.0013596035752 -79.83536227926042
-0.20799997616786858 -0.4569703698811895 0.414806006867712
64.60544636102574 15.65382261005071 74.0097409740911
-0.007064324090352278 0.00197563638444216 0.11904192993090941
64.21118281458843 23.036408208530617 42.69338349041368
-0.0684030042802586 -0.07513734851689365 0.06297964781668286
-55.73385222460261 -22.591792871588567 -18.762907935301016
-0.2652524950555029 0.18992555619272466 0.6526422180550094
-0.10598022090246673 67.1737475689053 -32.62609815194668
-0.07722086829502314 -0.03862096269704683 0.07619365806828922
-0.5651455626463076 -85.20849596149121 66.96415934281791
0.20526034610566016 0.044159165462666516 0.14999380011625907
30.267203830117182 -54.78488465522211 -85.30339903225708
0.45563367437830943 -0.6156443536170139 0.025605072957674706
-81.99338078321912 99.90934776579576 -43.872797197438864
-0.23346055090018122 -0.19291553418612123 0.06560200833641061
1.4369938322313658 3.977002050364547 -49.102156790679906
-0.26873536076943333 -0.15622521702949346 0.5801065991829114
22.01311077182166 -60.67532030691449 15.30583573802528
0.2993938691701783 -0.24140709987708245 0.49679736824187665
-53.753658580095 87.35947988552832 -6.820030743860883
0.6270143502060979 -0.1613723143958275 0.4111636557389869
84.38940308028359 -29.39751123881686 -50.02769749983038
-0.30398670780021175 0.16884850131714751 0.17121731086854414
7.286033941540239 20.60906947705554 -22.072745927638152
-0.5532535841178916 -0.5070373629967664 -0.17809631667595538
31.54511527728519 40.143865655172675 -8.072481251062086
0.16043379955262407 0.6024755778451738 -0.5702065597096627
63.795509456737875 -31.578158322769937 0.7660379447128634
0.24448646988960065 0.4647367198810427 -0.05242683976026275
-62.99641175147559 85.94429576611202 0.02472129887824792
0.1508244749351943 0.5837290648208575 0.2537680999458258
-21.961887811273172 -36.08354652696526 90.25704466582116
0.06287680765260048 0.19478223588831517 0.2676826385114738
-14.25344862942626 -29.096493054560412 18.57592368269458
0.28288569944595976 -0.47725326966392906 0.09912236124897447
71.25708584443481 77.80602907724713 -8.824900993297263
-0.08843952759035986 -0.3744247449819522 -0.6790947144133977
-34.581110193332194 -64.78088152705696 -44.810385328100665
-0.39039765882456556 0.13540083930073318 -0.13141203732656917
-97.90109227465422 -23.513787093207767 -25.650285963207423
-0.324031260998697 0.33399891372013923 -0.07602416252695288
-31.59707242535643 -69.39075315674437 -41.253179261177905
0.3586720533346498 0.6437994498738169 -0.13206220591731438
23.559928055998853 86.39242416512107 57.54004897411832
-0.004733277193683576 0.25818757637308537 0.3223929134848891
35.19694679440016 -58.425514604716746 -71.72052320046095
0.18668020322737622 -0.4024588755621781 -0.44474234460681994
-87.50956092045988 61.818072526030164 -16.49082905689596
0.4206049193340754 0.3812184697892015 -0.5063066521281574
45.67047521614836 85.1553225703511 -27.004277637199365
-0.3191549870625622 0.05777415613359185 0.016028438234197355
43.48763756037394 63.96674533816315 -77.70198386018623
-0.39573385769508734 0.7227712071925746 0.2537509787449419
-37.24229780512762 99.91543018549584 4.009354671049877
0.11028900754590973 -0.009711871802045352 -0.0787387534221197
39.479440960578444 57.74017447320426 -92.13635771180024
-0.15097805440793724 -0.20494830754936763 0.10836415800064264
38.622764004781686 -19.823752999566537 38.21274965992242
-0.562581372392889 0.1181951175634749 -0.044003275685261654
-32.262563979155544 -75.12600410044428 95.63975093771927
0.5135898271519329 0.2949179543928713 0.4746228239718366
-53.744651983201685 -10.328198590146513 12.309867405681587
-0.08004421812267962 0.27376396880485654 0.20213129948961883
73.71782520014548 -48.396123256394304 74.58927372725572
0.23594277680843137 0.08298777594564549 -0.29415805634168873
45.489820943873355 -31.158873854428208 9.406491459647157
-0.15164231530870337 0.12096875062886361 -0.030369707822698384
50.40151579576573 -69.536757269348 -29.944379801657732
-0.048138050938615694 -0.11521585389613492 0.10500705711337735
23.083343195571132 94.92282167413975 66.19133891161323
-0.07870210227767735 0.058780943332852796 -0.03160971409848462
-51.12318256765853 -78.37303576243289 22.32393304682367
-0.2717186694531273 0.14550862915021526 0.33768440954472156
86.44681635060246 -71.16547759205218 13.75153785995525
-0.16723993113956215 -0.5407110072329354 0.653121959357144
-64.54943627975447 50.918693143311 16.30423191785127
0.0533731876155609 -0.7428775271136075 -0.3736729923630425
-35.23633406364763 -40.87138095354297 94.33875366214971
0.14224893391753393 0.7641049054120023 0.1649084800474617
1.2971190328132707 -3.233155938250732 -63.0904898764707
-0.39572863880477277 -0.6440418450662768 0.019408691809425532
-74.20171986920658 91.68746940806614 45.26807371074838
0.24732144191492605 0.05881851301262801 -0.2334961349999915
-31.606198776411773 42.978531073369055 -17.539108019934545
0.2253965274818524 0.41325704411095004 -0.4189505366588043
8.871606776237101 37.68984119332336 75.01988737721123
-0.17014796911712426 0.18954960510538704 -0.12003119947255372
-82.86191073311657 -98.17393673630303 96.17227303301965
-0.11993406421706346 -0.6900465426146953 -0.38698456240741874
69.22498988175582 95.84583908091403 -51.429059144481684
0.1160214815937935 -0.16111843516057556 0.08805582675578898
4.620868882428184 -57.590166726392326 -87.19583559155262
-0.5209068447587883 0.2650772596151687 0.1550935507356008
