100 219.3694579753086
4.0 6.0 8.0
5.0 1.0 5.0
257.45371178945913 -201.59388820497944 116.21192534484798
0.43607841486611687 -0.25296536340706477 0.4180020482420132
180.7755372858279 95.85769084797533 132.9929704264256
0.25616103590147626 0.0908513419089102 -0.14053079040869149
26.622944968913316 133.41030040391075 148.7790388721388
-0.26729213519795797 0.06660565144626172 -0.06722360518186372
-63.33221337972259 147.24945650056767 -10.100518414008505
0.3199136549545352 -0.1169536690450814 -0.13736413682539544
-69.9388780470554 138.97617278220235 -97.97172537382605
0.505427215577536 0.19931472328855893 -0.08317637553313403
86.70141261163991 99.45180297582954 129.70525761628502
-0.15381420336691873 0.0831613945551687 -0.1580747509393108
284.28195950185795 47.644176382172276 44.52828409858601
0.37053343419604545 -0.06119707370250641 -0.27904461863855834
156.72558100239272 -218.89743204147138 -96.9332340613642
0.17735496869589248 -0.16599715481614 -0.24767341720692912
-148.80525113115021 1.2799735952261244 -53.94248242881848
-0.3491829596637138 0.48143475120015594 0.29098453579522937
16.92489645551558 234.57387421222356 54.32357069025285
0.6207836938152684 0.4124223439082697 0.39820044651825665
-81.35364849262874 -146.08096891792653 -0.7835242048294901
0.026321684856678924 -0.08836958204583982 0.44086704915287306
-9.991293235858663 422.9954355428048 181.99379120658838
-0.14724384536504026 0.8699086277419432 0.10455991898878932
54.22269541506512 154.6884019861383 17.210483590159665
0.6877570121362602 0.03999721200573773 0.1484549332279152
284.8149318626671 -248.71402131161273 -75.41847369189499
0.5768634410963687 -0.2860146917466208 -0.20660779880417723
-110.91036715401606 179.54504049486954 -70.05436836363222
0.14288326468602044 0.2840176656421078 0.1010386663926412
148.13788425749516 -276.7923696285134 104.23471473213726
0.024479115861388945 -0.410806285486865 0.4243554051690378
10.049526764720355 -9.111632908420205 -94.49671446816762
0.14919676966402395 -0.008424324461033715 0.05854092242236091
85.50843854833124 11.155376927947188 50.53918975405563
0.5820521059040304 0.07220857718339788 -0.30175375634516205
-20.952952707961245 70.22821151857013 15.58428328662373
-0.2478214195423857 0.15396296573659324 0.16034112951284168
59.009073145852824 3.1869634850289117 -41.790455985660266
0.5778532031458681 -0.2917628671193045 -0.4152042982607117
52.55328013899941 -94.5993058975829 -55.98926532557984
0.007166704250876357 -0.08862015818381275 0.07040504324049246
-35.167203327426265 95.35050069475912 -20.050445872288194
0.645962226522394 0.1288738102690185 -0.05020655997069107
-8.909671816043627 -45.611804365533736 -6.948126571618758
0.6911403998417073 0.08428925629545408 0.2053332102605073
-37.40372128754756 33.68517662506318 -84.74840824782616
0.31645540009962597 -0.07597635757407398 0.3848976214416778
39.34118582905563 -17.563627898712397 77.59209097809315
-0.043886687800237335 0.03956230268167574 0.0879745593544198
4.903553078031649 83.08975546198744 -27.99232888466993
-0.25832991850797865 -0.0893115059613951 -0.7332062441777647
-88.88563722980858 -84.84705537291937 43.667747878406004
-0.21317984973116177 -0.1385039274503032 0.25546397775973945
-17.822246238200407 -46.796711448810456 99.5611174624785
0.1886411227232433 0.08691655474327833 -0.23034952106948778
-34.92993639060131 -6.9102722582101705 -33.971942403884896
0.07373540468263548 0.17644396999395526 0.4669451462855541
71.15315712647055 -62.161209800642816 -78.9007241741692
-0.6495836948988053 -0.2505931142292507 -0.20189391519486272
18.77770538980768 -91.98525376106718 36.88332501189737
0.5791825300972024 -0.4769963043438891 -0.08682801505487306
50.16809706866147 -79.08890843412328 -74.94262217807106
0.10288852846299709 0.1694972324970461 0.12599475800536553
-0.7178556442456454 -7.380906520830337 77.60911764506722
-0.4902524847246368 0.46667206411279155 0.4943996414185256
-85.63767779747282 39.440675894218145 15.343105616845136
-0.08701919962372692 0.0708732812447415 -0.06927287866522851
-9.361075044802476 34.547477027936026 89.65390713183069
0.7450969092756233 -0.45411859290381745 -0.3425672280882264
35.82968887674227 14.97018646571145 -37.23921443325637
0.013751310561004424 -0.025457463731430666 0.2056383076950691
-65.29670213760227 23.368895501078086 -63.71767123487453
-0.18523255955327647 0.13810755547223583 0.26880547684661354
-10.351011408951067 -4.203405458259539 24.93410496700828
-0.05264062817610177 -0.011921554534330074 0.8363380316323347
-64.33330686086158 -57.061526071486 -33.73605099820823
0.20416234830445085 0.08943369363341108 -0.4695043771895374
79.91350415351792 -80.17345220449413 18.743066911539557
-0.1151972037974424 -0.10158820629391499 0.05396296434329884
-5.999724498236645 80.1588905154257 58.936368769319984
-0.18699587451900132 -0.2372687649218007 -0.2275596109806499
-87.75638233099468 -73.01964546846705 50.78899831030708
-0.06359853150003691 -0.104217469692743 0.10021225477624832
78.6028831725699 -58.68706059871081 6.460742069848521
0.4166474151079027 -0.08272231728602411 0.07438501357207263
64.75393955481269 -47.979997319175574 -74.59624093005851
-0.46505001167504223 0.6720803546908037 0.4370490956712712
-48.47186962593935 -93.34028689637763 -40.18757116491667
0.6137084021260364 -0.36788094491524265 0.47573146927245435
33.54733819019344 -49.28718412119053 4.249560383234211
-0.5937011527910451 -0.022200922131249193 0.1495477195817246
-44.80414532754055 98.19576508484485 85.71861546321742
-0.16235193515776214 -0.2568755752815762 -0.1305351601320129
-10.16696800264694 76.14648707282277 64.31898537131684
-0.02987563432817793 -0.14201581806973188 0.28858346921885764
98.70232173699969 6.921402742321959 59.410832159688084
0.060999396714906576 -0.05140005937450624 0.07714605245816307
35.416697803282204 -22.90401744519133 71.84317912614802
-0.33962942281594866 0.3244507599812279 -0.2048322055622716
8.185195082184066 82.57267389964329 17.964280306065163
-0.09852125618362392 0.09492544181879582 -0.3242769886332929
-42.33051429520247 -68.1018225681629 -16.880478201897702
0.36871928416534394 0.20426999668856272 -0.5498712937473981
-60.08452965084956 -85.14357122330875 -4.059387769067186
-0.2448395102895619 -0.2905987304001005 0.2874206147327602
-47.89103043967824 -44.430336788615236 -80.86325442044941
0.3958790301016029 0.524293107556073 0.3040896610960643
-20.41359447636988 29.176510187541595 57.11857373597542
0.10798778162121345 0.42225456640359954 -0.289008762826443
78.43467933884457 5.300862922213014 -46.891288321397575
0.016598904099480793 0.1891864290245205 0.33150879530412325
-31.470195841530284 98.19848704087178 80.2797984611899
0.16076709456113558 0.10390616228782304 -0.017031770641369976
-55.74768229546212 -73.2183239476126 45.47338187532833
-0.5356072389878185 0.18664356855521042 -0.014209978102200213
-5.438885376365008 -7.7909840691645655 27.121881074691885
-0.3780672056441677 0.5669056821027894 -0.3521157572637615
99.56906877572689 40.782788604238476 -5.986503992443943
-0.9111196652611944 -0.2053385251115667 -0.12645443903266088
-58.04944244894805 17.26281034614898 8.263358881218096
0.2806826166155734 0.17685245622987067 -0.08029291853196667
-91.261438504078 -45.309829671831345 5.354350565802335
0.12673623237609985 0.15741150600036471 0.023456446848575122
87.26379238669278 22.550556693638853 -59.38022003708427
0.309722409715391 -0.47092299772568647 -0.6901301020042019
13.886615341414625 -68.31230448504357 -92.06946905406458
-0.21663726544836687 -0.05985135375257898 -0.11242191885370256
28.083581422378103 85.35279882385402 -30.586715955454252
-0.37207599896744153 -0.4077264297760599 0.4108891023870758
92.95791669503004 13.704786149134662 -69.50946941903484
0.06386935165574785 -0.016933035569864967 -0.13736740029254488
72.62097258783083 30.678892986794665 -51.24791532522599
-0.07977880569339875 -0.18366288572197811 0.2865357627906288
44.56221495438783 -0.8898555305263898 -91.55710155308965
0.6218288328515698 0.4735574530517722 -0.09558848947079887
56.098389420513456 16.055988203223137 33.33315231330124
0.040497939927184284 0.02027863533431338 0.21998169547130714
-76.25005021742447 10.956791914516955 -12.014630070024339
-0.512061884619401 -0.04754773150962869 0.7068089321099168
18.258742420212656 83.2420936833008 88.5552756696201
-0.05266031058600716 0.42625735473558607 -0.2291258142039694
-59.831866471587716 55.013930822125275 46.04922151863491
0.06728856736201365 -0.2307259307685058 0.0984922175325786
55.8353287212627 -90.14575629904142 -48.14223666993589
-0.17097727973829285 -0.12079173577143867 0.34623172823271453
-17.261117397241833 -49.63157321381488 -12.975188093040927
-0.1916740377067859 -0.006572843651552853 0.5867562434423349
-88.89710008863305 59.958120471949 -97.1483709790106
-0.2054740261283321 -0.03147356166002011 0.0755247506221147
-71.79859045694144 -45.06524720506817 87.86425644276858
0.17617968565234124 0.6582661945678545 -0.519099265645212
-29.155294613729055 -67.87714415147039 38.845312135900514
-0.3788747687677726 0.40153228673578023 -0.4960026025667663
86.89564487527 77.57110344459312 36.412387295320826
-0.10880010736892326 -0.19625345069454855 0.211904349995496
-20.151166305077922 -69.86876135587497 -39.51753343235795
0.4273553872696164 -0.28640019384175347 -0.04996656739840815
6.456857464927879 -43.486272869868436 -91.853908090452
-0.035807736701792374 0.11073782624491157 0.2807226350189164
-45.07356897463877 14.888549761985502 73.31407931460001
-0.37608339011262343 -0.4466844214601741 0.2944465309384908
25.3507488807208 34.10866591127507 -46.22772779763549
-0.13188045051925867 -0.0057454215741316785 0.057761697601605565
72.71386054119341 11.537564980696274 15.66175203912374
0.1541416054526939 0.4740861964818778 -0.3671993410541937
97.00934758408488 -82.13393933413775 33.026964758877966
-0.5008148733916116 -0.20298168687613688 0.3702467489403743
-98.67724428316089 68.99549696418995 92.66799190147464
0.4722843919746928 0.544063372685106 -0.2287872759115597
-19.108677007705538 -56.96394834496494 -97.31504631360227
0.10298110813253335 0.06571864289334488 -0.09772628648952049
98.768847926528 26.163796555569306 -37.430060363214636
-0.07815178528640662 -0.19055444729903537 0.20981613890951148
62.36776438661576 17.00651975794176 -28.52575718323041
-0.4852171778984759 -0.23824632127691428 0.539657512805534
70.94986332859915 -75.10436529218556 77.33982605802555
0.0020093551492138136 -0.10647583121469341 -0.1393169409653177
2.8462949467210166 56.709941294937494 -0.10152463479154505
0.19477535272362134 0.5672546990414149 -0.5648143921581071
84.30064794294196 1.8228955464632435 51.44687137929844
-0.06527358316893273 0.03337099768496409 0.13261229270237412
-46.34796430456709 93.1424226213345 81.63964970775606
0.09175847302539315 -0.08836244074524365 -0.1347003445708607
-77.42794520148774 74.19608992957208 2.729952669574459
0.2024669423515936 -0.47966815658550166 0.5039553065336122
-51.46401947270329 -96.84674377478582 45.54559224337237
6.589435312597683E-4 0.7488560616594813 0.3379650385264567
91.60386269471621 -25.093559680938654 -0.3669255013016368
-0.06841327528057307 -0.33851758839633583 0.10867069621887909
-8.104721570191884 94.76556305924865 79.96272328737214
0.8400995773470415 -0.14432688377757014 0.30129324074289704
-18.706568622287122 25.58414284298371 -74.40069955246287
-0.1984754701399233 0.4355989568887029 -0.3640185214990099
25.76294710423292 69.8509757375063 -89.9161163981623
-0.39003021175210006 -0.3354656227799994 0.1367999682323715
90.25023386710427 -80.19726534663023 -20.63204935441354
-0.13164064860985397 0.10195207429652366 0.04132174696312099
13.054631610174084 64.64634632718406 31.62088966809543
-0.06615254469203163 -0.1266304665199155 -0.3022033355970924
