100 80.01735234394735
6.0 0.0 5.0
8.0 7.0 5.0
46.75978406796864 -24.782844782995866 -23.342977130526577
0.10886981963287987 0.37025802490039156 -0.8498736893844671
39.149191149944734 95.99723673026708 48.47581727248547
-0.0695090061925739 0.4189904874197692 0.3260609651138335
22.06288830668705 -88.88332489248317 54.05821972815073
-0.050821127870465985 -0.2894376779178723 0.20789574941773759
34.937240348047496 28.72932674224885 1.0291679751134666
-0.1363047494489685 -0.4054804138408656 -0.2825477853235913
-57.25711425122051 -55.23291616891444 -12.186613957320017
-0.2409043371255081 0.16894290742953252 0.03867314630825037
-22.40659182260425 -16.31575545685037 4.90371043418739
0.17939663124926378 0.6667987227797209 0.23682179746685594
-21.903366481272688 -65.55359109465299 3.0436765265704846
-0.06780730295985647 0.15742641932524476 -0.02289793585565765
37.70345283033861 -50.05224588285305 55.68960288366336
-0.08040774913622598 -0.04411996364942993 0.09787552877202867
-11.436779130328983 45.662989362210894 -46.26070838717214
0.39014248134259205 -0.03684462188033719 0.01073737209515082
-2.3506788494418913 -73.6096478241732 -2.5356479616035923
0.10136572014499341 0.0635569490971858 -0.15689779609269
-4.14177210831156 -128.83716766250726 12.377706063942208
0.06928345764383743 -0.626463633261266 0.021355300696754596
-47.6517176308903 16.57297162786367 -53.14677932236053
-0.015472420723215356 -0.33103877881090676 -0.05268756203916989
-48.23858277182337 -58.37891420494504 -0.300674852917183
-0.13236307303210698 0.13284314887137108 0.1829776767777903
-54.283517318725124 -43.213716998616505 -50.51690559757702
0.02326916242042663 0.009105729722943176 -0.17735512492276362
67.76375478878772 -59.45526733094744 39.89140178804976
0.2651198307087452 -0.207588403991885 -0.113737808774316
44.00172196513857 4.7744931290941715 99.24910488784104
-0.16901502906218288 0.2931846759639747 0.5856478880146146
-6.624201644737038 97.59513362432547 34.42355824013958
-0.3848527032570361 0.26671164117252677 0.40537366310820555
66.65969657166193 10.322142574945076 6.706131267076273
0.0640417127123443 -0.1527770798294645 -0.4899552077384516
-10.323187213008838 -36.079193806616814 14.892535835775892
0.05588443715460961 0.5286734413489435 0.10696667752153849
-3.1960330191056996 -56.23779226627107 22.32436470503604
-0.07663810163584156 0.26200977946389015 0.0186923838908127
-110.00080831086157 12.627224881241837 -68.82324651609972
-0.6067366112441768 0.44829464484839177 -0.2892885382501087
5.531902780412762 132.20632642636392 -7.527011346651145
0.031020635620528605 0.673429653009787 0.10721728926248253
11.932627326447637 19.106366936819327 -32.37274941558576
0.38313530102410476 -0.6448987790568349 8.357410451268906E-4
14.072495879433205 76.06752987356012 30.756841549944312
-0.21076684330839857 0.03428985363503946 0.2803595127245692
-13.2424487019997 68.18727991918348 17.21176743477404
-0.283419915989616 -0.131517943164533 0.3510375540505501
-53.47111402761563 -69.94335022784055 -77.49056745994353
0.10186155253098166 -0.601980198653138 -0.39145839966907287
99.62638049915687 -83.46861479548133 81.48167573041766
0.6266285938260059 -0.5705675382579601 0.39042560876705457
-32.03475786676019 -56.212838196129205 -77.3795433224353
0.2754182048018417 -0.09584969649258468 -0.5483388138642136
-55.846461495915285 52.78729660420095 -35.302064327686416
-0.12474506144672778 0.11073613442921884 0.16717872632700817
-34.26999442707026 39.260328968190926 -43.75871427501093
0.13843772260640158 -0.06827047781403883 0.058476906827859276
36.80756251020322 -46.056401521498444 34.876848444295774
0.0016171104967942949 0.12374249722691988 -0.11262070509168633
-51.571697890193256 31.811080407700405 -17.187037382061302
-0.22429535212026633 -0.34173155133560806 0.31140447645871727
-8.098982640653666 49.25753688913993 45.97273343330907
-0.7485268129035916 -0.04375242396186024 0.19209357702633986
-71.29690458274082 -16.59816062031913 -86.438440301566
-0.12095383200094466 0.06507307032792296 -0.5034081821659379
6.775096822216817 46.81939397770206 -18.50042900426717
0.11000012320328922 -0.3824172712217787 0.020267883489314485
-57.44939356922738 18.94111952048645 8.499730471758213
-0.20200458842549246 -0.3936321090112201 0.686269927869488
19.447403766498216 -109.91632290139202 -22.627535074823378
0.3593862143548169 -0.38997684192958154 -0.42003687533925277
13.783894137098812 47.987207117729696 18.35696156094201
-0.23820770442436734 -0.30326854911403056 0.10234963976610245
48.2058083079803 0.9538863062934428 49.67427515503826
-0.1398813907070969 0.159169557152308 -0.032868163910371465
-74.6509193392508 6.756186701270693 -38.84145038516271
-0.1562648076879957 0.21185042934395884 0.1314743567743807
-10.532860500534746 -14.200533331782074 -88.98402399280317
0.6447328913029687 -0.06455763781778008 -0.49197163697190605
19.32663838174109 80.17571691411274 -91.73784488893247
0.5791742609336279 0.18927145523704705 -0.671602833922164
-4.046089010079555 24.928352498176622 -34.88613312616366
0.7029021528708971 0.2163352806802394 0.2145743532232165
5.876539775345254 -14.134819064974927 66.10511452569249
-0.2527524966225885 0.6449878295858429 0.35867965556823894
26.942793289859964 39.374886834993944 -23.275249306120433
-0.006076506437199591 -0.44525305751801575 -0.3533601309413074
-146.31737219066406 -92.80096655281221 -55.60902985646855
-0.638941428930512 -0.29325572595949834 -0.1589040511889676
-157.27458750131578 122.0103504274355 -17.177117543917177
-0.49916899520122077 0.2540145268255818 0.10077685147571357
-45.60205566835034 -25.377030488655993 -1.21702162481796
-0.42046143733781177 -0.22215530272642162 -0.17535444149016027
7.049976946036725 -154.2272356371184 99.86548305176461
-0.06768483524517999 -0.22853472160456428 0.13234563133806787
70.33304756699346 -20.570678040153787 90.24994099858625
0.0749978293495842 -0.22526926885982732 0.35432300255107624
-60.41897311516606 -11.751838189283482 109.94000448487355
-0.01550541994722991 0.16098100214685382 0.855761722660609
62.91607959811833 -47.92620715947119 21.458263996521836
0.2981723062307959 0.14913504478589334 -0.10807711636669116
21.88695488264919 56.316040105535826 -33.9862809883779
0.05902843448431195 -0.06549435530915268 -0.05138472516236825
-122.74422843774175 137.7924567021753 -83.40300531389208
-0.4852858680747176 0.5525385793618298 -0.2196114476946357
164.16798412834405 131.07544387935155 19.1239933150645
0.6517103877000088 0.4364563768116018 -0.056457650790908843
-52.23908027161581 -20.13223840152432 40.977635743451884
0.11775030235018408 -0.0427042607922624 0.29154558817456766
-16.902144423197456 -64.7674605861698 -40.40646167812665
0.41134720197981217 -0.7336877473991745 0.03449507642158768
11.990724043032117 68.14725390019495 59.200082786971905
-0.024441296709573193 -1.1488972063301254E-4 -0.10787515706774872
86.01673115832025 60.86337970569488 40.92176569885848
-0.07529597297784302 0.5742248182049431 0.014027145058137007
-62.850583171297345 -61.72128419928096 41.42042161497872
0.08431267966857525 0.057286816222509244 0.0930499371111193
-47.59691114759104 96.00963390110232 23.444684605810707
0.06799604333672934 0.17369890358045847 0.24274532904925145
84.60700282665417 63.62570845201583 -21.35460915024116
0.29341002085004786 0.6847311117732988 0.5420985035485395
-61.262627967025175 81.03963579330576 -80.70949158040574
-0.5363400167541765 0.6355099605007647 0.16957944744377007
28.61956903960794 -24.848531404521452 31.45195076783415
-0.4034196091773621 0.8429896273661579 0.0071956698957977025
-15.443659462529908 -7.928676389333319 91.07641068925673
0.08436832575051148 -0.032431906437326456 0.3557371486819833
-4.094085731668031 28.02930951609207 87.72580553103342
-0.18549221911064118 0.11249424350606915 0.2334897772342275
21.168965637560675 -91.69747042346481 70.84098829389089
0.6104321770906947 -0.09491556429870494 -0.592806159441264
-30.1218327151131 85.04643098290336 -15.422154700667818
-0.4230200709168938 -0.4181595720976456 -0.663629903180985
88.09183360008038 27.142667453146004 12.860956135452867
-0.14789695022656726 -0.13811030165479732 0.12466479291385399
-61.23241646910127 -9.528094844882844 -37.349076548931556
0.16977117296831057 -0.4532008786113993 -0.5860564427340322
58.41275996907393 95.62333587785187 -51.05836998685738
0.053899091337042446 -0.26994864150938613 0.29897629643175827
62.038917835620225 93.92314400531953 5.577327522288968
-0.16629852368747125 -0.0957284515386254 0.042861733903514325
20.33449912862318 -10.308439920145645 -5.917616958273371
-0.42863804231856917 -0.48602643829956294 0.21138372218679558
-14.718840253547214 -14.886970100693048 99.6863889525244
-0.5818842448895033 -0.029223561655771134 -7.921630776882761E-4
-12.29623081087243 -65.56579578745918 -61.0907201220473
0.04541025764841507 0.2702419766192402 -0.6292456652583746
-42.55982093183705 -94.56529581587347 96.65289183623051
-0.16240407563005163 0.15362466297082011 0.0014727012523226984
-79.6917243010149 -33.65768596056644 -51.70997604419376
0.0845014395836685 -0.09069184456639391 -0.14017068596957552
-97.29722154613616 10.321349369858396 73.11036791783795
-0.38459227119353556 -0.23549347997247594 0.5112077477498648
15.04360629048449 -98.88211825820774 -57.990623028810596
-0.5139097331022636 -0.3184055904971123 -0.12982825789083643
27.69739326675129 81.47228409970609 25.29902448992854
0.6143495053626856 0.278134797173933 0.05367589459875269
-6.627530895993175 46.75477564674034 -22.36858328591842
-0.14797696408049998 -0.09952129446184364 0.3101908047449799
63.296679869165416 -28.955371852241484 54.31492006268746
-0.0372983816275464 0.19541601671775455 0.4341980550656927
23.27074900331037 27.225239585866603 68.14067479763247
-0.35466953326578915 -0.3510871351376691 0.09141177678519016
88.08017173456787 -35.590867313861054 22.98764925065906
-0.16630812281035653 0.2921924352491089 0.6759017683580624
-77.98828037995544 23.694053336129343 29.028275998418877
0.42429244787110654 0.3955159515938272 -0.1865472961802489
62.29887258856738 -94.45619741437774 52.66875305697374
-0.1337322437261117 0.4708323327068655 -0.4920299769309074
60.11075578750092 59.863378342781715 -19.017845156776588
0.051961053608274875 -0.4400392557252031 0.4708523338048205
86.4075804692358 -16.537802108093985 -24.98173562312398
-0.39514719882670823 0.29453311805615573 0.030665415878313538
-96.53843261393685 32.290342897805715 -9.344267063798213
-0.20434038613552968 -0.43398418579751813 0.36191072260949253
72.44253836140143 80.85252736705871 3.3609622483025845
-0.3127906539529138 0.2824828393155103 0.05803159071649248
98.42040824647503 44.089961916157534 -69.50011825837291
0.39701512323408944 0.18616672878165158 -0.4119811545696432
54.81823294880505 -55.256817967293024 25.5198044503597
0.02956062850805709 -0.06830266547434019 -0.09042638123117472
-83.7789303237154 40.46349061491827 80.71641840319572
0.05883776133723971 0.014497509156461606 0.42255452564976365
81.07839113225964 -40.056696980636005 -24.358429504724754
0.14546965575783394 -0.04161449019601294 0.031220720949539548
-71.42110026116251 -79.66726562780543 64.79065319651247
0.2612904179290413 -0.29196373023799754 -0.07255102300537411
-59.91471396158583 47.311231854971425 71.5629210275142
0.39588850572716827 0.25280709049937533 -0.3654238809196016
96.62378790715681 -26.65361654486111 3.812083981203827
-0.030350461563374783 -0.06846545126420144 0.15617514212783154
65.42034095231207 -13.938432931315873 44.992898638798806
0.32164100726913697 -0.13028365869674602 -0.040945412058510086
-10.234575502185834 -24.991128079107796 -23.600204807920136
0.05265721822520398 0.4476263434856019 -0.4427958933242343
-85.99523301491897 -50.05743907632543 9.852120422651083
-0.3895495714128301 -0.217567539063809 0.7508646989273237
