100 168.36150762295134
7.0 6.0 3.0
3.0 2.0 10.0
-80.60196112542948 29.460225307048034 -43.39079175200616
0.20683444747204405 0.7528525953201466 0.18504973492490762
-97.63161356783472 -141.634345232723 148.15949617586702
-0.10877416199159042 -0.37509211683771376 0.13118047026193294
-153.19887840511836 -125.51299084554982 109.98853947141119
-0.23113136079041688 -0.11942173180547178 0.2695580905213745
-83.72802798580165 -169.41783684333348 77.35491941810004
0.21781926691485493 -0.3563396647283128 0.20221448827510785
97.05221711539407 112.3905121443078 -172.5659619639551
0.14743475348360593 0.23574326742769888 -0.23157270662925442
74.07225599442731 -1.0203642268467945 47.75576163679732
-0.13091823392274804 -0.46686876757879286 -0.39587495646503257
-160.8869193600582 -55.301379831822345 -98.55768163830612
-0.2560838822140197 0.26464050030202674 -0.18677820289371247
135.49452736593804 69.86165180695471 121.31940643333382
0.13550602726276792 -0.14553982060393836 0.2328195132834741
111.26740037745358 36.21971993454767 -25.126590225949442
0.30922830171268934 -0.15262145859492243 0.7116278808873282
177.07492918084623 71.04468798750315 110.39858853429456
0.36696081051576973 -0.1550476630260153 0.21063865781676847
36.393736120222336 -37.92560326448414 95.57024872637908
0.35892907422756315 -0.03518690161559887 -0.4036847360168662
-0.8743092868287476 170.0059585915985 105.04708906660848
-0.2707665543369761 0.836863572701587 -0.32452158574462064
8.698143782746115 150.37702426809932 166.5987511563564
-0.5599663051091598 0.3918706617259261 0.37748534703638287
102.80858931117686 142.00843336018858 85.67881250308011
-0.05650671497435488 0.28522541262182094 0.015671699359691888
-25.54823764739575 -54.88840848579196 -46.49371564550905
0.43595107418816686 0.15140830782732317 0.37705232095311475
-82.69882692443852 -87.81504261022764 -150.87803194022501
0.021948686385995446 -0.11696070120681948 -0.13921478088470798
-68.52959291342381 10.728119246614266 -224.79667491737482
-0.41107027945963986 -0.00526551269642382 -0.33759285286212415
17.233260599911503 160.67786366434825 -173.39964297346137
-0.4231614659751688 0.444487358215442 -0.34885461533476875
110.7819164994759 93.98848335079188 -23.71895240149366
-0.06351292359796616 -0.09543200940852256 0.08740236351355643
-108.78598865030503 -37.42819956511292 -84.64798167214803
-0.09940723618777828 0.21486187221800493 0.21133939657030273
4.197030964285581 13.286684403551398 103.79967011856169
-0.1183600684692753 0.016841131062603827 -0.3712036593813105
49.13907224179988 95.71288775888618 9.922502753598692
-0.3249269490914098 -0.012350895739852893 0.5901442304714466
-223.51419607088042 -54.316621942170556 29.97407461317711
-0.6163453716658058 0.2836762710779875 0.5337647604403748
-156.3473355427496 -62.092122263128836 171.38729785700062
-0.28033170369758986 0.23548285233877203 0.5547928398941941
-76.92764739858237 43.44232226948159 -229.60297158025818
-0.2988761392556034 0.333376333783171 -0.3791964732459815
-69.05464938130895 -127.39887374916742 -248.05318409786148
0.09792598126402982 -0.35694769436164187 -0.7104139330242322
-97.1246219106405 -55.73695747143121 14.73063708696548
0.08292802973228292 0.28157161004340103 -0.34763792896993273
-65.19582728991051 33.88041841936646 73.82110524709806
-0.027285837847455377 0.5759098895354191 -0.4159645180198844
142.08701121551493 116.31496488793594 -40.979249325278346
0.11265593928115772 0.03194386137943308 -0.06719762970215008
-126.45590722529417 -39.02620834644762 23.150842087090915
-0.015505607274580623 0.2947955921643269 0.30025196641409235
143.6633393770057 235.1434353271749 250.6607495873945
0.19983256074972638 0.6393452611828478 0.5302861045422371
-225.62246217532194 -255.18360283443133 30.246302043412747
-0.3994591480954493 -0.5813096450991154 0.218831528349605
181.7624586824758 101.48024161919591 46.44205859046108
0.33518432006853316 0.010208643948377437 -0.1130718777500856
-29.54373005715721 -91.89440124264233 -98.77733292035936
0.008766818626093905 -0.2821821629814859 0.24864582743813424
27.87436722263817 -160.86484812971491 -129.6184057765749
0.24787054432432978 -0.3101118570996065 0.05205426646974094
-136.37118067620793 -56.631286405516455 -165.33324613984874
-0.22182307918053504 0.03965239929958295 -0.14988016920808223
185.5317764551096 -65.72292361868556 141.38646198704544
0.3804121350843866 -0.6449812299800156 0.14030123802870284
-37.40630503712596 -168.18026557465373 -28.13523010290897
0.24896879020027954 -0.16475736602631577 -0.15873371632715982
57.40831017501952 24.711326921774592 40.52112679216784
-0.11181657048589666 -0.1449942283494667 -0.13745002663516412
48.85045959982389 67.14662638047432 -65.59251167224356
-0.04917858832982264 0.1648452419590223 0.4596482631023152
47.19949341377426 91.01404468400798 -55.71733999839221
0.5960959954640395 0.018251481663088598 -0.5856974920035578
-93.49127077440143 -23.004908341139824 -47.02569001655523
0.14819235799262484 -0.07100326473731097 -0.05838257598995028
91.30656043158879 -58.51170470706399 87.46834703605671
0.3536341199121952 0.09494492304682858 -0.0449412893724457
25.136202555325738 16.904073078763957 20.143359316755976
-0.10996047108028204 0.050017012044831846 -0.3060490007761593
-41.95644953417792 -53.864942416078996 -22.820788173414797
0.1295039524607819 0.3471186080335783 -0.22881215955844225
-55.054725292142635 -12.266995918445218 78.34895122477064
-0.31189345116591727 0.36886084381512485 -0.08238391881406168
-97.96233864937223 -81.73914639348176 57.06030862085413
0.15700759839753503 -0.5294015822375391 -0.6596336943139838
-98.45002500105515 -60.846720005168464 57.985866508694045
-0.18660362314385054 0.4332571109938869 -0.40843224988653665
41.121822643968784 78.96100191168625 55.65922727647364
0.057493957839109856 -0.24760366587951446 -0.4481325435400012
-20.019291539467446 -96.96136956264856 -58.345071763653735
-0.15613641768056216 -0.2853464275901673 -0.09888594767355526
13.904028481681479 49.21829550145179 -31.27651521302586
-0.0030490636696905876 -0.3647172585530499 -0.07653748374135837
-13.19262842914641 -6.221592336276771 -48.950737410302295
0.45033193932339527 -0.42469638014939665 -0.2571085138877025
64.27368314798167 -90.21426236610355 89.06934427916272
0.5044590221861835 -0.28799497051968526 -0.49936996007357326
22.2710101146411 82.8344707833665 -58.69823597422001
0.39041141900188864 -0.08117559165428716 -0.5831646407235687
-40.5198987768296 -71.29530981181136 54.669187131362946
-0.46205469555667583 0.16476730344941037 0.11823716595150965
-52.67719152631179 -77.16197946846508 19.855349507388254
-0.3847573578283884 0.440148269897886 -0.2883872407316983
-28.916284239431505 99.24059965978196 3.485005838409805
-0.25759283747555817 0.11207928081390123 0.5695164538111245
-4.257449752408647 8.15999292906406 -75.35369782715058
0.03323131161408877 0.2040440253816378 -0.18977378102009715
-97.41632339386199 74.52628267594002 -34.256031550662414
-0.2759575772349215 -0.15940768037204728 -0.06075134535964943
28.5459890132951 -60.13044395972062 54.363854122771414
0.15661679644849838 -0.35392011806493545 -0.06308835756881706
-73.20296308760098 25.436351012558916 15.374166703466315
0.2703990100062838 -0.7164083173232658 -0.36500782041849433
-87.52727005190806 -51.265721941861386 94.97366882422003
0.17701697949079237 -0.23704748342234072 -0.2412978599582238
-80.52654657812064 63.2331694620263 -43.126563383579764
-0.1123632735502498 0.16016771889240297 0.07540579456143968
-82.03817082121274 -99.73523526779458 92.00806663486895
-0.07582864289313208 0.4136079229912216 0.21007715182013995
-51.41979646442418 63.84298583408727 -73.76376973966367
-0.24248143275130474 -0.5200702454255659 0.48485539859612714
-75.48823177977792 7.367135582120696 -42.069358574419404
0.23636236537509267 -0.39766711606624283 0.21096982722492444
23.098138330996477 13.472485055033928 -51.35086714092114
0.0535600963451142 -0.14738532491161901 0.20060970912690365
-37.717688680887164 46.62563345701696 37.24784283928972
-0.3695707595346828 0.16007747817733606 0.7010573409493032
-4.2016129853031 65.96422551933975 -56.13797808129648
0.41837660682199074 -0.48275172517881143 -0.5170288216640542
79.46708442602235 76.31798715649273 14.608420171887175
-0.3016171563439369 0.09267456735394879 0.6069404573725183
3.077072602807675 48.188309582591216 -24.150251804000703
0.4599109308859216 -0.5916552209968039 -0.5145190987424672
-88.41204730716785 -2.2423748492039266 -5.753079685430777
0.15409423073201642 -0.25009813667731906 0.29632067198261003
-51.59898488617149 74.34229940082037 85.52116015103508
0.1450446722678569 -0.3792843732069234 -0.07485909924576345
73.03110866600261 96.20826159626318 50.291674309185424
0.7602827888295409 0.014798350784112433 0.2945457838845433
1.055624436337041 -59.26470631997012 -87.54121748807937
-0.5918116202123466 0.5807955349038937 -0.313165937676224
40.78935819476709 5.089956003587503 92.4993035988849
-0.4959842344001026 0.4663968683667509 -0.6423823457054492
0.736148774248079 -63.165403237283144 -49.65175781787388
0.21125280995305695 0.027791631436322833 0.08220754636582114
-57.10145600150391 73.82605835561046 -21.1853839277899
-0.11558948728732815 0.2708096922939206 0.1499162195901386
-20.087904694313764 -34.38586948711797 85.25486818852076
-0.11217083005059088 -0.2229120150761959 0.2256125615312275
80.60039981880493 10.35215802013792 45.80713112106673
-0.009508532729097331 -0.030617938653091564 -0.10089425326467981
-63.074864787026726 12.329008154627743 -16.616824578727645
-0.07068606136078188 0.07804346883699094 -0.07989908047472233
-85.8592696976607 25.283022594649935 33.66106187820395
-0.2540984766826067 0.19390757978859116 0.3211142550428904
26.356227725760135 -41.890910258967494 -29.397086844271584
0.27112894995770404 -0.14346738433747888 0.45000727965924986
25.32749211578708 32.18151402803062 19.213898676180065
0.09168343339629938 -0.20510125010737112 -0.6444352061065776
-62.67541853245873 -22.12693003658724 83.69810656064112
0.18393685605453203 -0.3106928584744358 -0.18101111151252142
29.890620452748948 59.65580173466026 1.0885125100265327
-0.6893181334055106 -0.32446590402921505 -0.4418489262793011
44.76414827694197 85.10394487543687 73.59309994742617
0.1941086098543824 0.07785732993580365 -0.24683444356782383
55.69668894261389 -9.790248943134756 -37.22731378688222
-0.4846910598876291 -0.22253232747549723 -0.4019128453613373
-99.80392218938835 73.21220865313717 6.402754776889893
-0.11245234928975459 0.2930524927336289 0.20930380013264088
-94.60523676741248 30.342246751849046 9.987768963095519
0.3592581763249191 -0.12123500599812106 0.25923233752605507
23.623917903121978 72.55152989616599 -77.88252432735533
0.438434258102778 -0.5763009125111365 -0.09940628596516639
90.60082607236146 -91.80013004352156 93.40494992297837
0.21892593582653996 0.12446736187574575 0.04424436132761728
-89.23044169012884 75.78810137964754 -48.322890369420875
-0.06644544911936008 0.2509694000342315 0.8699768910645891
14.89291458043867 -58.11490454540147 -99.93703462246273
0.04686721173240533 -0.0859802104177473 -0.08153341176735804
75.98909218273008 -74.05255833270618 -56.820844840230464
0.018058975888611807 0.04633469382962131 0.09029392334813166
-95.50738570314475 -1.7798902428605317 55.72346398471731
-0.241603918085229 0.5681978438504958 -0.2243610483046962
46.95980138829904 -39.809685924777625 94.08583588856482
0.07667180824109165 -0.23561749893169126 -0.032418691101234416
-49.787792232208105 -8.182082003223329 80.11574824983384
0.1459690255107424 0.7352936981537734 -0.5559208343260015
20.565771531372604 -90.66251609271461 -80.49793744452292
-0.1808515876046886 -0.012289306405269958 0.4493424795616772
-75.05193685055835 74.20176243851643 79.35095533816477
0.7529398444215724 -0.0019736146181209362 -0.010625927969812862
