100 385.60804481047415
1.0 8.0 5.0
1.0 0.0 6.0
-79.13747028578061 -10.579186998462802 -93.26185391013126
-0.06018999809800617 0.5589723732291558 0.5550689538638618
-265.40448404907545 159.2830083817847 -376.14754039666394
-0.5794208599532358 -0.25447499263828616 -0.23889641391698355
-164.4925844119873 -465.63849032266825 472.3326467910199
-0.5328051343181092 -0.5246130557265426 0.5021849122703165
38.62400393080669 9.135579185874647 -403.36334262953545
0.09211367207091857 -0.11254474672913281 -0.04184537808898048
-206.77047989526199 366.30870316511016 509.1612479600759
-0.545327735841541 0.15810143468565913 0.5638119179981533
-182.3156922490681 -190.95080662741083 -313.5943297334992
-0.1451402838616381 -0.059118064672494995 0.04769629135898248
81.0433224399397 357.55688979594316 -155.8823647160489
0.24224157392180706 0.07062726267936931 0.10802128910234575
345.21299075069646 -647.8541833251533 -46.671061519810806
0.7125684344704641 -0.5325326807515781 -0.11926746327781407
-161.37307560604407 -1.1254615695534653 69.34568160410052
-0.35606651762401903 0.7324480972876302 -0.12479976978626922
100.58709848544734 -145.10445110003081 -55.95391500329198
0.25127273363167124 0.4028499911054789 0.1665210642652369
121.6107695791832 190.66840998882878 433.61688533487046
0.09022830161980715 0.05532690615371841 0.12750735140499356
81.97701814218811 -214.9998973064036 -307.4909501346155
0.3309964234446026 -0.07176435170708721 0.0607415008784567
-39.51938261228277 213.55031490914743 -49.77501619108739
-0.05403910749710053 -0.35266091837160846 0.25829920717847765
87.19257105252944 -72.61707151113694 86.47214521330301
0.03253115958641488 -0.21223737645927865 -0.19300760491927818
-43.397599048510216 -21.73889924391932 -39.25813780870493
-0.2045758014784922 -0.034458436293601465 -0.38414616506691757
31.84500299183398 -89.79876426160185 -77.08877273435701
-0.14203316272877436 -0.018845265241639254 -0.18609303146112477
45.6775665366805 -16.269151340487625 87.8314593481386
0.6268304755834335 -0.5243586996734119 0.09712186923003747
-8.525786723209478 90.34424017339907 53.68923647307153
0.3215067610392561 -0.26527187040452255 0.17148024597949507
-67.05669577396239 16.55412361862345 -22.807633994291336
0.26231010469035443 -0.026860550498667396 -0.6872385205703566
-27.237363078062174 91.73661199823715 90.65412135727968
-0.23823846135548118 -0.5952834811333754 0.018959475857868554
33.991258471758044 29.32707300489801 84.30085277735535
-0.21653332660484448 0.03882553623231088 0.44725706601164994
33.20093736564584 -54.08821028014916 75.76817935903745
0.06446976189107897 0.07473764288320738 0.04741672055236428
-61.06535570125771 88.620215919625 -71.36434232345057
0.11799467314026234 0.11755828918529575 0.28192574975654466
22.983075348687578 34.76345440057548 44.073148715877295
-0.6259179047244674 -0.1844461879354394 -0.4467352918946177
91.96300789485073 -15.122893353537918 -3.928977735084999
0.23163244836338048 0.18251413487385304 0.03997070155003285
19.180212154077836 -96.7098205590952 94.45350986986668
-0.2562883065580447 0.3782610453691502 0.15695220552109043
-97.48155538466841 -95.31043258012171 -63.31443822672704
0.5584411492111084 -0.5402091604106557 -0.4585906788531701
11.71005053659377 -90.58495540254212 69.16844839555901
0.10539997915723567 -0.20191977547755724 -0.0840528887298864
12.290274078490128 -72.77312498243688 -95.14283262260226
0.1009150248172743 0.03194570225426899 0.021021170529701226
18.86796473739018 -69.07357609900724 75.80211432853932
0.2923100825121338 -0.4315642499925996 -0.3745992531914395
88.39777456615639 28.337174741595476 50.0497746452902
-0.24989900454701516 -0.2824591847675277 0.4726296117836448
-22.892127778937322 34.58187011119057 65.68768716694356
0.18075127362659224 0.3181449431405813 0.41939678711483425
72.67607368182905 37.260237601322046 -75.83036866892829
-0.17350810131849778 0.3929607082319653 0.06016244961677819
-6.538769877073975 5.743702709932876 73.19535047710744
0.5980456354424267 0.5192944572952036 0.3467890135414137
42.460052181761995 -53.182902591009615 72.207310589836
0.4870483627285608 0.3116756000512363 0.24114062889811205
4.909471704702327 -98.63063261275352 -99.78572152940627
-0.28024756792185623 -0.148300041919622 0.20831581565256072
90.44689053994244 79.94443042010354 -54.62310817981712
-0.4432131752402737 0.5516513160136505 -0.3576295479659648
85.6028948818529 86.5256568261768 73.07045797099403
0.5630947295972116 -0.10625733566534035 -0.5329328118716394
-34.49114046129391 6.208814712510517 2.6189731692236364
-0.4905978999141843 0.4429134519271429 -0.21243914805782668
9.116207706369579 5.202973390206097 37.99945107263326
-0.26411178732156904 0.26242791089753936 -0.13701682521402908
63.16158634326189 -66.08490316863944 64.14698931432926
0.5817723631725512 0.05558627559851345 0.6600220408727807
-70.52407004559949 -28.129327450430623 75.19963538964231
-0.08151488828248978 -0.36988529359379185 0.5376092920603568
-57.391314679773586 -28.144224987961536 -47.90399334237492
-0.12039551219244582 0.10591775834199699 0.05164261642965243
25.001260308806323 54.59985203891097 -15.957264213920169
0.4829491776422595 -0.20352018484086062 0.4272132179960014
-65.58500441607663 -39.8034921819552 72.65452854587201
-0.10932846434908744 -0.19974559735350184 0.06168849200302814
19.084304475433342 95.45584204107519 35.60096516384277
0.49771921137886765 0.41132579508067085 0.27294276766157116
-50.10773591520048 8.6806995241419 97.3046381291584
0.17743596424556005 -0.02363763511181702 -0.005681856186644552
40.86766090638554 -49.01832882980606 11.566830816169741
0.7119796919046101 0.3296435467938135 0.3281959440503028
-49.7486709842885 -43.63465596747687 -81.37197239725907
0.6893883238836206 0.04971352669855469 0.07559828972144575
17.333266525210675 37.49606224854983 17.492911467835896
0.2235468174631274 -0.2730403928012341 -0.1963210798423423
-95.10163670774097 -56.052590152684935 -46.40590679880976
-0.18931398499305124 0.20346410000417336 0.1370109405663368
6.948239653474204 -80.4719241777683 -0.9578998750716607
-0.22805732911892115 0.3637682815207912 -0.17097287326471
-36.552597741141504 -93.70470935704836 -62.03488339815784
0.19485248881967349 0.3364951855765432 -0.22082484581615064
-79.04128345038373 -79.09804239774078 -58.975248053534756
0.06963275688907891 0.44554457796298197 -0.6976244844385421
35.670036320425055 26.36687206141505 54.538015410941966
0.13477955346722548 0.1926443240158971 0.29996597564309363
-19.0500610139827 0.9731850165974691 -11.689880788570093
-0.23335402550308665 0.17750463936462804 -0.16183304342572538
-95.91352246770875 74.57634075799854 -0.7001966347592941
-0.34158882673383256 -0.19488193701983075 0.7996290265558788
90.26174187170187 -23.925064561183092 -92.42045880948535
-0.3549350640373625 -0.2694991577885055 0.4393299317102613
74.60035520107101 -7.724501900559801 -57.394486725751314
-0.6585257450434799 -0.5624128716506027 0.12276515092928984
-16.66401387805287 37.190754645989955 82.9291328079315
-0.7628092101788373 0.05498553207068274 0.36741175687750816
2.6208755854121932 10.939436042589861 38.60464858065154
-0.3250719877100376 0.7349760266818793 -0.46393895382550837
47.75979098142355 -35.371414725157905 -8.294191962238258
-0.524938000354637 -0.32127142910567896 -0.3827326401384121
21.86811697334761 3.107362555137655 -17.004412984111397
-0.08188271348057498 -0.10318611572962069 0.00847257168414324
76.23798879426005 53.719146735907174 -99.54644234385684
0.07268851329784426 -0.06995350565944526 -0.010957487493059026
-85.62422836489014 -81.51620610761721 43.248983812015126
0.18443717936572765 0.12861385443264434 -0.12810648804304373
11.080803942644437 25.945764605513915 -86.6288114000383
0.4950247740100244 0.735361474060817 0.07892331986507597
-84.60885197924459 7.016779669670271 -87.2687794660294
-0.36336277785721405 -0.27773596642399123 0.060753800286033735
-1.7132885890227385 7.6323869907079 -41.01293997243343
-0.608753530475927 0.14369518039025123 0.3274083232711884
-16.99601975688813 -48.936352528120565 -22.496672345381256
0.6185381582995207 2.8469986458510737E-5 0.699728449372264
18.733814852689946 -32.472840114372374 -0.22910619827779044
-0.6308370403362201 -0.17213299270616716 -0.4858206854487685
15.533010953130443 -21.17583430440628 86.75994001971668
0.5251326948318121 -0.3217159826567506 -0.18606702274617185
-35.35048329454848 -34.33284181838626 78.54945191436491
-0.11659794532590122 -0.8054546325229548 0.4198264622649497
41.83561726491027 57.76453510005004 38.934500714262555
-0.07559821068419344 0.03423817056755029 0.25819028210525324
-38.02965893529924 -85.68732498483894 63.61916844054275
-0.3269661367667073 0.44185208998435405 0.5596008285334658
-25.02855860081739 69.04005742608564 98.3690740196399
0.6944783175735555 0.004958837245144376 0.09462382534812752
54.10646679476184 28.485127126808862 -75.0298065016616
0.5380613062776728 -0.28208424896070877 0.4653265781486727
56.948637858697396 -93.75918798398162 25.702234265509986
0.5318805731105426 -0.43678636720150454 0.42409622303128053
4.707637439454231 87.12021131860368 91.09672647870016
0.10129360918323507 0.22401113994680275 0.0464925583799833
67.50407578807423 42.82183728574839 44.38610880816793
-0.49519931994368244 -0.47250584543044194 0.34785764532144864
57.55523239999724 71.73313300614072 -0.20192782989671798
0.5802084537388099 0.42393779308328083 -0.01475794386573804
4.072423496518994 -36.66881894625567 -43.449262256238065
-0.5788008109245103 -0.42269183898587037 -0.20154843869696176
-64.13757130405642 92.70846117676896 5.261766524643292
0.126315940591003 0.0037905105399971438 0.15714297131239938
-58.88366789822781 -41.74489434606414 -76.48358876203405
0.1048344026838497 -0.14636664768530247 -0.17689171007215107
-60.22785087766482 20.152387937763734 -93.0693223259601
-0.7832031554271875 -0.061603134910324826 -0.23745798267823454
-19.991354237383803 80.26321474083616 96.91177535919982
-0.14927506355440134 -0.208222894456835 -0.05163643725020955
-77.58538210240133 -15.418564691971554 90.46926366606908
0.34379149123008107 -0.15500140728598 -0.4217347643023652
73.682084242608 -97.17398949502697 -44.577634906879716
0.07591629752286015 -0.09904621519076927 0.19721726732420272
54.495696349904705 -93.00063718979261 67.87859760840459
-0.1912989301667652 0.07780745615651426 0.10929369133206099
42.943029249463166 -38.74893572554099 -23.308947996472426
-0.1064705452658339 0.003802775371199704 0.02991488382299593
-18.63505363186411 2.8040261665717168 3.504199887283036
0.39332080423783494 0.5965212097083546 0.3002035532922371
40.990247283264154 56.58188135680987 -68.17280891061732
-0.25134721219689365 -0.09386950228286756 -0.014562916904753196
50.2205998515544 16.881990812460757 -85.81848951509217
0.15564247145250032 0.3418512148161358 0.008197044299583962
-16.465529614668142 -97.24846313097927 -19.457640472316527
-0.3498180807959132 0.7317332865586575 -0.4564366887468029
-75.6297161354702 21.09370660630286 65.43359467414331
-0.003148195743296054 0.023422613661430957 0.17840803461945465
70.7370096302939 74.0168120774839 -60.83548674663286
-0.28907559930695 -0.45390756164776214 0.4383580904698455
-25.40010847838836 19.034776526394964 -42.52569324724305
0.1316255443964699 -0.1030418562579994 -0.13574515702261458
-54.95966089270203 -10.391117248770271 6.347395072028078
-0.3144428775824341 -0.1643954699527716 -0.5486383201858244
90.67932276276201 -40.8161664310613 -44.67797932117061
0.24312592846438671 0.6963556910420005 -0.402704134317863
85.73695103344272 -0.6371411269587384 -58.855106813269444
-0.262258252826176 0.3342765254303493 0.2768745189862643
-70.58209412272657 -3.242997240984181 -84.26338623630795
0.587209395951857 0.33887870260410946 -0.22524694043486176
