100 130.3978977771254
1.0 8.0 10.0
7.0 9.0 7.0
-157.36683700175308 -119.23447770558522 -119.41962023823558
-0.7908061731878838 -0.23714308931119638 -0.3089573512147362
73.74762478131947 10.561998188772534 52.91993056121691
0.274312353814814 -0.5870384265373639 -0.2789305322528468
-90.30078430754266 -52.55711075132259 9.957117174841146
0.20025668203853486 0.04523811478327468 0.03143345859981688
-47.95623304957818 45.558868522180866 104.9858356438108
0.10293043357736605 -7.566090952358578E-4 -0.004723182372690522
-97.50385156656536 -22.111504166385977 -96.3467926927393
0.12387350816286846 0.31995164275618926 -0.7132306958005782
6.931456599738059 -20.120333622665072 -79.19813347964353
-0.219006601820058 0.32240514795405145 0.22851340157119437
11.076540378791856 77.57734990860047 42.06157699345009
0.15942793112169323 0.024762371962819784 -0.49558302442396707
-76.76504023884314 83.4173905551049 45.32901010463734
-0.27538753998393123 0.18630074555336354 -0.4867967417585895
24.366993484280826 120.69073368658746 -25.7722410904396
-0.659885319935415 0.4012748332618804 -0.28786091287817506
-81.68120951069642 -24.12276588151089 40.20310806736049
0.2759044661797454 0.018392509279139057 -0.0717958657344796
119.05218983199794 124.25763999550406 -36.40042702906477
0.135271968976795 0.36573865061899086 -0.5036044744584258
-1.1259708815079508 -41.59710659622861 -93.30128219040375
0.003521234147418578 0.2831233303570092 0.08279735315898978
-138.6309217750931 -36.20559198014482 -9.439090635869192
-0.2571945541123876 -0.2843188156271479 -0.6643422582624973
104.24516063725412 74.72361591451944 16.678782500511943
-0.05901809706211941 0.06385958448683685 0.06639574051438493
92.64241949998457 -51.55481688327132 -116.13834185638888
0.10554840062397064 -0.15538522175393502 -0.13137502617910612
-174.42121289904327 -0.1501614635617603 78.47622585381478
-0.4688077426234469 0.10728325642573772 0.11867657184497742
128.6358303074417 82.6917535068528 27.221555607996038
0.15502230038171785 0.09266358335893883 0.08442126048706099
-31.957949636298835 57.848235996468354 130.03583074182882
0.0044674421578899184 -0.04528516957944851 0.16134701270454468
-92.25362843318091 32.63850039024523 104.28567131077564
-0.05689569377131665 0.05408142488939579 0.06610028582333527
-114.85319268617472 24.860759357523776 150.02151676931868
-0.19521440449333552 0.030790588344407926 0.4402580914588798
200.18973642115438 147.63996488679481 -0.6971024974900644
0.695069060671907 0.6002093764069028 -0.11070510291072007
-36.587488185952004 -58.648963808147116 -18.220981155727404
0.4460638793936436 0.16745748128496823 0.1619530084395147
99.12937941562501 72.86212974243728 132.28828330471708
0.43188939520112435 -0.11345976057855435 0.35093250944272103
-68.84085841523469 -39.49618031620132 105.80568792802825
0.1076696637870187 -0.5138903704492229 0.06878078335104014
-19.38414735424938 151.49809669630474 128.46964465624058
-0.4208917357939989 0.4963730470485798 0.2901766251898911
-7.069202239561754 141.15805545189235 162.8273076851504
-0.15185105361885254 0.4540960135968774 0.4769752034593212
-161.30625211158744 -133.59336086274652 57.56038307098345
-0.34982423290465303 -0.5637701707502722 0.41719326157981523
-103.18459888224251 154.96617243414713 138.66414160111896
-0.5991513763217939 0.6703220777936704 0.2299288639345957
-142.82260916717655 -16.549824208867037 -77.11919499077429
-0.1825432371410578 0.25231702115861393 -0.743358140916958
50.369714333919504 15.21238471449653 176.5889951725745
0.5732053025483012 -0.4039572884368898 0.5211568073735386
51.46625367859053 111.14961840932668 75.11587578446031
0.19207568716012294 0.198929753111625 -0.15329167130979277
-35.83356776620238 -72.3259868658396 -79.26745532616917
0.011411634677973969 0.11272231775064205 0.07963402041937169
161.58463404637183 -37.85668360870042 -26.892418363579978
0.36431453953463633 -0.4128383796291237 0.2624064753107923
-95.01453181516725 -69.2739365310714 -69.5796640843739
-0.27385088003843355 0.14582104212238134 0.04496468334350641
-3.258650188535057 41.521478392358844 168.31056116348003
0.5820618072839702 0.08040957558630708 0.5325649751495355
-39.76576576017982 -71.49040272543209 -76.70187729284605
0.10323913203651405 0.12884732910882482 0.024091071698670266
-120.97698371098508 -99.4886586107148 69.49640070785846
-0.02848991480052653 -0.3315656396391328 0.4606809027274025
154.5202305127014 52.579869115450734 29.091356955695172
0.26765422815172196 0.06592659366420979 0.4345763549016646
-47.705961304000354 130.12348867912038 142.06325460656814
-0.02428386555051659 0.5613092220789718 0.25715838268426217
-99.22428118071636 11.591177760500873 114.4672272074306
-0.056286372542375264 -0.04994293895656133 0.18198840254107493
-45.893806418650016 32.87886671685316 -24.725678954478155
0.46105068008364974 0.4371106929655335 -0.3866904520207095
146.49532039139527 154.88067144198024 174.77886717005566
0.5577084812098173 0.3908542343576182 0.5494640437896058
-124.75601717122765 -23.83269497613213 -96.53213400800784
-0.41147456961373774 0.3939945638806921 -0.12018667856587778
4.688960673806207 90.89233679339173 -11.67495732771308
-0.19841899706997415 0.011150815834244453 -0.21699387373008108
33.246496269650535 -12.562038148304353 57.10228750882979
0.5261107648331036 0.27088043598623257 0.3792355038150383
185.69375257445148 93.67770343330423 -72.29428289573576
0.18630274221811244 0.15455473665474168 -0.10671738650038483
172.23341752218104 -79.49414876729247 -10.285968295544095
0.28576064080077457 -0.2612818702868206 0.2888846387713255
57.1628194069304 136.2832249835447 51.597130938507775
-0.13571055929256934 0.17560040405339467 0.08601979940481483
-65.47197101420096 23.574845300219422 -78.32513697338823
-0.3010769614228653 0.618301812846316 0.12780055040560154
11.101611583637492 180.6268446313966 142.46342640227292
0.1482547030104716 0.6552250740266506 0.21381580703390876
-98.16407813991536 3.4679264787622373 -90.04031262712027
-0.14978476117813574 0.13404853340201528 -0.16159910047946546
28.5493072034468 61.26158252466868 95.47379613155573
0.029318985541992856 2.603815632827107E-4 0.10726992251555754
-46.1798772360567 -0.7512587854397736 7.089849853860983
0.6511368619736659 0.13583028272846692 0.3634412197449929
-69.80538749092425 -87.49887371618586 -39.55393544341612
0.13953532669626745 0.0440685770948833 0.13209724986538007
78.26999136764147 -72.3431035892681 -62.76781896268111
0.17209734545632832 0.10558283045208082 0.09972346475392055
19.018780989461632 49.170861166362045 -20.375736754429212
-0.4905757360208543 0.5681198597137996 -0.5675887521727875
-55.25383062311013 53.65243649214554 34.946272105268406
-0.14300489909918568 -0.3737031901466078 0.7086752202387743
-88.04858114460659 87.11083075525167 -59.66246171308551
0.42826839015691953 0.40741442516238596 -0.38587075453535585
44.76234948595163 18.65696306841545 71.9149227047991
0.0400207823639195 0.09768640652789877 -0.2396474497471334
72.6800121838456 -78.30845577042177 -89.25421800253596
-0.49012266794322995 -0.3755572768055945 0.37747271492836726
-99.05800993059428 38.641814925924706 3.5193719075036825
0.2826491631637389 -0.15202051550411996 0.3703764444581868
-81.22135368324743 83.08120161673443 50.04156839797315
-0.28211810143262533 0.43941189144576176 0.48095115948283046
13.956899728302247 6.383151531112333 38.467142950053585
-0.017374568095516824 -0.4443264271518895 0.5759726199375373
8.633102397185866 60.089927133974044 -61.93058311917468
0.06290975035691594 0.11932885476046622 -0.019920883048202494
17.504430517840873 -4.9289240239351955 82.80339851312746
0.02858094098861579 0.2328960362217867 0.02841019440854342
-8.885565456292383 -47.205352989113216 -45.078473253440656
-0.06441417168844422 0.2844032989523906 0.2401903318993133
-95.7872064948885 38.94250554142249 -91.14545505986598
0.40330740625400285 0.23897274798930312 0.3865931752661888
-36.30974643647675 34.6920770070991 -42.3058090175362
0.5753419435894275 -0.4422125218984605 0.5494876228539658
-99.35798506649635 5.864992111667178 -36.51323174220307
0.07843003732587603 0.45320750093272416 -0.21899060211836913
-15.131588240448892 47.69689012071359 22.36378824258489
-0.06477592728388347 0.05244056337882702 -0.09957468776254483
-37.93246319705141 -89.68318505627673 -83.21528614983615
0.09124824524133296 -0.09589495699415644 -0.022362087143357485
69.01347418929274 37.81709257538873 40.12973849641929
0.5345186937815497 0.4217128038935482 -0.48614332829697
-25.27771023198531 -16.007656752128923 68.2771015939085
-0.08733489434064949 0.2629849013593035 -0.12040585764516727
-43.9091679633951 66.26840930541624 3.8652108006339745
0.0763265328700373 0.04215494322972335 0.052272959919439844
46.088119913861334 69.84463035541077 84.00892669245803
0.4642483012102446 -0.366261094533912 -0.23609089713072637
55.536688446884966 35.26678461013623 76.63485121059949
0.24799402284154512 0.17880828530918988 -0.051083054201993314
-14.340441456409295 47.73433831591649 40.50081906537724
0.3783246065119022 -0.6134962227078395 0.16311606082949895
-54.35156782265216 50.440859995741164 -44.426766417908794
-0.13609353863789833 0.06763116308245361 0.045814686867876174
-21.020859908349408 -27.400329055534428 20.644581593322584
0.12608822116691693 0.2999719060395779 -0.2439158327236921
-89.49542242380939 -62.060301227673435 -17.787080544520848
0.47137416147881317 -0.6366847787037098 -0.15505841169619067
-86.608727699926 88.66884458203441 28.464500225501013
0.19279331125858465 -0.7654701326087272 -0.11423893337360129
-95.06537903297283 29.361833173803547 33.00472161687907
-0.12053934665850821 0.04029907537168428 -0.4072836401100827
20.510599063058407 7.081599609394274 -12.165639656681535
-0.5722084559003754 0.3453497246628112 0.4930011807694792
-85.04859503664156 3.0406088828143396 -12.653952577918972
0.13887166486928548 0.6373792905781624 0.3752026547492703
-89.1254198194355 -15.987931189905296 -28.23716871764384
-0.12234250127838507 -0.19180203638162435 0.15508265464614782
93.44005193294112 -47.62126331184984 37.07638308896043
0.08070863302806026 -0.3232802949940465 0.3333996148977234
95.25289425796674 14.04854861688942 83.2414826011481
-0.8677158450319756 -0.019493309885546487 0.031225345590255128
53.92406442902896 35.48220743294513 67.81900456724301
0.05503965059336309 0.13140381540681836 -0.7448675145976777
95.45565774299928 78.87047559442715 -66.37837053742786
-0.24134114388116934 -0.5973281562074678 -0.12088129148257896
77.34104726633416 -33.787628819429955 57.97628241563649
0.19286629138515726 0.11382601644053374 -0.1625705376293253
89.69085582065594 -54.42266303830261 28.56486362065891
-0.025782632588576986 0.19479795462453245 -0.25200726952654806
-75.06037681049764 -29.78418260294815 18.40362612247361
0.29235378960551955 -0.030159726223761403 -0.45878195916488973
19.55843461199393 54.517350633618605 43.150422976216134
-0.009534806757502056 0.1110947446980362 0.09160065504538543
2.703975225548376 24.212337716872185 -56.06165859126557
0.2739746489766563 -0.44707066219100505 0.22780386905926467
9.429546264583095 35.364351396946205 -20.153120233660758
-0.24696627305514526 0.6232589613973601 -0.09586130037207273
0.4818388065694279 54.84351830624169 -8.456988128627103
0.09747333685321838 0.5837243229647697 -0.5805199466775895
-5.9669176695449835 -39.313724730932705 87.63744173346711
-0.7514380012677302 -0.5332503932348771 0.18249969081405587
-14.568860983603287 73.52315490565024 -94.60606934626095
0.05283904552319169 -0.09142869296032212 0.07021093835975614
-19.18541696942073 68.83559038553571 60.743228634405654
0.6600372011192684 0.050914131727194056 -0.039827859529726346
-13.012884203298896 61.88759677105787 96.18082080474977
0.07469445772593236 0.10081822494795202 0.0023518289695213168
