100 71.01355776546679
1.0 8.0 1.0
2.0 4.0 2.0
-47.73472400045462 28.980289231623154 -38.37062078972047
-0.12386791437044087 -0.22331758583607556 0.007995683305661343
-27.161059352166117 -2.823997239167494 -69.77598038082267
0.32330978119482223 0.021304810460316542 -0.27678578322400166
1.8575400291146025 -13.493378996624637 -91.11389254370836
0.7288654043127711 -0.07864112842856498 -0.5803413936324253
56.65681791340203 -2.280409244598055 51.488112420151786
0.09076621227389167 -0.043010363932861354 0.01798144193016821
-35.82309775304153 -33.60383323978243 -25.497956804705304
0.050773216698151984 0.14602605988300768 0.19616997294062308
-45.73184619136971 2.688807948602701 -33.9339166734114
0.038937910447736424 -0.22141582174003996 0.20507420736335905
-17.520696972650665 53.368753208303914 52.024743702367076
-0.5587754819676272 -0.14582639224576277 0.4205507602789909
23.28771049529059 -19.976789545210682 38.209171745755896
-0.3742329554450968 -0.16330488278595126 -0.16411165297852082
-33.94583434766305 -27.602484856143057 -37.556240765560744
0.1469988812280415 0.07896604241768392 0.09615779494108741
18.933501587838606 63.1471787609792 67.99194088579155
-0.31881788788455345 0.32839791850832156 0.37201412844641246
-47.65056505973562 19.562087462736272 -31.756679237253962
-0.06415579026817962 -0.2378179015784777 0.15965901809522717
6.109406309113936 -79.25716395782584 -55.64869798999001
0.33080108305638734 -0.17790814044772552 -0.5388653051996355
31.09479525873536 64.76600826903675 24.183579332518118
0.1197127293028443 0.018966420705641706 0.022390244080478794
26.10126802786519 -123.08400735208622 -10.367014050283263
0.25236647975533755 -0.7466038100335394 -0.261173233303267
50.87525065116633 2.4435628284136754 86.41848799222697
0.02306487842087436 0.23069628129459088 0.5235782797976598
16.65711547198787 34.651389014482 63.49920496471775
-0.30882380305387974 -0.1519381837595204 0.3507979785703151
91.74884173860343 -49.32663535892404 12.635245892752092
0.6776563122980658 -0.1994450741050236 -0.43640695020085274
79.72322139355828 36.52009537251573 56.29387719593112
0.4205472939565443 0.6330526793408658 0.09061953178180315
36.981169966058374 43.72829459191579 84.70201592129807
-0.18478395936916647 0.5493698484304382 0.48721231087608924
52.602885540998116 105.19434650760643 34.76321035349296
0.3212450131093182 0.6763178606085868 0.07002995293132472
69.35174248879999 -88.01135267777869 22.72094509692692
0.648331924241036 -0.35364999684434034 -0.008314480462111858
1.2676273323940777 -24.53776843920901 -13.187448158872566
0.2792090883360012 0.5836478612096269 0.07565534527461626
5.205296808301739 61.19480014852012 -75.90784982037829
0.5373635720758327 0.10722089986811534 -0.6048570007416664
8.516583671700936 -71.78350749737676 29.165366573278902
-0.1734276340377288 -0.10096109541181507 0.11734476987102554
26.29324661457413 -41.256280258294524 103.9753528534027
-0.18942219675145144 0.030198601557019533 0.9044830895515626
23.980003307825438 -100.99276629002426 66.45355815549013
-0.004579345498661442 -0.5471107424958165 0.5935255260800889
-68.84897740687455 44.30331668347328 -40.998795914573925
-0.42054598697683454 -0.0064126276560983 -0.028364798360991178
25.923007989683796 23.508902588638637 10.007398351230034
-0.08824119627984367 -0.4364587358607548 -0.31236191546726305
34.265390926500096 66.58709069255511 -107.08827625279284
0.6634684381168068 0.18631477368438068 -0.6326179466015442
51.26992577767251 169.49427035311425 -92.07135055662191
0.2388257199490349 0.5645947605468016 -0.5732322513660545
43.17522710741392 87.95601126764358 28.49085043584335
0.06731456345092461 0.11251147781541104 0.007707809488736254
-5.084258003828925 -37.81369524540222 45.6699468299736
-0.09503303257202808 0.2231433577784947 0.2572495450419762
-173.72455429817532 -95.65523808372595 -64.88434149965049
-0.7482857660595068 -0.5344061901519893 -0.09028050172941393
46.08296073824609 -123.6682392057835 -109.38198524345951
0.3889842424540317 -0.35029294943025363 -0.5680970999209237
-12.223939083012311 -13.694345355281406 14.035037187082516
-0.0889596815966491 0.13556635496612568 -0.01882445429923539
37.35032385637967 51.9310297828017 123.76824080145639
-0.0531445909661113 0.2088166257609684 0.30415624957327636
-25.622089951293326 23.935453637307525 1.3822059485673677
-0.5410948705075639 0.5676929204393625 -0.31605812248422355
70.27328316083776 -65.86527325850727 -18.986036738967073
0.07195194228283396 -0.08968025813603919 -0.1751782450535249
4.161499730655379 -7.211391935603359 -71.16039005409922
-0.06072988603473109 -0.13601067590521146 0.21444430526682076
-71.41362771753953 -95.65750577112166 90.81473448282614
0.07317860809940901 0.0596547432212155 0.03415095755964394
6.176132801813353 47.429334243018616 -19.611608256838323
0.4783834281392463 -0.048575649835526286 0.33314603046187125
-13.744206227196145 36.1012705234958 -84.15890115544921
-0.009443452287455275 -0.10047211298677415 0.22188311950184642
59.11012718751755 78.01781288742353 74.29635884469545
0.17710511493874811 -0.019055119444429974 0.006768216376360035
86.1211115314945 -50.685491535387285 64.14448456449065
-0.09141939293175894 0.21895771122697222 -0.24526455345388298
-83.63520704097846 -58.88460646714042 41.987684895204694
0.2080324161009863 0.0990471411720737 -0.06590762355559303
-42.85774005380656 0.2468062656472796 44.307567931915145
-0.01912734162320501 0.09968080082080238 0.0899838469558158
-56.32536621991313 -47.43279557234465 37.88874463643387
0.02519842736910129 0.1481330144113809 -0.3152198574324721
-93.05300701916966 4.360683214588164 -60.76400905518731
0.16166570549126155 0.1702032518583649 -0.1932078393302637
71.58237181964299 -95.28605645894692 34.822448841340105
-0.18847252957179636 -0.638853438934944 0.47013513873333546
-91.34849895090204 -69.36440423806012 59.25026284439832
0.32816458014578553 0.28770066793962795 -0.35613299504201196
-77.38052537893483 -26.824457388877818 -73.71487088863037
0.4968922115385594 0.05558390132360454 0.23920363455411298
8.17650538454214 66.51396380560888 18.902991547184
0.07096947812575917 -0.017608504006576844 -0.06900137074295995
-18.177153571335467 93.22222357149363 82.11706021750024
-0.1392379986953698 -0.1812549772922589 0.11705932015361853
-41.244669457889984 -47.076131224361696 -18.22045291473846
-0.07333510821918723 0.09980631273208121 -0.3006613482716739
12.80775261258016 -40.037009125209444 -82.59567794286875
0.39589241804473163 -0.12730048343882722 0.26157464340167663
-22.718242240000436 -27.32198175114003 28.798012644098947
0.3085986903801257 0.4509604171501943 0.615683225820702
7.178080344660344 -10.123857896958683 42.924537341919915
-0.6585864399706685 -0.2720345714403413 0.20376468361652467
-98.5376084600831 98.71722720809902 41.414668360734765
-0.08174509896632437 0.4546239089799852 -0.32252271074446465
56.79677966939337 -23.723625293444556 -2.7413126136505213
-0.7621485290569457 0.41752380834074376 -0.09044221802279664
-98.44105740432964 -23.953528340810237 -14.281427745834435
0.1913934280824661 -0.4072122906979042 -0.6509824366504484
-26.187036258304346 -50.253090667234424 -83.6054164041399
-0.5058750892270906 -0.34911196705814374 -0.13184970882682553
82.86112230674908 -21.923552044243166 -63.57164593458684
0.06151913794185953 -0.15238976108493577 -0.11685651377401851
-34.89973045178327 -9.857822843153812 96.6125865910947
-0.07719940994610534 0.20397219689474588 0.02049664249175835
18.090463721165406 49.06067161231252 -83.63209416516568
0.4059631467110643 0.38260765965180854 -0.1814351823637052
52.057668848065475 62.25290006282697 10.327607629658118
-0.32493374245495416 0.5577968319595873 -0.6529734993758304
-99.44058717172726 95.51074652599553 -27.890029316539298
0.519406131833213 0.4346923820600714 -0.15647857637305523
18.338567326505853 -58.94141234484391 82.47883098487753
-0.4067428732828472 0.3166274850069802 0.24010336350576728
-11.132864855258376 -76.40273578425882 27.107133055251637
0.3257224124343237 -0.157272387773577 0.7339490132066452
-33.33893842917277 35.634932079218544 -8.521642758507355
-0.26741646089858084 0.47814725028665644 0.015502360053681833
59.85920860813698 -90.38718713746195 99.38338758213476
-0.5967593780487165 -0.17305238176984442 -0.30679873262626645
-59.804200711489486 24.682258302428522 69.10544551853184
-0.5228968779372857 0.16109442099017376 0.7175320430970743
31.322336437579906 16.079404949044232 3.885905351566919
0.4180052736618715 -0.5818247429063514 -0.31860051847962995
-54.1504335270838 49.01215666742053 0.6607863701895553
0.03988827635561939 0.044542172411437334 0.15101927197132475
-24.096729513602867 -80.57114579560971 -47.077230310532855
0.17961845373406382 -0.33534282995195264 -0.6344023409559191
4.330473364544616 67.52701822772323 -97.42324558839732
-0.6629246327807318 0.025399132734085908 -0.13148258908179375
-8.421518173491506 -77.7485072027411 86.96763734010048
0.12457035500812022 -0.317024767878207 -0.4199448459833116
1.625985767786858 -0.026713577496778385 91.217004240535
0.2433802048711108 0.23125798448161433 -0.17518613860457408
-37.578003442121876 -47.039412759271485 55.28287385998314
0.24252620764624566 0.3203300788535516 -0.38423642015641024
23.3616122309989 28.55161312588976 56.80444038101328
-0.1336801845764607 0.6763069733266815 0.4075318621937654
28.053372812291656 21.91256639361889 -19.230021411773237
0.416664621897055 -3.769919531970681E-4 -0.04819255620520125
-9.69892330868882 36.79664164154241 -26.298712497767184
0.39879522900409287 0.6392338180488526 -0.3280972213642055
-5.1516052244431165 -67.63520535655098 69.37783934544362
-0.07286929268086903 -0.09336577904448112 -0.12690135485237608
10.454680324162283 35.73411319126819 77.04984027008621
-0.009671024878248776 -0.45985039484831475 0.4840945413268391
58.738032420328324 -44.97370281649149 33.95960557093542
-0.6652193802054207 0.42605065006842685 -0.34816960591786894
-80.99338839762555 11.147240828649856 -22.083007336315546
0.02785468642012061 -0.3702299928622178 -0.40625958846482746
93.68458460777376 -56.66058157457285 -43.798853892863136
0.7532724364853858 0.40152643663314813 0.2437552908638533
69.45717870082021 -15.684257095661707 -19.796522995541153
0.0255275518358822 0.06097768843486926 -0.24165494343439597
43.31482875713445 28.4348348675546 -57.788744001944025
-0.752644646239096 -0.10000078275153576 -0.3233101184871846
-63.10657628122491 53.68038137887652 76.6556735718764
-0.2769805657412775 -0.28733531172075816 0.2543490202689188
-47.466038115860144 96.57850805099244 -35.2746342647587
0.20007524871908225 -0.5673199900973429 -0.5202051287755948
96.40738277235036 70.88048847171416 -87.01743511337023
-0.016794122949142395 0.45305681824151667 -0.8149070675564949
-72.8716851346455 -57.33546558240072 -77.36684127324018
0.2880715565704765 0.16698177387262209 0.08365128584184912
-20.97409868502062 26.967233059362215 -67.42867372747247
-0.30350932524711477 0.1306219005793637 0.18630393758450153
79.69044323540896 -9.295425925390248 -96.62569157915613
0.28701322290504455 0.03550692038642976 -0.35383920249328826
-91.73077152146783 -4.862389100138472 50.50453234344732
0.14601244025395319 -0.1695575557570941 -0.07134037526361359
60.575399495712986 -83.87008128303765 -66.21931164346293
0.14619182452266133 -0.134117146149373 -0.12413485972710112
-24.516378410497694 -41.016065046758655 -11.787625790668343
-0.28180948356140634 0.06506599440711626 0.2671348320701619
58.836150693886026 -31.86126683864319 -19.44451712280309
0.34214321296537104 0.42163100700355427 0.14425675908684518
31.161316949337646 -67.96700747629798 23.617411870265357
-0.29179934918227973 0.09344968983740742 0.6417531294784954
29.14530080749762 -41.31654112997729 -78.73948064646126
0.11739580083164429 0.0013513000639882526 -0.08377270029863461
