100 124.40683808092307
7.0 9.0 3.0
4.0 5.0 10.0
5.040486480032076 72.23167104862412 -30.973064297231602
0.021884428391184013 0.5392921183579387 0.7500064473372626
20.92073414746396 124.21037151976256 -89.35326793050228
-0.3243069299680775 0.35156576944741424 -0.13595341093756372
-67.83863088660996 -18.101091441395248 36.69849622044795
-0.47937769016745807 -0.04314601482267119 -0.6975738231962135
-115.78778324782573 -35.22862053468956 -51.21753418884217
-0.3195004237535867 0.507715437565913 -0.4418276623389174
54.293475162059636 104.87231703522093 25.760584335703562
-0.13869984302631821 0.10539161759425532 -0.14677434172677553
-81.93692621791376 -97.41195970677825 53.06784529253822
-0.10279849994779325 -0.057285235636274225 0.021124845878771698
-66.5681536213423 -1.3489000880744833 177.59262151519573
-0.36543268369893667 0.22503210764748033 0.4706547714068102
-19.55932401107937 -51.89062361970977 -61.62905819058415
0.2204541749032776 0.05756113091349274 0.2996353365251284
93.45511007872064 54.25191949102702 44.97327716454855
0.20434099164004854 -0.26312849248996206 -0.09897639767440215
8.117027753936199 36.119078536333205 -27.96897585398453
-0.3159019302766624 -0.2158714118676862 0.548800246386739
101.80601048944908 120.97849024579317 -4.069314025086458
0.21328102602436316 0.18772787097514593 0.10196464943848553
-39.935263938350516 -82.39844899923115 140.79065766716894
0.0198601472476262 -0.2073718049979924 0.3090028151235629
44.02863052389085 -40.46908690732171 72.03945368013932
0.8493822712477608 0.3253249662680183 0.0035657367245211977
-77.57243138105511 -29.370072829695157 141.1598495775873
-0.28871622499775057 0.2111782265731198 0.3052937847475065
39.75120126039867 96.72560026657644 -101.67693501588857
-0.03911334159853694 0.09242912110656105 -0.03781864132687392
107.84350097657548 91.21706849287023 -173.11707629361297
0.4021471310945104 0.15663410498625943 -0.6182517459571143
-32.32609210858 75.62872019063079 78.51375675767468
-0.7672720284000909 -0.14159794314338367 0.34808573090640765
-148.20635533488232 -146.22343010606784 -48.296624978674885
-0.5366305598606109 -0.3593093900035205 -0.5112744484280822
-25.35722852926223 105.53105812208565 121.03841164677196
-0.2682493365951802 0.0648698392241977 0.1659089723394475
53.47113032654702 21.328532650079595 -1.4136833933197526
-0.06532988712630934 -0.22265863069394953 -0.027594828857622097
147.54438673522057 -94.3133325795558 47.685852717595935
0.37125909068842444 -0.7275925257702192 -0.12573107912590023
193.009821459951 84.56579327089554 20.001216292283203
0.7985965939241342 -0.07553347859552198 -0.05121560489420794
121.81560560638607 13.850308776658537 177.1415871342254
0.5211836004263465 -0.4013820010944062 0.6552188596956587
-52.17783217686012 -7.260794067651261 31.809714510961598
-0.03758445603723904 0.3130895547039301 -0.38903023124181924
0.6964846422393265 -71.78189689202625 11.829260456793222
-0.11625826896911322 0.1620427149078066 0.08219794015273572
25.705696173349082 -71.55715175056487 -85.22228372470838
-0.059460797580161186 -0.3405520219407526 -0.5803157386645578
93.01770850919155 -55.70672483225341 43.55401921096055
0.6341232308060533 -0.5720512091763293 -0.23489847141314787
19.213623531973 58.28742094738993 -38.8580723842489
0.0010083987065794314 -0.1055511765471729 -0.1046415335372353
-19.857386235036472 -47.58748093951777 -76.80315434392107
0.26908237472547014 -0.46512860829259073 -0.5544714479862031
42.350063512603185 -69.2141153570071 -34.72358308925236
-0.2759933829289976 0.09317115671845766 -0.18532395048489717
53.23910117727351 -84.25182956490163 76.93048295736062
0.1793758829379515 0.1043987875172761 -0.16328958916916678
-1.0180283809640684 -56.99767363134845 18.951248223416897
-0.04064038222891175 0.3347158470711283 -0.7204504263274918
-38.23361848547102 5.628056401294884 -97.97603217670469
0.07589105297079514 -0.04961469753598058 -0.10635532934878084
-77.61651704820571 47.4989518265852 -61.833320164885606
-0.1544168206797537 0.14272453698712564 0.20385077576672792
-10.252695989368974 97.60566407216518 -98.9315995556315
-0.16756736547037324 -0.42579431137607543 0.28618750987422725
-21.585758558064285 95.90923015748149 -9.953539636296213
-0.08395800490056958 -0.40161502582831904 0.2913323565706615
-38.14814695689126 -46.042779590667934 45.38988822907518
0.30542904661278125 0.09431439601140673 0.40870903773813205
-23.003146208701963 3.6493728943063957 -34.3178434638219
-0.1013407718728074 0.39104051495593395 0.3060931251736523
74.74564580208443 -10.012099034004223 -47.75150947370377
0.1767145045891855 -0.19409323379745352 0.1861290143373616
-68.84662126594151 49.36000225480862 -50.31402056168866
-0.5821609252540987 -0.45976975847751195 0.5046408106791702
90.46436637004723 -2.5065056048157146 31.14103922100955
0.36169357743676855 -0.43082182514856326 -0.16510645325239898
-44.11792084764239 -26.59573307745329 -0.3015458044081498
0.04474493734284958 0.20667801972291142 0.2983059071805433
69.93133105380477 -63.02069175194029 -5.747299202336791
0.04687904488908341 -0.6154747475622965 0.6811541773580922
6.90452354726574 13.995503068217857 -40.70817714747545
-0.11143035691988723 -0.5109042580411478 0.3387400545196319
51.49477681254106 -21.982897834587618 -41.50727509144103
-0.4619240875484077 -0.37311958483912583 -0.33651084078318744
8.469208113570986 33.456727675046835 -54.45061575089554
0.09069552883843453 0.21378831583672706 -0.0015139217243633424
93.80834247499453 61.390728610698204 -40.71814748365546
0.5280157452812478 0.005652601149728279 0.5242287716916382
90.83159834793096 -15.39544995114268 -82.26968209128816
0.07756702769263658 0.8970816311962396 -0.10079919214590223
-24.956112209388493 93.49792544801633 53.183011661024096
0.2826666536502894 -0.38620597983248767 -0.2610579660007753
18.624870116937345 -54.34986991551452 -32.70698556271496
-0.16849443792579794 -0.05453509936935562 -0.3604484958052879
-49.087135873458095 50.31537445523438 57.827200463430444
0.26150363047741265 -0.37107672285714455 -0.6970689700562837
86.23037989896517 46.15594907690982 16.048791854508025
0.6558612585139887 -0.45236859160024095 -0.4406978492390876
59.52540642116918 59.530428038451106 42.94067530898212
0.006943555235963627 0.11549925509395498 -0.1279501944816281
-84.73664024974998 38.20983168041815 7.768053821269703
0.24504343268002987 0.4847738290025708 0.19422131335083268
-7.997115221864675 -64.19711729234645 -92.4231984527431
0.2436636154401899 -0.2582815639454909 -0.26180276273930436
-66.2878075032418 59.85615008860674 -99.0720215166981
-0.7630000514025128 0.2550049816897345 -0.009537428836949828
-9.537609355994519 67.14385373038024 71.14417646675025
0.10675845336242619 0.006191301214796459 -0.12209553111019401
-30.250495077894783 -93.98333501665499 25.109625554391428
-0.4489651571303921 -0.184206375333645 -0.125895025183629
74.51153564224569 -46.45789392873078 -2.71747076399555
-0.6309047732542227 -0.5507020776145505 0.06108663822887587
11.873224498061944 21.644844722055097 -29.88824950794087
-0.3331889373431676 -0.1804184424172229 -0.00974361780928409
33.15528916291467 -45.10871422473335 -25.979583786413073
0.22504327739746047 -0.2564282934008547 0.34646452650996884
17.570295226953746 -21.13156355361383 83.20273466752636
-0.02988948007588482 -0.12708605784396457 -0.02929554593310164
12.80497462372577 90.83993112062353 75.93793074503756
0.477695238374141 -0.22200077691562747 0.5136411363636066
35.94377478692971 9.293937542816977 -59.46663423099841
-0.2312338796221663 0.3861456646042376 0.5666744895715115
-97.97317865635962 70.27283813669376 15.178947554036611
0.5122676882286782 -0.4526389110820697 -0.5690097312362533
-31.68884857800049 -61.85648052654265 -94.77402232112912
0.26385773804213253 0.004772229425549501 -0.3866885757309337
-32.843438221551295 -94.8244850766833 -35.708664342113906
0.08584103289290063 0.35709415586061644 0.15120685001017087
-12.944043691765344 -48.782092354841566 61.59229474430862
0.14151968092589642 0.047384386342850915 -0.2551154713811748
62.02066520907016 -6.1454487498839825 -2.365376965495102
-0.13952881008915513 0.026304224954778816 -0.15998130151349627
-29.952000070298652 -94.474413326772 -71.62792049255708
0.1112014568940447 0.07427223613062896 -0.028550805981128996
-77.2009405928254 66.73512256562967 89.76734819062855
-0.3456767520750492 -0.10481137263323737 -0.026869005729333092
-75.77810244214069 18.3605580526429 14.05509517170617
0.21260436518398554 -0.5233963938881246 -0.6050660451131744
-5.461649874197022 52.51051132078945 -30.130412816253838
0.011913043932919745 -0.611825070005696 0.5593044279546995
-44.72083944314211 -58.92719491861826 76.64488535535045
0.11761294629278175 -0.23704569451957164 -0.5019000179196431
-40.868828445917686 36.216168856993306 78.38913531592013
-0.053252575215853484 -0.23527372837382604 -0.2699489646355483
1.3217204687876887 43.24544613749947 -58.4607032606002
-0.002420338960380909 0.056997142567839665 0.13957994608472987
-88.06063329143615 -62.05649022120949 78.58708009760738
0.3078479466864576 -0.5803549179060807 0.5782019573720426
7.643742303205926 82.81624306908662 -81.98373001946413
0.2066257829261559 0.18183960193177465 0.055161166903524766
-23.257730982899645 64.12599888653801 4.749218645438205
0.3260819442293952 -0.4855176477510409 -0.40735850635666904
48.487412844729874 77.73266324385673 56.92903212166016
0.012049652269690495 -0.14206257817563414 -0.1364881364814973
1.5641803294045502 77.26733094068393 45.925009275504834
0.7292121494831599 0.1054784667910579 0.07448828743269409
-46.870983155002044 -25.304586420216907 -53.32300553144454
0.5059110134790776 -0.05135030173967792 0.5383629761124831
90.55771215441314 -87.14395235277009 35.19859630576235
-0.21919287600315163 -0.0223689090505443 0.24813434573609933
75.37438901662148 -61.381189574548564 -9.967473899810216
-0.28294130190230016 0.29365672367469037 0.11409511281568717
-42.80631423586048 92.13630826143392 85.64834739958133
-0.07899591209793749 -0.014722332268040653 -0.07573491377097326
4.739415006962616 38.6388382664783 -99.46304244738604
-0.5322934815558605 -0.09200956998611795 -0.18109455891226517
8.457875832200742 63.47088011055979 -47.05547009581015
0.7876318781672526 -0.18824913664575482 0.22335462375642126
-82.67557150894518 52.452669946128395 7.537241325746734
-0.5956029998441927 -0.3171122736577612 -0.03907277881232024
-26.47275866387737 91.79500764037445 42.406568815132005
0.5234436583169171 0.26920375284885073 0.5835654496721713
-92.20122987098311 -42.695014329565154 -9.205903111509045
0.24819469581953826 -0.5670558003603977 -0.3352723591822959
16.579096075730092 -66.397709896973 -10.641213486803622
0.3143311064010325 0.042110922310383374 0.22792033527711184
-19.7821898493674 -36.46348300311577 48.92070559412909
-0.18904288962019242 -0.013358750509237247 -0.27509432076242146
90.174139966381 14.876867949439898 -81.8229116065093
-0.675588537611874 -0.3473899691079282 0.3975716921944466
95.86513542516056 -29.716523192063306 -25.10747088443594
-0.44326954782273376 -0.24989986278431192 -0.22423284977680644
-69.75037851322448 12.3271725650945 35.400901247348685
-0.23235275935606922 -0.11689275105753799 -0.06385010027850785
-0.831413982109666 -57.12841911173534 10.644423205987195
-0.3401111450854157 0.2491363355305145 0.0020928492770913455
-44.37978073060647 68.43246380062374 -28.435152655824766
-0.5177252649968824 -0.4172875108655212 0.2179923237064757
51.17957551315001 -62.782787553137176 21.28255999638749
0.052344984152619206 0.6536644776003835 -0.48564367759321636
-60.01440138377308 48.93311905559199 26.038623719862144
-0.6121561736574234 0.35916351942404806 -0.6256334985929095
48.446329313586546 72.58431428030147 -64.55939914049736
0.5745172398404477 -0.41970663358551813 -0.4657550781143579
