100 137.2509376184075
2.0 3.0 2.0
5.0 10.0 1.0
-102.6396634342618 -64.15694113903129 79.78422246394007
-0.7758271090548636 0.018883072827382462 -0.29202694859713074
2.2097334696617565 165.6709430014634 -153.44491121773137
-0.13023338930710956 0.4781318954980008 -0.4492268330797847
22.012646774052165 -44.658581588458254 -26.762476064437266
0.5399865772452699 -0.0754370801139468 0.6957573454747072
134.4911023528559 186.52997209515226 -110.64638151578099
0.6733376484815863 0.47976850800224435 -0.44160644085322287
44.66675324672397 126.05680027712222 53.80279147396314
-0.1322592558364346 0.04304268405850971 0.23646665068041905
45.14958505966758 106.6486053912044 71.31318401679417
-0.13906148493398188 0.20177572338265368 -0.15126580361456676
-126.8222735657229 76.10764264533236 -169.4520025107468
-0.6778036834188217 0.47405043984425144 -0.26874484203585847
-103.17901480288722 -17.495265304780034 78.63730503757198
-0.2221037728446484 0.3817087099829378 0.11220746534713757
-43.12361562556812 16.172655985454412 108.54722211684148
-0.3916744088187416 -0.25449089300309524 0.08912805843501163
47.95203108078691 -165.63183688848997 63.40792397242546
0.2535902512031476 -0.26757753453041727 -0.12583744513443243
-91.10933497843513 -217.0033715625044 -82.53224717342012
-0.1459129198499156 -0.6436533329248945 -0.1730291659353473
67.0690499712631 149.05792611850785 -73.54454340733078
0.15634123729736016 0.1847494671604653 -0.19293667820188448
-99.39102343492226 -22.35693330075305 -200.57766146665392
-0.22493605524626462 -0.02708734588501786 -0.2992045522579257
-83.81273606403613 -28.833263465467297 -118.23826067459412
-0.10901661252078125 0.44350183721054437 -0.5100948254383637
150.8856104456849 151.22499502371022 -159.7671186124152
0.33753745915159705 0.1021700424869921 -0.28672343429754915
-110.88590756670678 87.48704045387507 -33.37711448275448
-0.33619546846431836 0.25755446305785185 0.39991678841632206
71.20274173771634 -135.9067991402747 21.784515762716268
0.16023289456368947 -0.10335977236081446 -0.17339026788891887
27.555344395217546 46.00769450123718 -40.90808032972441
-0.11758812041162428 -0.14004015191954694 -0.022567134764700403
-56.235901787660936 -8.220926651992784 92.22272293804997
0.06082953520908903 -0.06677055509374415 0.0788606526544483
77.1430734748541 35.792521490660675 -71.53615863467688
0.5191548561450979 -0.19287303406892894 0.18955466307544505
80.25719085902645 -71.83507299849515 -89.87892000034161
0.3598024926635001 -0.3771882993162609 -0.14036227437608212
-27.69023479294856 19.13043945726794 20.647175600479457
0.17930847874136774 0.025620553701423323 -0.1897136763462382
88.6751954934586 -74.31595460873719 1.2892380719034264
-0.552308462271363 -0.06743164955360575 0.10609389131338916
70.86653722852807 21.741361626777973 72.95035918031382
-0.31919348896153055 0.29000438919823784 0.2664531060713709
26.794483557319396 66.1889989770037 88.41793607219353
0.3752538003497378 0.4724877822542761 -0.5235178006545179
90.04659838801203 30.023701824624936 71.29762570864318
-0.2989193185398346 -0.12304682282663351 -0.2233195373331815
99.78654460996296 -17.791454292276043 46.87988293174209
0.694924138659643 0.48604277064650847 -0.16807010407414288
-92.70328881567505 55.90286135652556 -34.2435764567673
0.02603712675106588 0.20396522708998796 0.2080720541706269
-69.93499894094572 62.07358047634216 -31.678390404758233
0.3629006408101475 -0.00390988254603747 0.4069259925466172
85.60071851912173 83.19216280574784 -36.73942038284868
-0.05179498070992936 -0.2636867504345511 -0.29881389970109956
31.598715230500716 -8.61065927417026 -17.952683243222396
-0.6043949101088207 0.35845831074270346 0.3205599968735662
-12.81828284323359 43.67227203502665 -45.317465451584525
0.3604188041093323 -0.28340925942820133 0.08955686870022476
-33.42489836294513 54.848453010605425 -28.44870374425581
0.20615390022438357 -0.002444094924484962 0.030401301244357186
-64.86284566528293 28.16794827037279 53.49000342985997
-0.46505590965310245 -0.35517588115712234 0.4300339007074477
77.61974294435242 -24.066063748478925 -27.974408754846863
0.36294889101964184 0.43873820975477984 -0.5343838757006594
89.70318530977886 97.46743464218707 51.303460757142375
-0.15195490272842824 0.2748379149814947 -0.18861880771474587
-3.178626190166156 75.8246489241499 64.67476203383819
0.5625917500490577 -0.5633115648360656 -0.1261674823629837
62.978986578100006 -63.47150186257788 -43.68858489970484
0.20299008690457776 0.17043837149005278 -0.2609461911406394
65.23633440528593 -78.98541064005485 -78.79186283097363
0.23390390836273606 0.09453463416421666 0.15312028495412874
36.277729323207666 67.38785970975886 -85.53451784336343
0.5267323657693086 -0.2100142771384083 -0.5478167103235415
73.03343065183952 12.386936379276875 49.711359839475136
-0.23186523664029857 0.3139871672245233 0.0873518113874629
-51.8389824372683 11.57620081330002 -88.53418384298233
0.30484914333136404 -0.01861168883508351 -0.5197215363253822
42.446818948024315 -33.9063055197355 -79.17289785605792
-0.3981178650844261 0.1614612754095751 0.06523004910488228
-6.234776774187395 -9.20499064928299 -80.25447229864662
-0.3407530868777293 0.04311702392518725 0.3349717693295197
1.100574252046954 43.02269092874087 -69.17935031533709
-0.0958240453851297 -0.05439183626348643 0.03247750788903468
7.037177619654372 85.03928192919236 -6.941235159255015
0.1436905260373871 0.06567629476480093 -0.12359180169273279
-92.08658972211077 29.08076852766939 91.08496372947889
-0.6029696406157342 0.19107608199667242 -0.5096716495751611
83.91090247595551 2.2422241829572727 -61.331140882963766
-0.04827954002284791 0.03725158697532975 -0.11759204525967228
-13.927472510923096 98.38364829243952 57.59811951707445
-0.25508435424060094 -0.024658117935442713 -0.22762483469981573
85.50024874709004 83.82296641920865 14.950522005682899
-0.006638636755729348 0.3627707257755299 0.6123888837488023
-1.2341065049497786 -28.646404255647994 83.47957565357055
0.5254690395716597 0.3331665336903188 -0.23075597233502268
73.23233668984014 26.367074411329668 -33.4127711630333
-0.4854519354218361 0.23251381174502386 -0.41598798100874734
-4.391573467300034 15.972569316331615 -25.311129344540944
-0.4597222833507357 -0.7222720734451573 0.19967097888295815
57.04995903037076 -74.24630868045622 -76.22986219858142
0.20399146365747084 -0.43496588591726887 0.03971924444750547
-36.05454765914233 90.58886741848951 79.45726923117476
-0.11086071599991731 0.013142849466825934 0.12030786389000862
-1.6993955361917017 -45.02751820027691 -71.47276676700787
-0.01903318421194701 0.18338981027056894 0.24138476111731383
38.87986615730159 -70.79413625303054 86.27898265442877
0.17929539936688302 -0.16310937557128943 -0.22197570398271468
92.73735182242265 -27.05593017499001 67.6275077649766
-0.01540359813246397 0.10289539107317361 -0.018759068314771244
44.112432627970634 -78.65998443616232 36.573534642781794
0.46432924452190705 0.41896249668633234 -0.4496426541465315
-43.079518287478024 61.5889356279238 -54.20614347070052
-0.18123322810818604 -0.40630853698544944 -0.7818579498813678
79.83241895244652 -2.4613521109795045 -71.89184830718862
-0.04639845665703173 -0.6144648580315782 -0.15231213502243496
68.98736404621533 -36.327773811904684 -23.785799208110376
-0.0893214119361963 0.7535898419233528 0.18835748971521651
-75.1689322888198 15.817351501983751 -76.9321051840275
0.03471088087747734 0.6840373846221273 0.2069714639608357
-94.66463921579948 -56.18567491669331 16.288938048506125
-0.2457524889818981 -0.11720795546307508 -0.06972907548997995
-87.51715024269622 31.295641358218774 -50.159633763947255
-0.06471873509171029 0.026205712962556485 0.3931795971449768
-31.211840452310753 -85.78128496225168 94.41401178423362
-0.5794098352452286 -0.578281599131478 0.4363866746970365
9.869910095832708 74.26687373793379 -80.06042001048372
0.6732630871235182 -0.4732200454505011 0.09518849913806247
45.98470103926516 94.47053254577281 75.38751951359296
0.27693539956543 -0.02473538674474508 -0.31978785122869835
-77.90674904995818 -17.698440606804212 12.935469997829799
0.19070961530335193 -0.16160326828523852 0.09723611125346324
17.29670580739628 97.83095933850157 15.269977238829796
0.06855087835172638 -0.07991438715720642 -0.0930682396222578
-35.271806151068034 -75.58593894947148 44.782807860131385
0.009865377042728142 0.3017147102759462 -0.1699264828593431
-15.461389465287525 -28.72080409478859 -52.91331847761016
0.7952758826817032 -0.2702347305598 -0.4424386463760356
72.30293747899898 19.538530417887273 -19.489924791744613
0.7302195421128008 -0.31045723273431286 0.19651671705467758
1.9096708147876171 31.953429099063385 -3.624672801434812
0.14031733992468923 -0.28820404853774634 -0.20909989793359626
-60.880275954683924 -84.5301880966415 -50.2369386752598
-0.12446963816831397 -0.052608789341270064 -0.0755785535422636
8.155045318229682 -11.711992608720266 24.903589439001024
0.319807461952387 0.2660898680039504 -0.10818097226977261
-25.019857710048328 2.9004013093908156 -44.70199164816957
-0.5335212561659468 -0.19174640913883742 -0.02288355779144833
-95.19562037600262 -9.803789840438753 23.507031293927
-0.13788898195912275 0.055070634573860085 0.18359807387574684
9.94576303021772 44.62120309201396 89.48835595025673
-0.7108223284722588 -0.21293692412606754 -0.5839185841758283
86.44181600005291 53.280299841624355 45.000208733259086
-0.29047847535643156 -0.022798557817368007 -0.3520725190319392
-59.31606925021888 98.59108192197797 2.311726223660955
0.44953437414542136 0.3729270559940167 -0.36880230514390105
8.49963840285308 -57.349320719805604 -41.752845586614164
-0.5935649642128171 0.3646350421925496 -0.31711989304094285
90.07100638991926 -11.220030387925163 59.49244836041444
-0.8288012469067109 -0.34455906258164193 -0.24465184560954423
83.16531031521683 -70.99092291824796 -10.078619710258721
0.12128264843437163 -0.14987594965944653 -0.16878763685325854
-4.0950877259049605 -29.934333247821243 -73.94338240324912
-0.33571688353987345 0.31161644436120006 0.7466654512786058
94.26463958913354 -32.92785214360143 -59.15328671818803
-0.06989877657277559 -0.08585494563553672 0.09281894580968063
26.09938379047601 11.051207710869718 -53.43541274984203
0.09280731687738264 -0.28498014456441073 -0.12652520666444575
52.625547200803425 -71.4319491992858 -35.40468403324037
0.5353348554093942 -0.41593739711499156 0.5639028395564284
21.47409816311682 99.00012433434836 7.892028505728518
-0.3629069960575398 -0.051490578174365566 -0.1425417872858631
-83.4409237002796 20.422060436288845 -82.61492521591205
0.09688151466362017 -0.08160915619450587 -0.09553535340034515
-97.30876349720934 -4.941419047377352 -68.55018434886935
0.014441618584538941 -0.6138273227350978 0.3619885211846369
-6.26746676209973 18.067127571697867 -77.96429531007874
0.16255267535917453 -0.5206430273100031 -0.22987521719035145
55.63910448948269 21.888223772149388 -97.2306929562303
0.020908649412054142 0.15429804056634575 0.6633984128053516
-77.00496279213935 -46.69399186293237 -93.76465883698748
0.07032599888016884 0.08672727132758896 -0.09768913251666746
86.40910394443279 95.6523384077664 80.56603417847916
0.2086797055419431 0.15215114308494745 -0.2409685108226294
82.76128556861889 45.015090861679 -5.452177137070308
0.3147734929090411 0.4628071739721751 -0.4634548754565757
-47.76930205084993 70.57595941197593 88.71829188585062
-0.5735672028806525 -0.47567886809563065 -0.29844958582823544
6.957877273768375 -45.42042667794881 -9.462400879181018
-0.18220408162793078 0.14798324210490346 0.08779990067380024
-67.50456112956462 26.059310220061164 -87.71389873392532
-0.4333905596461795 0.030543395504516173 -0.6077716693051217
-29.534762509746344 4.3381223233362505 64.87701026969177
-0.1345418130379371 0.022977231106754877 0.20988742470148783
