100 23.321883988191416
6.0 2.0 6.0
9.0 3.0 4.0
25.08333622339757 2.281015751911438 2.6715340295649153
0.13166590315226465 -0.21681484590219394 0.21524029207484408
-10.661726819405121 4.684324686269634 -14.426807988245251
-0.22154848178586217 0.27939099171321724 0.3500746558484674
18.74333272583336 -3.573859077744133 -20.592758433670006
0.57113745329559 -0.2307547786472364 0.08651233334929523
16.4542029808687 6.8529232488488745 20.00181594164103
0.11647198485043815 0.09748944936135048 0.07376582406894033
11.730904188388019 -6.940641106377155 -18.35839306418319
0.7152211549393288 -0.22686164225498717 0.18748331235049076
-36.51010158188255 -3.169055138299525 -15.88039336155497
-0.6309894754253765 0.1756157840073427 -0.5086347056395826
14.134932682542185 11.619595704032303 -21.71774554294725
-0.2745006674355855 0.204700182257896 -0.5591701308856412
35.270773912531396 -6.916254025006832 -4.664010109634429
0.5736907527324203 -0.6094417133255345 -0.05497453477449892
10.902925425251336 6.893879486762141 2.7242882780734528
-0.4339533022129679 -0.004886619732228529 -0.19478946297112362
-26.360818598203778 3.3988913682169635 -16.705861968344887
-0.6060256231718099 0.3204977413306201 0.11710445608856367
0.48571671747546574 -10.721796713798362 -29.14716316009189
0.6007961754786918 -0.2664079820659016 -0.45841052872222676
12.441640180212161 10.39952541720725 14.356365916222767
-0.07247821533520439 0.24392837145764237 -0.1538555007911463
13.994040983209876 8.990101549151051 -20.219962081432776
-0.10278563169636362 0.15120432368048595 -0.19531617361755158
29.393866792971792 -1.6034481388154491 -4.949530563500419
0.34497655227682406 -0.3738792871081484 -0.4748656683366122
32.67092183362446 17.580647554920226 -20.014372389207576
0.5405685630511484 0.4670591530087413 -0.43669857809222734
5.250160108356292 18.712911471560773 2.8683351516386875
-0.5420904866363834 0.5466396980800691 -0.4652212585218791
-10.743465786264704 -6.110887350385669 -22.616628110126936
0.0012461782740786434 -0.10805492162902393 -0.09629782201015155
-8.44944315650589 -8.281825300609281 -14.402977199712097
0.14862968738119295 -0.18480079947748254 0.2250112663775269
13.195061230075112 -9.114707151121399 8.738693540875971
0.3507800448196608 -0.46248881078342 -0.5992816026585386
-28.498167893642837 2.0257517525256015 11.964686374215468
-0.27381959888607155 0.4029039027118443 0.47887705448679224
-25.235276431821173 -0.7473967766277356 3.575470124774186
-0.13343867433158163 0.28415435662209143 0.1662295277542738
-15.91153120166192 -22.146594584655993 -9.912271793701592
0.13975692663726924 -0.6756009040930422 0.07419275445469731
0.25553716289990724 -13.327821914490626 27.096674319804286
0.45288323837754935 -0.4241640251670986 0.27698254068605244
-17.152520333856238 -20.442944892584293 0.9755229342779561
0.0593309742183 -0.611623032798126 0.5878172156095282
9.291516885725747 7.170771978842341 38.792787067987476
0.0911358355358034 0.20504716287926716 0.7172689159681732
8.60289009866273 -4.348505502403198 2.4057796845024857
-0.5188496192523859 -0.48236465016408175 0.45583206044593083
-15.730522690600317 8.588703637608855 -11.913682188641289
0.2407796533124635 0.6733599619503496 -0.24779908752772498
13.743453687222484 6.376327275481875 25.589512024205206
0.10000885069454601 0.11031016986480037 0.24049394259929202
-12.389949465062106 -9.460437105920636 10.068561436859168
-0.12024521320205843 -0.2686419155309293 -0.4695540637638914
9.085324550073475 24.25856917191235 7.517626649715199
-0.5522257459366224 0.7262340413745387 0.20199334382559014
6.4257589639052535 -4.888498906375401 -14.965726964253635
-0.11967886275010564 -0.34134452499664375 0.26739528888645847
24.255204246482084 2.6954537332162323 -21.827608420343815
0.3286776796168492 -0.12153764160743973 -0.2742859319942052
-20.275808483300622 -3.3164625264641714 -22.50461233139876
-0.22323982104643866 0.07317944665921053 -0.23276823899817442
-37.62937663820452 -8.206430176394747 -7.237082440562678
-0.680765296842178 -0.04097214971385047 -0.1276030283071187
-27.324619054982914 2.620780649536954 -16.52623811377695
-0.3198031696162335 0.39631658970015593 -0.26842438655480816
-23.279739406755866 3.5602834545887534 -8.846247326542779
-0.093741344718555 0.45414234144758947 -0.07752492952761718
35.68631680857813 4.274879573136108 -2.697056246143064
0.6656372626075372 -0.10487664827499703 0.29611667719455853
-10.300594889436569 -17.836829014925907 12.130602393066985
0.5031303789586614 -0.44987708886454325 0.42976393749232206
20.986587099875134 0.8499581549618673 16.903889201688834
0.1441337991200091 -0.21546631053718254 0.12031766365368482
-31.20698592630594 -4.117652980668263 0.34246360772928064
-0.43249217154068126 0.12531141335276416 -0.28322807586258403
8.473114653236491 1.2686030858699355 -25.36456950422335
0.06808364298641686 -0.04401397665762141 -0.13724146514054872
-8.457071587934884 -14.499135407347527 11.513758027422597
0.23575198944424738 -0.42223795900968275 -0.2823023491674415
-2.8059390528682924 -5.254255803051852 -3.7264064313295187
-0.41470091162101497 -0.323422054558532 0.7908533935978213
-17.428161388309636 -3.225239894387954 4.95700130598396
0.19831019615828263 0.17690693570456245 0.13196414716237603
-19.226596839107195 -8.094713969409838 -16.153952813968154
-0.06118848116008185 -0.0926822740311878 -0.09869568434443428
30.695265657862613 1.8202937989909183 13.57934546300602
0.5516472584360285 -0.1767857591537021 -0.00984269460833293
-9.058867215360227 -9.937198972362049 1.1590963317178051
0.15991944720248605 -0.15259460322765356 -0.49167176948072594
3.0166104253256796 -63.393559231344994 -6.675002559469075
0.0647608616062958 -0.801524083568872 0.21148803380300205
79.60043857293203 -0.4833108437215965 106.85233654611648
0.5427028471649039 -0.024659160325359517 0.6484218885795985
25.182431331580922 72.12814833880765 40.58828833349515
0.09538162855427675 0.16124327364254776 0.09079085013876831
21.675178984330266 -16.225595154561432 64.29908589240412
0.13646874172603823 -0.08907409311566757 0.5021748990712243
-1.4114657929805858 -65.1857111362728 -48.66040434079153
0.07496832438297636 -0.22204720119253776 -0.21315692652070162
-32.97542077762519 -4.079635570228978 -8.993081535977987
-0.15852106841310437 0.03798188801205709 -0.01804673530677017
3.97399794078801 -22.9393485381329 4.324321236700683
0.28236719625859363 -0.20763459231508777 -0.10059310453426969
-41.49108561028133 26.38680938613733 8.021678600446212
-0.49901416614571475 0.5995244277639205 0.4738271380352895
-14.147084211564326 -22.418318499449143 -8.422458258045054
-0.712540357162591 -0.5894537048756531 -0.07633886850367524
-36.066959355305286 5.99784818275981 -85.75578067374256
-0.3256274202381703 0.2367010439752368 0.16262483701573824
-63.61379919581165 -58.732018105315035 70.04025480582112
0.47678331767472004 -0.10048625284693102 -0.5465702484367867
69.9931652355126 -99.74822264827914 84.65107369368789
-0.2745290128214937 0.1344406883068274 0.41036924960916166
79.49235779844119 65.05775246259401 -70.3186526303671
0.05971918802207039 -0.06162110617307412 -0.1443557112791674
-5.767641865456014 -46.43552898931891 37.782010222635506
-0.11577578488582749 0.29408727139491686 0.1588359479099877
77.59535730960349 85.22966262741824 -37.47539872630617
-0.7825126188163458 0.043107502151297314 0.35406804602115355
67.30707007769072 -90.300504236169 81.53651971726975
-0.48067976167170984 -0.5903676019977068 -0.1057157300753107
-36.75815967265894 -32.642817719026354 86.96785329295608
-0.03723222942195211 0.021543024690134426 0.12658018744593036
-54.49040846468005 34.1351114282574 -85.71560207670066
-0.20737081002666502 0.24779347293614723 -0.09883473802991209
73.55186682673829 -55.71339615840258 56.782783855156794
-0.5075735784659137 -0.49136486402808466 0.28302073345288165
-34.603243565414246 -57.11494781474098 -76.00621530094145
0.33153433488772266 0.025862368657415563 -0.013706654364722017
-9.750705727303782 36.89657580377954 -44.51210445643517
-0.20383280796598016 -0.2670581403456851 -0.11739107165587914
-75.87677261701262 46.661369344696055 -57.65010065726419
0.20634431993001112 -0.46305873888463017 0.5345226035700614
95.09532092392726 -41.851381647579025 62.53175140969992
-0.01983316671808721 0.374788351474565 0.6072455799459465
-94.01963427381932 42.224256049981136 35.59272986578267
0.27845347308692386 0.01720025162701948 0.23794700814819522
-92.01892217072137 -79.04768978795687 17.936773906609147
0.33668976425673747 -0.6698437916016156 -0.4446934880663657
49.475668089199445 58.74123712278657 50.166054471341226
0.07493341912120662 0.26904980683641766 0.01479366979952311
56.36069303116267 74.83991565514216 -80.69901658377742
0.6006562642164075 -0.385733529942414 0.44647336634697393
-85.29379272217854 9.45215293638033 -48.02788256422783
0.26554147916847465 -0.10731906675383195 0.2061720129269818
36.68648575046382 69.94507491661912 -16.833541965201675
-0.5621744194947907 0.5748089948310314 -0.3919193634987292
-0.5050433723183119 72.5646956841561 -32.33362856176227
-0.6347748647026498 0.35844524460608645 -0.5481031140053846
81.1686051022862 -6.552667321877806 -96.66999676024079
-0.05559114332852471 0.14757993421244692 -0.28537223127320566
-92.32539913151182 -76.34699953739228 87.4366749726438
-0.027547255254874458 0.2078814601158218 0.31033145665902134
-80.28624968051562 72.96637340411436 -52.58218230323877
0.24384581565403884 -0.3667276167888264 0.6415786636672076
55.51692380765499 30.349642884127036 -78.93258145399108
-0.15657978266381248 0.3082690476870924 0.32403174473920837
30.399989097298487 -77.88684522666891 8.846075398679986
-0.3989038586878006 -0.46790970469891113 0.230633022462426
5.638584382827602 -36.80115874751606 -23.20969570325822
-0.05004237335705103 -0.04348340012868716 0.07883431906877905
17.623665727963612 0.7550284170337136 -9.643614488001859
0.2440745918821484 -0.21328860330697477 0.00792514934452396
49.20029849506679 27.178074841095253 90.27255631230244
-0.08201084537733964 -0.4154850138034756 0.1160887813387207
-45.57205239031576 88.23055771385876 -82.85370582373659
-0.08305592272068031 -0.5113184226527719 -0.2016790597735987
-7.246252739150222 -61.668582275556425 -21.841113794039785
-0.07543911217724457 0.4946411443818585 -0.3149549355857587
-75.18825851972781 22.52584184147615 -30.524437010922426
0.1091315773472008 0.39061689308212977 0.8019221759715041
7.24561865658724 90.42891577077611 -99.15818827963415
-0.06418077101367836 -0.3424122340485176 -0.08114945473465103
87.62214572031556 -74.77868784679156 54.83830178829564
-0.11999886824711374 0.22820237078566427 -0.22697482252243523
4.794965948468402 69.62100855338741 95.22614502299916
-0.26039789842081074 0.4016833546395696 -0.445397121619872
47.1391378834046 -45.10567670613164 -53.18293875479698
0.0068584105070231965 0.15128518854498035 0.03130119972349031
80.10824278801263 74.182802252653 -34.95576951702806
-0.2665580362810562 0.01699333610172054 0.07112382978430704
-61.420702899735424 -12.252261465710149 -66.2669277832924
0.2861587384931909 0.19950130272544614 0.2629785171956979
97.77598534074045 -18.161921535708302 66.50831738700157
-0.09472431151341142 0.48297472126168056 0.6811941416232307
-14.82629308680707 -49.327849551388184 43.62357862734939
-0.07265522133227358 -0.12043378164286674 0.19972510374732474
-14.996811787969591 67.08489598696767 17.574705984208123
-0.06355465009409801 0.44032642260469623 0.3955555750365632
-97.78532752218403 -94.94922277092974 99.74937314502102
-0.16007002045789212 -0.3455813454361626 0.47584681921439453
-51.454040477208274 -47.22320916748106 -25.47239070171601
-0.08245833046517 0.09129875641189661 -0.0670153304418708
43.569950573309825 -6.566783877397796 70.54186423340204
-0.31525993489369075 -0.41827939638641937 -0.005815417755209736
