100 49.010573805935636
7.0 8.0 9.0
9.0 5.0 8.0
38.669458160647316 3.821860508678 -18.51363929559463
0.1177894361483122 0.8046596877294405 -0.23142519385583837
48.43143837458336 -77.363530855954 -15.95182112561374
0.5390744836623927 -0.7483277353264136 0.004831231950546125
-1.181426669667637 4.882196400413026 42.09627504173347
-0.6175965932983556 -0.39221297737340083 0.22184032027706838
-17.275455021810192 -35.18491419379543 -42.13082159068613
0.2045261317888568 -0.19106027917291293 -0.21761896785730309
-68.26499837405257 31.75891590598916 14.770581145966009
-0.5170600756997867 0.1851908604285954 0.438402099687912
-1.1194065906415105 2.9877148823708666 29.575597102039374
-0.43718206695035383 -0.5801697540072227 -0.04251300088424867
40.13496689196039 16.490781117569362 33.604316331539955
0.07852753363574828 0.02082380411482151 0.09218384727447476
-73.80460340290283 -24.002754666165522 -42.79988797696655
-0.6012953259468505 -0.5534435354408827 -0.45179489732886646
-21.008513685913055 -3.245865156682786 0.6266823633482836
0.10394979042819613 0.48258159513384774 0.6571024370946312
-12.323370348247433 8.314209517902928 -19.899830011482432
0.519239473022263 -0.466660875459314 -0.44020924132086336
59.77874200446783 -15.695154010827137 -4.348684146569118
0.33659329519222936 0.12288662468431484 -0.2428124575861637
-40.96388006368899 53.31559263462911 1.548810619850581
-0.22235159947846952 0.3241246530270253 -0.16939848711508085
-43.88910668344849 -22.474164113668746 -33.96635014937361
-0.15934485864877382 -0.13679597163872284 -0.09760779993464518
31.654423616920703 -41.35509451527672 -20.56453161012756
0.06888551226650177 -0.060894547314978 -0.18689294186189678
9.42468470087072 -15.617416866777434 13.223122224539356
-0.6360634381316426 0.23945455344341277 0.22152650069922958
-2.4994342287149256 -39.73258776103015 -24.578945555535554
0.08012261403212606 -0.021795509264888588 0.09886887388952591
-5.379575054016617 15.804481768225319 -3.221361094432641
-0.17264147855954262 -0.48920289542133555 -0.646444752055994
26.18633666540276 -23.995281094385078 -20.501676068179577
0.016019587648709796 0.31852260972914753 -0.13843043257373192
16.957450812419854 10.304809036387702 32.68312486345525
-0.358506347266554 -0.15494268146203186 0.05833084974044925
63.884688652815996 21.723152052003606 -9.889792917703279
0.390690055149492 0.5560140452861098 -0.5943202373383433
32.98741159612767 -36.4923497969178 -21.595639943166958
0.1640491105651101 0.0669404339311758 -0.15369454855487366
37.73988736507217 14.018209573974762 47.99624138010701
0.6674980658686771 -0.5129782930149356 0.3867828457645435
-37.52282981566825 -8.839209371396723 -34.31981267532153
-0.02665098989417362 0.13736449192949698 -0.10611536910523932
11.980294543925641 38.69930839793494 -78.5268760340836
0.11582607220800789 0.21528439788811843 -0.15002443990237443
32.44217505276391 -61.46174817871358 10.774190560546511
-0.11526813974679052 -0.5011524870680634 0.13786809205617556
63.48141890586402 -86.77425152339276 -87.46028871337208
0.07005600734224435 -0.062105059560204394 -0.09116217224416333
-29.952195661875873 -15.15431371178586 -6.833682737127663
-0.3637585367976892 -0.37921208245661825 -0.29704032589567736
-68.24166147068587 6.3773583921204064 63.64549575461034
-0.5942891296133859 -0.3556612897347201 0.3987298177184184
9.042797179633332 -60.00667077662453 32.39917046543198
-0.19392437887711378 -0.21186422239467606 0.1507818395656239
-68.05686240248713 -6.543486217517355 103.8278849331707
-0.20675988737927378 -0.24369919312200417 0.5382168243643178
61.890948980039944 10.953443393342585 -45.275184073666416
0.2163170902494619 -0.10123103405579177 -0.4386829359207585
-85.85726311475139 22.589996983969282 35.20399446469476
-0.4673772994961057 0.38703138639797424 0.5232310906479046
-13.726868878567812 -8.542093437598517 -37.64977717252265
-0.02757183539931321 -0.0884856707404169 -0.11898626162909536
20.232069021029787 -71.44799762245273 -36.23748581802793
0.009219359922108036 0.17688474992564943 0.19207279486357012
70.52347389866256 -95.74897108022525 -86.10029753687117
-0.44102336937613207 0.04681966835476615 -0.33015809059899437
-93.44626464166336 -83.81152337895344 -64.93233410589269
-0.6660890982269949 0.3428714724378062 0.22895699572896014
-60.203625580848616 56.25200484460382 51.63042396451493
-0.44321208346751007 -0.3908448727098941 0.13697585924380168
-4.67049662401304 -44.48972119411607 38.169324038774676
0.06376783696169804 0.058450354577045296 0.17344880661936082
77.30754585916867 -14.22761238941736 -1.6269006677173365
-0.35912367921670035 -0.4769834875889767 0.3416695376304811
-15.79012394921881 17.58970823601662 70.13217243154685
0.12851313895740166 0.49304816795389855 -0.20129475423336618
44.46814894591546 -58.57427365045926 33.24822389733734
0.18694391387566142 -0.5967742440900305 -0.571409542267387
-90.20098481550538 -33.71969831244479 -36.000580997680196
0.3696570445170455 0.001279156631684545 -0.10041981426526894
57.205014702860666 -64.41183152714152 -3.542773014057474
-0.2118953460171922 -0.06198656511616719 -0.36790083262095147
91.55747658862626 -2.992232935584667 17.962268634317198
-0.38082089951152426 0.03624957622937988 0.3534521771938834
-9.177716924471909 -10.3995804549414 -32.03270987244093
0.20664551936704417 0.29921226953158364 -0.18048331688244984
-98.39599159163438 43.74373924588136 94.86039319641978
-0.2706856809076416 0.297749424012501 0.5426894763236739
40.83717498573799 32.20800340557719 5.022458547830922
-0.11398012616167448 0.051258615657126666 0.09357007361848421
17.20297503637562 -61.8327398898044 -19.30023008919173
0.3069586676380641 -0.6496853528000943 0.24667209545312932
-38.081005881752674 91.43577728179733 -50.27347099120168
-0.17315307947245392 0.5503754501613888 0.6530285974786703
-64.87376206575281 80.64773821237415 44.99407321755734
-0.012280409918574878 0.16881052854892645 -0.03120902749355168
-44.23722553363601 -58.54488415934607 73.45523200617222
0.13836672016784396 -0.07988198859789813 -0.35857827445099766
-16.68315218977314 -32.70462989801628 -94.29754698872878
0.655353242153799 -0.16730157207077181 -0.4879678551069455
-8.492960744871667 68.94194143088879 55.367483489219524
-0.37797364243952947 0.07286951731367099 0.13971338971753036
75.07632743630782 -78.96389702247282 64.16401428169203
-0.13086824079067824 0.07795003355579588 0.10468820522893235
-35.468610035441245 -2.7934307880062477 -69.38729025639356
0.5647914183219168 -0.2178092504084044 0.510125990839887
-37.976674700876934 55.80320852912166 8.452162350318162
-0.1764914926769713 0.1446703172276842 -0.12178928659933315
-36.97448203004805 47.30401248285938 91.96699215753509
-0.06032430660448261 0.43714247084844227 -0.14083708765576078
-96.6224252356533 -96.86288520869 72.94874235515965
-0.35852018314096334 0.7601678411717417 -0.3964598857702906
12.956808186889887 -97.43047568337482 -6.352179041228581
-0.5762158126936843 0.020166634615086314 0.38008703400677435
-45.79137727575431 -76.01839821532454 -61.53167161042508
0.631610528835983 -0.5173334365549936 0.2948379801123638
60.06731705502827 98.83235516363746 90.99454071383889
0.40089265558072346 -0.4164745548291225 0.2726250456057401
40.41445051214035 -41.11055003498518 3.7036252213685827
0.36176272197870324 -0.023393664577041135 0.03461426103935711
82.92989331325393 47.5159593967731 -54.70573638731495
0.09811200455898599 -0.23932461663334806 -0.19051602171075113
66.88087932179621 -10.04483608751812 -96.40059527107402
-0.24728551827305756 0.45520916484653506 -0.5549651089117115
72.46008059617384 95.76167890376564 0.9380580583049181
0.5500209019349428 -0.32302694204915333 -0.5015981527470026
-40.525819578624244 86.30478501506923 98.50933722237815
0.5206778415170761 -0.14475055541113854 0.5200002611464029
-52.181051817872 15.155256430231319 34.49698942799233
0.1283475093022442 0.02243130957108308 -0.08509010400433833
-30.119258845981832 71.33907248204181 -10.920045784782275
-0.0873863541201174 0.03521116690898552 -0.15006284634143288
66.03525287105325 -75.35343111002793 -98.94905218876842
0.11835251169124616 -0.197196755202419 0.08862965468602582
-18.454359832864725 72.65036755540183 18.165749310304705
-0.24053209438330483 0.1003088757578683 -0.3640467835457887
90.56053504979243 54.255933545640914 16.613852012572167
-0.16609439397070874 -0.22797575524744465 0.023330594416908126
45.05617739385272 -92.5505450048225 -54.682316836265656
-0.1354926466446252 0.10505236140743358 -0.15429334954394813
-68.65787983326874 -95.75740533127038 -56.93807033161704
-0.17003572833319455 0.08437190623230896 0.2722049463865505
-65.58199346950829 35.439067369634785 -77.60575062996944
0.037679198039552275 -0.2861527267982056 0.09213291740992349
-2.3037276451872515 54.778938721154645 72.24959576241216
-0.4079631592058044 -0.05759219726239343 0.46596591026128614
-99.86487486201081 88.4587540687748 32.12668771594511
0.04084963003050987 -0.008338719227088332 -0.13954468119191107
-54.35298981102257 -92.28753417041216 89.99681090162045
0.5012080211264611 -0.22395970288970182 -0.4563168785827476
44.19627760793861 21.25990362045971 -55.324212508751614
-0.3106275514835445 0.09122253707034343 0.22714443226268646
-9.302488096543243 -36.914637694990326 -89.95226562423959
0.06670822298191226 0.3857836696600889 -0.3935055109832409
10.950741064146158 97.10404616300195 50.62561163588671
-0.027808049409926417 -0.24057204224225082 0.082293513176636
95.92832576900707 18.386391556191526 26.191731825309887
0.5293561840406529 -0.043069049297809026 -0.49380684697863925
-52.50454426949498 58.84567328837568 39.26451205517907
-0.7101365680894058 -0.15142461809910782 0.6010536881784213
67.4355284089826 -2.3972097469740845 -0.14944765223265222
0.590919728895084 0.23629653982892448 -0.4093867565624942
-75.12384260639371 9.889919984832218 98.07840627196865
0.14751432402461348 -0.24315202479574335 0.01018867576479086
26.480537630024187 -61.04581536666424 -42.57169973737365
0.49035364593327874 -0.29273817187042 -0.27959971340867157
-71.42633257477812 -78.54758394794158 -43.82601148051197
-0.17315092927497217 0.08880680757300395 0.16428287572275677
4.503025074672934 -13.310402806514205 13.516888832015269
-0.41770195837070045 -0.3407341466050903 0.12438229903966587
34.76773730240683 83.77156716401265 37.49277627257669
0.07989670397135332 -0.25662459185521663 -0.26264947711497316
93.82400186614183 -62.6708363803552 40.26181695001168
0.7376465946190482 0.40969092591484063 -0.16365820662635672
23.60662751636815 -32.69238842293012 70.05348483004062
-0.1993158130124952 0.12598844008565185 0.6578081257152371
-38.85395943176646 3.9010946856272994 -15.098282214546629
0.0942281389273708 -0.3161766749466633 -0.0038666440315333443
62.818247371008994 48.43746750461949 33.099506362035925
0.139156320717204 -0.05162197594786604 -0.01131691149015584
94.25028054784849 -67.91582895192644 -85.06760542892073
-0.4428382807474394 0.3512274801103973 0.2666629300273551
-7.25477146920754 -58.797623349023766 -93.2635818687797
-0.23372878118938345 0.13035323273708274 0.03592065093624748
61.986221189019005 -82.32994850772542 51.55977967458148
0.08873382703624993 0.06876667668223417 0.032919468237284116
44.38500314428984 90.61974648505543 -77.34361111711603
-0.30626290552256 -0.44725790446279484 -0.2992434850589505
-3.649749113599455 -23.64081499926594 -6.864176787705162
0.2520892550889665 -0.4196765337899785 -0.5692663195883705
98.13095693470552 -24.18336187008832 -62.66639122894806
-0.15720048324886085 0.15479087257095947 -0.4312631793315384
94.50251831978005 12.164409990752475 23.97519318184989
0.2900695114529792 0.6274418808831046 0.0857856297373677
-33.73712383997871 40.49613702589366 47.110533236086525
0.11256620115133595 0.31673623549833363 0.16463658668893255
