100 26.358824964083173
10.0 3.0 4.0
9.0 7.0 1.0
-4.605710752733213 -25.982019337181704 -16.715202023424908
0.51230114041629 -0.2601402424969563 -0.6734166240885866
19.01744279806844 1.012240261295016 28.376152786172835
0.020511771187799826 0.3903100436239255 0.4562105064818984
-17.070504557453678 10.352072964030324 -18.39572241100561
-0.0730748896229311 -0.11565160540017169 -0.056460775707114004
16.62097132914559 -29.811149815766044 10.08189993136852
0.5426757782605115 -0.3020004945236928 -0.16985199086779712
13.003113254126244 11.029018964839786 8.370270077596333
-0.347375244034523 -0.09233107228553408 0.13760485346821602
-1.192510057691515 -26.016376061000614 28.823395613151128
-0.05846047301020283 -0.1347724135442892 0.5705099169418265
-19.802073010681912 18.5762879965752 -30.668909445683266
-0.1627791466471041 0.21131384597084832 -0.5230268705428294
-32.134150683985055 -18.360294198736955 7.953035422413647
-0.40588124434577993 -0.12925707321438995 0.4315103095750556
-12.520108294300236 -16.598297616868212 -1.3456105281682704
0.2220565803141072 0.08677739748628138 -0.07901384972315287
12.170042233042304 -26.660538518829238 27.45726913459984
0.11919617755932246 -0.30897998899277185 0.41779165947943686
7.716137813885851 25.164048123859903 11.401663820845592
-0.48879919330807764 0.3359988167568278 0.35225760937966644
-9.225586118970002 11.647057850875632 -26.2832309778591
0.11216820307025964 -0.17206354313106792 -0.3572167659594474
1.0243792418671704 -26.252392573233767 24.749459313986577
-0.09400550923774141 -0.18390962717241965 0.3706863874347117
-0.4877102040243759 1.8544042975407429 10.993866739011857
-0.4579077818916769 0.7028218131325302 -0.2208066157155439
-16.591336789311082 -19.436420444549338 -20.05737418017408
-0.014228624270638379 0.042698158193053636 -0.8749279734149956
21.78537622705136 -16.87529458447583 39.32174499816219
0.37484844137670903 -0.017606789660478257 0.8527425441983104
-13.584653697931111 -16.657815147394757 -9.549925853809503
-0.35710467644467825 0.2510343825167829 -0.8041933186122775
-8.081255692605328 -4.639386960480142 2.2737652361053278
0.5072731007820941 0.3901257778713571 0.21712213212736098
-8.473813010339088 4.9235303814564055 0.9405923432334546
-0.3841147601025379 -0.6829706305619232 0.525169093142075
-16.45370457516128 4.831585938146586 -6.186305554371548
0.27030970757188255 0.44938866143016254 0.12448907160289874
-3.5105752323787884 -15.997632043109283 25.5729468269191
-0.2554142029990526 0.20933710618441093 0.4055720550828599
8.684900634638353 -14.152777007858752 16.125107352727756
-0.05614762413183771 0.1360835228841948 -0.019389633937437745
5.846731770341179 -33.10843423739125 -6.042568162540203
0.14596920518102874 -0.08280511410308565 -0.06647800689099022
-24.05393882938796 40.33995634543515 -62.10148782821639
-0.09579719622679546 0.1987905599138631 -0.3700216671563409
-38.41745289967545 -25.05144266671573 18.285488472303157
-0.5063964520199529 -0.3322111921405499 0.6844759702717692
8.581925428171239 11.365495145153824 -5.782183773785198
-0.11578508653327876 -0.36257545452292195 0.024607999005697816
89.12667866818984 -42.52676655753103 -6.474641993860821
0.30236793577289744 -0.16355579992990063 -0.09650112682578756
-2.280422100363694 7.28485735538999 45.31665328595057
-0.4139321494342011 0.4769902968204663 0.6648852912069466
-108.30978076730048 39.295491704791175 8.598871692506249
-0.10723796863221281 0.04963747071313358 0.0272679756021265
-29.84341394765204 -23.086777400154055 63.61250384450672
-0.050067926654017415 -0.1403433098719429 0.3417008314625135
-51.437651022212066 88.54148097378626 -17.438298658606726
-0.3999956875434513 0.5769565116409597 -0.01801103321787099
92.51281925016016 -59.562335116650885 -18.677686006284695
0.5263517817000708 -0.47335250628498915 -0.23316335100098473
63.33366137857013 27.22657009431569 97.57072418224985
0.19778952769194375 -0.395785686551015 -0.24339446115915916
36.429315145442416 51.99278540847877 36.200892399322754
0.20612240587292646 0.20343884620172153 0.29702437060050113
44.13703660038166 -49.47438090690226 -10.781876057208777
-0.07609593790704808 0.0738929740434599 0.05754008449054535
98.72469510730465 -50.610279971650215 28.16409491842316
-0.18529502948283763 0.35334748546487604 0.6457374127325719
-50.6972343130071 -26.01805790892095 73.82614794572547
0.30517464315514164 0.3626567134868631 0.6930990081124512
-53.22964782947326 -5.044771587266169 58.8621460096054
0.10818952481382701 -0.12518384528612433 -0.11937925738286474
-3.154097281277842 93.3416588023153 -68.92494105921962
0.053582220852616824 -0.010108179509975206 -0.10147565955914009
-68.67417880874838 1.705469848956369 4.678699298102515
0.41611927588261094 -0.14166571511718745 -0.25227223521685394
65.99781442008441 -66.16491874976023 67.78388275820882
-0.332308775419769 0.2911641586313836 0.2984925294947172
-76.33083672807368 41.054906036557355 79.21824258192092
-0.2217762259105978 -0.23030394677054292 0.5002257282037345
-15.410422088642449 5.3188818275947085 27.621311553881327
0.23254649212354156 -0.28526768174940287 -0.03920445094536778
49.06053521902754 18.742642411349593 73.57094360381856
-0.43755600179727 0.22192314597056031 0.2422347933111761
-10.485000306287915 83.46028820527226 9.869498733549904
0.23170006836180343 0.4747585583728874 3.016638974573953E-4
71.29761514759343 96.70532640021773 -80.14456968515245
0.3244013973377119 0.06679270669596683 -0.5470897489622247
-97.23172288414705 91.14257021481268 21.67885916295282
-0.2916508653201158 -0.003625632808450464 0.5014298703030261
13.614798463990297 -85.1893747041158 -23.0221734300154
-0.19688195690544477 0.19981794770361874 0.0352206712577996
31.912685875162424 -17.750843739018677 -86.83674607028655
-0.6000738853798777 -0.21989487723683138 0.21074842345719044
21.441209748126283 10.061934189229177 -29.09945269117884
0.22666150544894303 0.021617019007492216 -0.5035431675168104
-26.982351187827945 -2.489207312121991 4.161325791115786
-0.14509456750801733 0.5063971643636919 0.5041181610338191
59.48092760135154 48.35694634410967 84.79786799132154
0.15091215450585657 -0.09624270029421288 0.2373781052634619
55.66943702797755 25.024356507726807 36.5996880108776
-0.032079446831069745 0.22150175979717582 0.24115230073410276
-29.76872060810362 40.65739704573775 75.27113667160461
-0.0930056723205779 0.31997139229481547 -0.6249451681002859
-99.04319645687605 -12.599635838265954 86.37843105077667
-0.134820997119442 -0.1315275576430897 -0.156397324184715
90.20081141377352 -51.973047492023696 94.69003199937103
-0.07439468799163577 -0.17144189883197966 0.30114228103038393
-35.889972987746205 -72.75826880060129 51.9815866478084
0.14423879247750374 -0.06840834989285109 -0.14362724801715562
-91.56266817090679 80.05966962615523 88.00354884134416
-0.07535569835402155 -0.08882980018343054 0.06468547296500922
-53.271866819075896 83.78144783501523 -19.207438967049868
0.23603980962484766 -0.2528902595198622 -0.11990996721896979
81.71294580675556 0.0676905808220738 -84.57077801772448
-0.1046259570252283 -0.02904698756349865 0.14182675114424043
-85.00906485419566 53.6811273323255 -17.381598313647345
0.3091516935775194 0.15854838455997683 0.44832959341786793
49.20053949122024 -44.38582507340265 22.85254615089893
-0.5549120736331764 -0.1798245355129148 0.4043633949391637
66.96754632988663 34.868210154220634 -22.26979281290437
-0.06982841200564421 0.2778075433150936 0.3979106668043721
62.47151910115258 36.430628367355524 -64.57982147941172
0.12811661802117644 -0.03868643754808872 0.2155696602045071
62.037217307836585 37.67366134549829 -81.07850858191412
-0.29623191853961856 -0.2524637822264534 0.3103372912580632
44.39706318493157 -11.44329377964921 -77.7517638405338
0.03298713039469795 -0.41468523441239646 0.1628387611859844
-38.3693544685312 17.74955987796922 24.32285698116037
-0.06345350740784682 -0.619675448707042 -0.20476321932681524
-85.8601084689312 95.99685554420185 -44.52567625438988
-0.11672638201668997 0.060700319635687686 0.09691802403412708
-65.8427268827354 -58.6966433374525 -48.03492601329546
-0.1450409859613581 0.34584598249671783 -0.5651386249989235
6.2200247623732 -79.53867296437657 -17.204429576184978
0.18284243500618788 0.2514722989354223 -0.7785175996417338
-25.07545223514822 44.5054190580847 82.00597067511174
-0.1307422208991276 0.3767671705188409 -0.5126839964264115
73.6849898742293 90.79917665752149 55.25944260317152
-0.038468923627228334 -0.17325254107649216 -0.1749062385609031
-85.05673265709854 -49.23067374128443 53.051626016979554
-0.023238738550427174 0.034703431630884886 0.12586854248140802
-5.253537681915404 99.73356614144177 -10.717927475105043
-0.23651518800799246 0.22116615147609728 -0.07450304348973033
55.15956033530878 -75.44505971716642 96.51957962804326
0.15039723183607004 0.12281486425044608 0.08080433834552757
-76.92182281651489 -73.60941007932394 26.482529443852656
-0.09889672388392448 -0.10938192704929044 -0.10571519797641538
70.77823663015675 -33.417560918221994 -1.5324612482284294
-0.002891084043186737 0.18439291116568068 -0.2112922497025773
-82.72695355203496 90.1728132863984 -9.366218558404668
-0.09058114825927639 0.23438666936051866 -0.4489566732801628
23.922063289339278 -25.766860774443785 -6.275008167694708
-0.144272947582675 -0.3555371027618883 -0.354082479909141
93.7229254506255 82.8912934229877 -5.117144515695543
-0.23685536848248817 -0.32827614652502507 -0.06799319660059484
99.30669031890304 95.87197794695177 -25.10992830184864
-0.29870220619974863 0.01651579922662197 -0.33436881637170607
71.04085787124944 93.98090911532654 -25.285679572896314
-0.44281584478780134 -0.23641400209561192 -0.44134648822371314
-22.73447892427103 89.74729008081172 10.085523245998075
-0.09516017111673548 0.3537094863965949 -0.0485945656346291
-0.2998817590677163 17.688481396197247 57.702199413819585
0.22600416732367012 -0.1401702774211851 0.07794577071898436
-21.75152239903902 -94.55332586377772 -52.02714069558609
-0.5061466850340048 0.39131549139107863 0.20627993176074855
-17.89230758337898 -7.626615440912914 49.90036530395662
0.5371858780414196 0.4049830035022957 -0.5406518733111794
54.90277100895116 -34.38773432438242 30.256496689926507
0.22759723947754168 0.2277604619555349 -0.3618224681622491
93.39955513535486 -93.50674787293669 -24.791569965937782
0.16611352294165338 0.3506275720877099 -0.2281993689662904
13.535583005326401 92.18891134194439 3.5962556072630605
0.43117484984249416 0.28229116863817405 -0.40394765051788495
29.77724155037248 -44.55572076443952 55.52738152696875
-0.08987362250109072 -0.11319545680746257 0.058526676513522585
-34.32980995681332 6.8968903261026355 98.02321516445576
0.26215988885215197 0.2671646371137895 0.25894812231407377
54.168841725999215 -84.67660759518485 15.255250266973405
-0.08867279003436682 -0.8408371623803008 -0.12216615457839627
-21.40298969263985 -79.86357251590526 -48.35297942554055
0.5959356798180705 -0.4700154702969893 0.2956616157820003
-19.693581034668867 -58.32142390532411 -69.63641871386126
-0.4694232669629233 -0.31887471471829654 0.4760667824376853
62.78448494968998 65.25054259609081 43.93279197056961
0.28862374324994045 -0.4890887173142675 -0.3879458216812317
67.98308949309805 -95.5330362091236 4.434942915673588
0.024496889197491947 -0.11644150735716179 0.011173442926690627
-80.98812231365349 49.7487602807083 64.39218583043865
-0.10291819644754699 0.0434380070241034 0.48171813957088727
-55.98690449201567 24.82346984897245 37.76108852847008
0.36310149839304867 0.2249266684750187 -0.19022164103137337
79.2121076081998 43.75207875674536 67.46238824131333
0.4817267561897753 -0.12527010394682703 0.2311811470250689
-22.76945719341063 62.76888763506872 54.231859612106405
0.34466496757142534 -0.537208423831562 -0.35166727319821633
