100 677.2730499037506
10.0 5.0 10.0
0.0 6.0 5.0
-644.8673738656803 389.6551495893068 -75.10565239109219
-0.0906270616218504 0.07486720376251578 -0.025389461736150525
-396.004352537752 -53.064909508948844 -349.19517067080676
0.22398816494579468 0.04559501399979894 0.059435443614590376
341.8633636191171 -391.24834033461116 -350.11249483983977
0.06598197959414778 0.22178700951208816 -0.10667678280658585
617.1150073407886 -79.61340686381229 -24.03700848311702
0.04608209030751861 0.37516547661734223 -0.12953285164216058
464.4021164634363 47.91026587183114 62.29323044696895
-0.22637685932547014 0.3072696212644068 -0.2429567851935981
-322.07002504477543 118.13741400006168 -328.3181637365185
0.2056093929800075 0.4902551490214123 0.17575874992024823
-734.2925653774221 111.31846771870147 -694.0319607323695
-0.3865015186406784 0.4593832609365307 -0.37190941217951506
95.75382610362283 817.8256735341672 338.70973279018585
0.33327946123334573 0.4014306900773299 -0.059698530065882
-566.8432257026751 -427.4007929780567 -324.90215310371485
-0.1744972670076064 -0.2927486444919653 0.18863648937298289
-702.9087030641755 -2.5168545268044227 234.66277653119505
-0.16797555163778638 -0.4854708423444855 0.45244706032342297
-547.3302234188892 -10.381943900276363 -45.098709645292274
0.05599599058800516 -0.016310362531843738 0.4366718397675178
608.1464797476038 -22.528186963085737 166.98900876677328
0.054205364749608714 -0.08390405189945788 -0.2878149964884944
-10.202856801434734 458.40805923298655 293.612690057206
-0.11357287274706213 -0.05862791594570306 -0.23683435483289655
824.3051083301175 -461.92261956605154 -323.76871657318225
0.468934198130636 -0.02752802392221742 -0.3690533415764693
142.146711311183 498.99774016983343 -146.32872754773405
0.5278306976077684 -0.07452495859552381 -0.7066682125071969
109.67633518176564 1017.5704354029551 701.617218264049
0.026536205947365943 0.7815792420231683 0.3562324049715472
-202.41372642267567 -301.8526262741026 -83.01645049279944
0.49972057478638765 -0.3030248670131782 0.4621535986642358
238.42527590130305 7.514534476529661 -347.4089195665767
0.3091418812666163 0.7907734136245474 0.11175701328876683
125.61670432665426 291.45866171898047 -69.0821188677013
0.3530196702956218 -0.3728872560972176 -0.6736228105364273
48.8870598760962 404.5782794265442 691.1569056749144
-0.37582863493172547 0.05662152843432579 0.3085415804399823
667.3165692947663 -329.26760990054584 471.5921473408919
0.07653612516460012 -0.2954559372023939 0.32512409259237696
735.0352802759937 115.1181529636892 821.600876603126
0.24199019350327924 0.11832640020681336 0.6781396984543713
524.758314950266 -505.56459989764215 0.030293536744855132
-0.026358052012464304 -0.11966808083601883 0.011776448871793428
159.0090881353653 54.440785180002365 289.5100574978408
-0.31434315496279713 -0.26636540048352425 -0.2175590447817237
-654.4476839403231 194.29867228795194 142.38296978449802
-0.12462651831776782 -0.2437773009586876 0.18400033380864514
251.21946232350285 -722.6067653575903 -155.26387228365587
-0.11694456783272082 -0.189250873678718 0.05580951597848051
-1219.809128672055 75.61879137151152 -262.2831885055711
-0.8452812652908656 -0.1712781370507338 -0.09367405508961155
-616.6855718798944 -82.1318341989899 -52.5859914825742
-0.11678099273717708 -0.7030797161507799 -0.12286991445387378
25.058474732149485 658.8912913522897 120.04699096511746
-0.08118205173744641 0.2194498446184438 -0.4406844213189357
231.4350330261027 753.7128610531936 261.2056579400562
0.307302305352157 0.3359715729584171 -0.25044846163508094
-860.5686858752235 -705.7599174984648 -87.93916280054088
-0.5425281931894563 -0.6002480253552434 0.47437016677655025
-318.63590225629997 -436.64691001589483 -221.09461568185236
-0.0549379978646426 -0.04074460993862208 0.25853675265063536
44.3822114580106 50.21176642056821 -84.02387284530153
-0.053096926676014664 -0.1307765320298525 -0.39982877393536964
16.62218506079472 49.70206979555243 60.67529386906912
0.1431027454363863 -0.0461829504400909 -0.06094816259788202
-38.9595884135945 2.2820988390374026 -68.4415639416253
-0.46072953503535763 -0.18194250895672323 -0.2768773846247345
-27.023265125687118 10.486968124649138 -91.41542654433286
0.05661277235515391 0.0727883747817345 -0.051428981975418384
-32.77913638408292 15.457753676819124 -10.558912511105618
-0.3376631556984257 -0.4036790122132009 0.6903952850115348
55.26119529701978 -81.91228313306934 -37.90101022251984
0.23598453888958065 -0.22006153135885614 0.10172887791588163
-65.14796563582792 69.2910066365103 96.64171600387928
0.395782487581331 -0.005861664904933545 -0.7533163056294121
-73.1062898654582 -32.31043074657913 -91.82729859703194
0.09204601481874264 0.021707865848988917 -0.30900136477246704
73.33650169021445 -98.80436092125264 -2.9286943433131114
0.11950250214619856 -0.12111506978489953 0.06426155847694108
93.71123699040893 67.18878585500133 74.6470172242334
0.08493447517333648 0.09418536851541336 0.05089157550469042
-82.64866956010475 -16.323287091263026 15.652372382118784
-0.07159016475503867 0.8052828105585833 -0.18323310488935426
29.669887832149442 -93.0907065396242 24.287953733009715
0.02332970597086274 -0.21081536037679346 -0.3858539744190317
-96.15807187350991 2.900255777567878 69.61172901566835
0.29040641511082815 -0.5629673055619228 0.5786750389407082
76.8880557702584 -16.85525260671892 3.854318209382754
-0.3759187606644938 0.4894204956335646 -0.4819176048455653
38.78203402635282 52.81038005924259 -49.38928205965352
-0.16764864679188682 -0.08054786819197511 0.2220853328722765
84.28243420900367 1.0985953683532586 -34.13570002994591
0.21656484234885404 -0.22513728367472197 0.2441951111868911
-44.97664370679462 69.51104801380365 39.64454491543128
-0.05054348276819016 0.037174920253721114 0.1259761448018379
48.41881788886738 77.38049326431906 71.61978955402074
0.14357573297497542 -0.27485934602664314 0.49302205732442095
82.672209216565 64.8486124993438 -92.16316349282864
-0.10204473662610887 0.2054208001785991 -0.24358084635068386
88.73707977309002 -4.742485677587041 66.70507432148233
0.26530633179853796 -0.1857199751548891 -0.24396430726386606
-60.16663148518351 55.099338506977915 -89.79835431905508
-0.25501825335925316 0.11475309082726776 -0.8834078870798521
55.18300239737118 -34.09595629293054 -86.0142272253015
0.06898184717107986 -0.14263295222161204 0.2093708470311936
77.37872729063307 35.424626964912335 -46.82536414797307
-0.22043527043340355 0.3721696737943962 -0.4721916323649941
75.76754444545261 0.6137203126656203 -44.78228391757535
0.4754499109980464 -0.5547092893096502 -0.5058844872382798
15.233136874911352 78.66331711295788 -27.332909536854075
0.29082298714047855 -0.4333623866543506 -0.4343142633202212
-18.69947034836595 62.487443974718644 34.92376625382488
-0.1763372621016108 -0.06201965997905165 0.7797968013555796
28.752068125906305 63.92005056452436 75.4501627019325
-0.17850896600913732 0.16310878082510577 0.2536793093578742
-58.095997924270584 35.87690399046781 -93.15046792595399
-0.15372710281148572 -0.04760115525944505 -0.032894527730468144
64.91503814354448 65.23533293755463 -68.73597932069428
0.6825510931879893 0.48807860797979935 -0.3036332106348838
82.91758299008265 81.19008864579044 23.976728343934653
0.17764191803455026 0.270203215181598 -0.23320767593854494
-69.44279281886111 29.465106669305925 -21.117836059758474
0.6610451417758288 -0.5333235021397008 -0.39594151964609536
-97.05258253594167 94.01956103803406 13.992114629460971
-0.6023167147878352 -0.5445666218689937 -0.30159215101258996
84.65368546489401 -32.24076402823823 -86.99390346242366
-0.2855217459517167 0.3923604375426279 0.3906833009831643
47.541398136170216 75.4316810687614 -63.20073707626521
0.5275050411434492 -0.20933027059619777 0.3197651827017458
32.95977488088522 -65.69697719652453 65.01403809037333
0.43158949927543566 0.26411319052364024 -0.410141754260036
78.58538420730588 99.38607293080315 20.296521449230127
-0.532435456795096 0.3127179564311589 -0.6585105554993104
-0.6289947515700334 51.26494424369045 33.26877187075519
-0.18167893759465592 -0.06415109343359149 0.7671215147378377
-57.76485987975508 28.260641847552762 27.325963495355026
0.0036335792363252697 -0.37099884952455486 0.3550416125053074
-3.8866701272055764 22.31539001684193 -8.095297622109626
-0.1557352357933505 0.1088262189645437 0.09694128036089886
32.79385771043738 47.34442474303967 -89.29905710014398
0.4751161627243515 0.07092671478451693 -0.4455198395653677
63.1854263891552 56.991916939279065 3.5274437685694835
-0.10913479042153831 -0.11591147555754472 -0.06432494532798855
83.68918837878013 73.65773175206695 -32.38680454938441
-0.04303749154365962 0.4014027464203715 -0.08833384695165286
67.64839987375387 69.3346172075496 -83.76333565650464
-0.1053170353330878 -0.09084651338844368 -0.017036185606659298
-28.405648519973866 98.91572349909993 37.5982124160808
0.09143567740917516 0.15108011002492716 0.11002796420348145
-38.009311486050336 -45.05416482350384 50.176959906739484
0.10620182467016871 -0.8835339554906011 -0.12831976829697359
12.38014796972476 33.99566994923575 -34.15606807844485
0.1457219995846332 0.0028365503434031585 0.20699392954731433
52.79486068698199 69.49250485258676 -82.84586981370296
0.2677159932629239 -0.20107654970802125 0.5543501729340765
-83.95333320897318 96.89726941574887 -9.363413882199325
0.13328797013802457 -0.34009296258530675 0.1742519649110368
-63.78925441590522 43.20971770148131 10.390851833526966
-0.06458830833353574 -0.09540822271042326 0.04139101600393253
-75.43538113151938 -84.92678214505264 -62.52340613546441
-7.085043694003371E-4 0.06340404715581457 -0.10958253225767023
-14.120996867313366 -25.888269823144512 -8.022013176366102
-0.4604105982361761 -0.29507336312743804 0.04098749666894637
-53.79008248022137 50.82279148253525 -5.046611859540917
-0.13148555034822415 -0.006145897774283254 0.030615730296665287
-32.2178930967826 -98.32842588084105 97.8578147934667
0.2046836788494337 -0.17127487935121855 -0.26428827778967934
22.214864955550965 -27.39290868136652 75.15807844270026
-0.24538528583470592 -0.5799108867195988 -0.38159708818881577
14.67538183457539 -77.22893964495236 -90.63959209772854
0.6240135706854338 0.2087067760726928 -0.24351585222617922
-7.508878359399461 10.712152522827651 -53.355750888059085
-0.16553753444302113 -0.7442813390188731 0.166761737769895
62.02409185077303 21.83481340103866 -56.915462901536614
0.08978831654189376 -0.0932095237653885 -0.12868642490407298
77.6058988990327 -90.19958534087064 76.92738435713323
0.4148623958643229 0.28276260502591 -0.5646039874789032
98.09174116042905 31.41436222515827 42.281807638200945
-0.5199366460222612 0.14959822320259664 0.1708527709033249
40.10111071517164 15.21721073289038 89.8506484049104
-0.1686285420855596 0.19169360770796812 -0.18259046843426888
61.53011822024044 74.58951658312688 21.025386358676016
0.10114356527531015 0.15052989418561627 -0.16965793710802846
51.12178490466505 74.9797186396344 -15.076085908261831
0.2855872182786585 -0.1872619740816066 0.45269616162316284
96.92300596862779 -74.16665231243908 82.97839810954625
-0.9003523579237048 0.01424880569963908 0.2037046521672165
4.075613989746984 90.39296384577648 -90.62402638309635
0.16475610609450458 0.09556538244328096 0.004556552308046821
-0.5336464492887529 -13.564564719806043 -49.19654046325634
0.578909474515488 -0.5495161294415599 0.4673030010439776
47.4706226290711 2.3025343854188804 -26.384363835439743
0.5606600068495985 0.6198885310409362 0.412983891925566
-73.53245893552172 75.74131194543884 -81.88505068330187
-0.5075720423163715 -0.17917832123297975 0.3918694259107809
-59.50380029297164 92.51614146229085 51.23780628630098
-0.3242489446690282 -0.03612441647628227 -0.39260765862394886
