100 81.61609866845411
4.0 8.0 5.0
7.0 6.0 6.0
-78.63579615167646 75.21866838356459 -83.26635313305427
-0.14893269777963175 0.41601540803228465 -0.7358347327610923
-7.845266639989603 -84.966544345019 -4.620315252781783
-0.21062399409400379 -0.08355166128305769 0.20812391214799672
-48.00172819941408 25.372706297810904 21.355085629643725
0.28697596072516884 0.03457050928995594 0.6589248963579314
-88.84378857318976 38.327453566793395 -25.78188206362339
-0.23331550334313655 0.087024689424167 0.033668805831174015
45.29084073031932 11.74912767784113 73.29824358697569
-0.19008120120842803 -0.23464025805917404 0.3488769662743576
24.361764437983503 -75.29087390040986 0.3915643920644545
-0.06222790869885736 0.0030264259893084252 0.12004241125991615
-40.181578933970194 -9.71267567947374 -70.04336183955552
0.35014038985048235 -0.5474736252320253 -0.5316051906787918
98.8613134924781 -35.316877716175455 63.837559741225924
0.37816545652168604 0.02425833735755721 0.4706185149966904
-84.20272072068568 -69.33217034681056 -49.0985152342824
-0.47158313256320805 -0.21534853134877602 -0.06853066484317276
-53.19029017653445 -58.70958968813769 -35.91959115833701
0.10773037988731864 -0.36841978043239515 0.10771103995849013
-35.6279616359657 56.42141488473816 -26.91219217458365
0.2902393669274661 0.028710306937634586 -0.14869893469630444
57.59964116424635 -92.66968130405994 29.72154235005511
0.10900010366113914 -0.33529093988300906 0.3035463961175902
-67.44360426118499 82.53501079954043 6.490670117348088
-0.19879081230492163 0.2375730671800564 0.16657532744925685
-103.82167468219745 104.11764525945826 18.41069759757768
-0.6063798809491087 0.5394080367156152 0.3469291275921084
41.4027399066198 77.55120988077144 8.946761324126978
0.7191024281875469 -0.004498983866777027 -0.09940951001246048
-8.128258821067192 -34.43879725096205 39.04790642360363
-0.6060260580327479 0.44024063193152946 0.48994611682617994
41.823926708330035 -15.284796277192736 -2.403366124018504
-0.31126491705962506 0.29548468428754016 -0.32683593534984134
-28.147775121664314 -92.58184341551846 -65.86032313014788
0.02054866626901893 -0.3366764071090058 -0.3271959562437151
-43.41879096281633 45.96422389456665 -36.02650534038254
0.26119481267719263 0.010736318604983336 -0.1851499560938405
-6.665512237604673 24.99943014873682 66.18965726467317
-0.6786080267919656 0.54825413810876 0.3604630974489043
-16.240948327596104 56.88796482806945 22.951468248208062
-0.18620574247253463 -0.14766179914261965 -0.056248410656007886
47.25568595592249 24.495010126034366 -87.23904851528705
0.49206655502217156 0.5174009420097614 -0.27947719741996463
-66.91380253556565 -83.45364357758442 -7.115988728874676
-0.1898208306193121 -0.09136818299988939 0.1613208871085016
-127.7933955371102 25.39069476471692 3.239305211956484
-0.40925841339837066 -0.21183696126870188 -0.013072303128518356
-134.7998962200119 108.96418574782865 59.59275309075652
-0.5119178364621312 0.38676934246278133 0.5181375104163453
-140.29088562576192 -41.21858001532295 -58.869078980313525
-0.33262712946561634 0.06026693573918889 -0.05637927616597455
125.84262739154556 189.06340980496978 62.74798657198434
0.41542655915432025 0.5715886372257492 0.10072210405938692
121.40531116488859 -110.43010145497088 51.511532976362965
0.12584404726570755 -0.10186036942269192 0.07677007142839619
41.88719357886064 10.942186104475361 -131.1341254566624
0.5371758856182043 0.38038710509795803 -0.5345851339407922
23.872751865397717 -14.770839646687307 -49.45185156098588
-0.09006250740478472 -0.10826339521971848 0.03955987899504005
-8.854375442857872 -83.1911222989379 49.67652473444548
0.2487332018926357 0.33472113174146534 -0.7259947210917798
-5.746679946685802 -47.63687470437938 -24.455903685493553
-0.08922114001178663 -0.11761664802451642 -0.41081330172584796
-53.57985787558677 77.05581727798867 24.052485319991533
-0.16817151489538873 0.11290104069698352 0.6992225594136957
60.74774525005358 -66.92891200152451 -61.040636730763254
0.20876326449808114 -0.2723104627126083 -0.4955375768049615
27.57709173873741 -66.07819603840312 42.76295668558535
0.08771521804241116 0.004826700318367143 -0.3699092519580853
55.075468149308705 -85.22040216688839 -47.64931868337507
-0.5091520628561542 0.44764806653167627 0.49899590820944295
-31.198590525011127 -38.66791223228858 -17.27362623271094
-0.09659595565526638 -0.4530297429272291 -0.369797658240616
-41.96862850605141 -73.41365780041616 -24.59693728883778
-0.26597924011761553 -0.2275632597850947 0.4166266682096855
-1.6628928325950483 38.342362761622695 32.51267372240517
0.41146715627323394 -0.46142910295124806 -0.4490587121534553
86.15542271080636 27.023550405872783 -77.81564308860084
-0.04203695454670333 0.6880737236272156 -0.5308207678622646
-44.50902900737288 -79.34392285827667 -19.00550249145583
0.08320612622162707 -0.2433852181345802 0.47911837821240133
25.36368447652697 76.74115339824098 -64.20439511358656
0.6294606708018168 -0.17759854518165666 0.6537482365450934
-31.102590355464628 85.65831107272817 49.440171735411894
0.5160727969578834 -0.39814834742938027 -0.4490066158936054
81.72641057050487 44.97779070395481 -69.44358980326209
0.06649411093708067 0.14810302278006202 0.28589626341550256
81.48005275493048 31.36826292136118 -32.44693421641077
-0.17468383435158508 0.22324650886334876 -0.7376566898528487
-69.22274617600823 28.96996061751051 -89.124654682458
0.7531942668856374 -0.11049232871817141 -0.2925399558830793
11.193288705514163 -75.15097966802094 -26.574253085095307
-0.38725904426146657 0.10043646990404065 -0.009526083160312579
-94.55131203274307 8.3994378248278 70.83165632006023
0.5561562874322192 -0.22870242473543942 -0.329471909476432
81.36465974187121 -69.27913011850175 -66.84452339816508
-0.16171775588604104 -0.3454052988258576 -0.11149803880320863
4.112160688304726 22.831478586997704 58.02584950248621
-0.3084123122208156 0.3564746219301554 -0.5192933464366598
-52.86939460685818 -77.83562186046014 -60.55939456356849
0.07784103983545639 -0.06975695864838675 -0.53379019514328
22.953296141843296 -54.21098866303493 66.05751273878568
0.07290886202217843 0.07805921802453804 0.0039056623529262575
67.77683741112324 -17.238315941044164 -92.8555127718626
-0.12378603253884754 -0.18381736945594784 0.0449880613528803
17.936179087655347 25.115532942082794 53.68785658615744
-0.30099751494685417 -0.16544635013759457 0.40582884963697097
65.6031806691945 77.35410154904685 11.29219125058627
-0.049072856590445815 0.07181342738236143 0.10128966809217808
71.86869085911127 94.8028372542851 -73.38110649101546
0.2598553302576949 0.2089760734336992 0.550908313458707
-13.820199016890797 83.95319094632646 -20.378408665882404
0.1664140907116575 -0.7131512235538615 0.4803072893368115
-84.96879100117135 -35.45150182472074 6.141985994373144
0.2437555017013954 0.1601441602630052 -0.22525587067531805
-45.914427897613464 -63.47555476612759 -46.557968708095984
0.34709659149859245 0.15236115325891905 0.5791280651050623
25.64286769116923 75.55380127330909 38.86842198563792
-0.4304443603135672 0.11452609197297459 0.5991159211508774
-22.05056304784864 48.76609807753405 -60.28553015515881
0.19069259658802862 0.13806655355281883 -0.2540104099609816
45.801603793378746 2.8361818561593424 34.709590834889724
0.05777485177097775 -0.2905157120306166 0.4037594491814366
46.7043545789559 48.79487149441616 87.00598066670511
-0.3944778922969478 -0.5256794461199457 -0.12377880032592913
-11.848927857415887 78.36104259444184 35.928415041015
0.24821658555468176 0.3022242887900755 -0.025630721988988917
-32.875032278163886 78.83528840904717 -68.65548834782959
-0.17401296336753547 0.3815769212171899 -0.299668833315198
-38.19314654780162 51.588332698300576 57.162767532624684
0.2176038142782515 -0.20837604022651743 -0.4970195038076681
-29.64799721282118 -27.74095311787306 5.378747797387078
-0.0541282990834266 0.05610232658743743 -0.22438025801444667
-16.246083622834746 39.13561957223769 47.22687458251829
-0.3885907637319253 0.4098408141871552 0.2721902891071925
-16.656040696719728 -9.854572236704556 -37.22839282075277
-0.3076811173331935 0.08721629860795237 0.29639655749959565
95.27184056955483 -27.14908348081761 89.26189409661325
0.39904833319272653 0.15659936471277938 -0.009814842124749798
74.19660583889026 -11.417867339327927 -63.410368431504494
-0.1369027036067448 -0.3302055427785014 -0.2875553479786522
-6.754921975165502 -10.104415146813722 89.09319968657675
-0.2656712798322528 -0.03409329986237426 -0.0034697040523654263
-71.69052849707057 -90.9141323344824 -92.49705587471088
0.16584992950775182 -0.2832638562458302 -0.5393582700678855
14.079731169110104 -67.34963629016728 67.54743353812614
-0.020489579943337013 0.01089856482368056 -0.22853703451551463
27.444458855851494 31.493864274826052 37.85608707244833
-0.37298238814646717 0.4768571153577329 -0.24450132292495902
-61.42008759448776 -44.41137824549284 96.49540110541733
-0.27755438395193216 -0.5071316173520106 0.5097585668740703
15.995923672157275 59.17967196537711 91.63425835110007
0.3662972879620935 -0.4778549395028129 -0.17506795593082183
-76.57179090673587 -62.171258762507954 74.81957177577095
0.04294223480599375 0.08889083302788761 -0.0842818899316223
-96.49150998194168 -87.53963397685776 -93.6065311809568
0.20818124871482113 0.11109542416610428 -0.27184176096331064
45.58839050879496 6.6434305310762625 11.897562104836297
-0.043949214507756525 -0.42620645906899357 -0.316596003599243
-74.45010174061466 -49.93771805661069 -2.3357612572698656
-0.6175033527824061 -0.5615001277456937 -0.15415581489652996
-20.440493975748453 -31.532405227339552 -36.394302604089226
-0.26640024955952163 -0.10214816968770113 -0.10854113782164955
-78.01799225032894 -29.3105035145457 57.28011734065532
-0.12565756564156114 -0.4375019861389399 0.37635727038876693
51.23866258654533 -52.09573806866599 88.97891491136338
-0.20311496452585648 -0.049041933863894126 0.10449123628782694
-58.451704723664456 14.075979959366379 62.521549590266915
-0.03060631124205019 0.06645572451565392 0.09571737319964689
-56.66352780560722 -23.458981222909443 -6.653630245947866
0.08854700363244448 0.3030165014377475 -0.14098654605773175
-47.31288274730767 94.24549984295726 95.43093771631413
0.23874117844314854 0.1612899177462786 0.4148426583643337
-4.331222155306762 70.80385260905103 49.7225184899564
-0.07544124856863359 0.8889694775668058 -0.02586099127275455
77.20507587408082 85.13378587757629 -50.57302667734076
-0.3639749130421741 0.04575015740728737 0.13209660500555373
-83.80315635134887 -80.95232168080793 -98.84118702864251
0.1948752489761202 -0.7313306489055895 0.5295694446482575
97.559841620068 24.2733950587388 74.06627113152393
0.06770809167263882 -0.6815891058460828 -0.6011579756053607
33.18018138102218 1.4733116721992445 -30.895282882837222
0.024534825480337082 -0.20491560799524194 0.17637741862548045
6.592163237556576 7.902020301775707 -29.257879567456158
-0.0643974647729979 -0.3082438433893089 -0.2741668942439042
-4.089736885617626 74.55658104271296 -36.28638330817553
0.6410762672036512 0.2414924374835772 0.11080453208526583
-67.40441588140436 -78.0118882359683 21.943407926692117
-0.29530707188420185 -0.27943464202898344 0.14452302426204258
9.023852623856882 79.93611456972337 -71.32554187272713
-0.11078446391659469 0.017920259928614957 -0.10674750846383002
-2.746833683982672 93.13492229120499 -13.303680539372749
0.21291773749218829 -0.04667699706574638 -0.22397320501884763
36.505824202538065 74.3216993315261 3.3357935094924898
-0.5056700270610374 -0.21311324027599796 -0.517260674236143
-31.48377519917736 -26.6404232350192 40.228404127918026
-0.0417662908074175 0.1558971394652539 0.09614896764930002
37.996514355509134 60.80096571501369 42.8988783672001
-0.24148792587575119 -0.34431061496131543 0.43021552069518443
