100 179.90447662024346
8.0 1.0 3.0
4.0 1.0 6.0
124.22824913711227 60.26730008992551 -13.260713533105013
-0.30158803117970356 0.24287352208388963 -0.15872948505271264
-13.454452726351699 -46.94037634735098 -200.04951633326243
-0.0640000226767434 -0.14960535335995365 -0.11824945313366142
-68.22350816087446 -44.68449071558955 -70.25703595896998
0.5343084175091526 -0.12904326110941827 -0.0016494917778564046
-129.86393419930835 -76.03173220978044 -148.1612060676681
0.05047007174105587 -0.28925438111280605 -0.20247874756943934
190.97264904106308 71.5232550012248 -116.93261038800466
0.3051527969223575 0.40720639926250807 0.004102749151184104
-33.195966287502785 30.844418738100465 -11.550539458510144
0.7690741275749639 0.21785984150399973 -0.36170053119879414
21.595083387665504 59.8806865049294 226.22975420298644
-0.2986179896989223 0.19816993361460963 0.3593954301355531
-128.59059170974675 56.7711359011232 129.6536386448228
0.1331885487975896 0.3273449803856189 0.19075126205592116
-249.0559553174036 -64.84208633992095 41.462369824017514
-0.46454193960017126 -0.32720443292212065 -0.16042301746513057
-106.67169332119896 -151.98084210946524 151.67581371954893
0.24796867527093405 -0.8348324497285736 0.30199783391307927
92.05667081520707 43.621429035705376 100.75077822169408
-0.24888134775855447 0.1085024239034858 -0.07524983661514487
127.7109955593239 15.604493036800607 -173.85939454598767
0.16757671978631994 0.13474648544753765 -0.12758978387522776
-208.88633730484338 31.908190031143924 162.74534499518444
-0.5399633483111752 0.14213251191685355 0.12170751017831216
278.078673387705 3.139238990835377 185.00017447895908
0.6830313656883357 -0.10885545386028027 0.5385829139276346
113.73070192349842 80.66572979488191 -121.19519590662487
-0.35985746599226615 0.35617076158298533 -0.7595326882736353
-212.94252031919297 -37.69336319138584 140.83454655045253
-0.3105220235819215 -0.190886412096834 0.29568064159246726
-101.2680237548793 69.98624483454392 252.7514979500337
-0.42383213175202894 0.29111541643244104 0.41948900373842957
-24.29681905872257 72.53390939043415 84.43858494609152
-0.45027618895862087 0.27247012779492713 -0.4706210053812909
201.0312567703501 -5.804185005892929 24.731180179174853
0.15536174848945325 -0.14026914014399203 -0.1130368421111704
52.59396237978696 5.9726315562241865 253.392229925921
0.09190115335225855 -0.09147578122669017 0.4367419010616551
-199.00027076703762 22.412124517269397 85.31341304890363
-0.1552013132213304 0.16981857937458478 0.1681739773294301
275.8735732966102 -20.9415508937495 -63.937775954385515
0.5486273572546356 -0.18054877369961034 -0.19409088923572657
64.5418737855301 0.7619170305641934 -156.47250544633943
-0.06978208634832421 0.06865955871038618 0.0314705158453309
-134.8904953082681 -92.93724431376029 -243.43021364994303
-0.3972228631172245 -0.38427988698199195 -0.42672259618065106
197.06832390208132 -81.76253418877937 -49.683765708017575
0.17986202302710214 -0.48622111589992867 0.12479733468974163
128.64825760685798 128.67476392181635 157.57817421349569
-0.1254618269404871 0.5867196354248331 0.34963694035280735
-59.98334892005228 -98.99336381209483 -34.05951476151165
0.44916533074774506 -0.4174601053866878 0.41889803433556977
-201.74716302725307 5.857094910705701 54.389396345072555
-0.1758295150706205 0.0755184269654523 -0.020208028293705983
-123.03027423579027 -28.79640771042691 106.13444280384576
0.08517064943820449 -0.16699750382248238 -0.04922009822703509
-203.76671700562014 64.16779643918653 10.535660743220076
-0.13792028424434677 0.431798240750407 -0.011385258545186766
257.59679218493164 -69.27942760237478 -182.3721363341822
0.5673805284442217 -0.401305200261207 -0.5112981979362036
-113.39854185848256 36.86644868881244 120.34545034878022
0.07382434981117367 0.18473896211244784 -0.0408227523375688
76.48697806212186 44.51773135284234 191.88398740169424
0.06862909442011209 0.11498092642204978 0.14174121050655883
72.68598632616022 21.64898904287653 -122.12997024884223
-0.30276956091967855 0.1400080872466503 0.028284746879130074
138.3121990568628 75.29324234927797 -271.58398480427354
0.4701483596811769 0.49928896603328404 -0.5586658177255481
79.03593453461161 50.22705319046004 131.7340843103923
-0.062496524317298886 0.1424691732196546 -0.12185528763823927
-58.88333023475206 60.47380134829207 227.35989787447159
-0.21028490032437339 0.2361089516660316 0.27570242591829314
173.85258448799553 -124.83544153275378 55.38835603056151
-0.028938213837809583 -0.7702138805166002 0.367511857151548
-184.22812516612194 23.645417592358264 57.72229728544476
-0.029742677156353876 0.22077420134323075 0.37920112512882387
-164.86820005448473 3.884881195167477 -16.91417821713087
0.04213791913189674 0.1307150114750594 0.1691513344981084
-104.0542837274187 -3.738952824456014 -147.54867542685002
0.030561044980944543 0.11676198768970082 -0.038955816862231984
-50.564118919930934 -27.827990995966 184.2330432987471
-0.8436655634008087 -0.29214549632694115 0.20884270905873506
-231.71536143673598 42.681022308647556 -32.49698182644257
-0.11984467908285855 0.10186952445627322 0.08785746712441268
229.45754040202206 113.49927777159913 181.94366800522334
0.3375022766351987 0.41385018366309306 0.42936228438263
-80.96989214212219 -145.61006735067792 -25.666301909464295
0.3650658644183496 -0.6127255896834781 -0.4312549025000883
175.10970582646084 175.0452469376982 -94.1512736887493
0.024435864168169584 0.9088626599899072 -0.20477040352731826
-61.31966985763408 -30.268502603678662 8.385517126704485
0.34165104476365216 -0.02815428897901274 0.30351548624027097
338.74625322770737 57.81896866288157 -120.51132351598608
0.6622233795673029 0.1874316963251534 -0.40403750781344666
-204.2878266402439 70.52210564513152 -237.8993798918585
-0.5440181481092211 0.4532633732693173 -0.40102474702949403
-18.609614036082625 -148.24120648012277 82.2386959974984
-0.301415180039523 -0.6542491576631865 -0.3253168151954034
35.38859754166277 -167.83901369158284 155.58728546038458
0.2820164138202116 -0.8830842501294177 -0.10394978288447787
-14.037470161032985 96.44749530445904 150.48359091883685
0.41524462811643326 0.3473571926640797 0.07772383184302567
43.52219591330325 96.93842174834023 -17.63470117248258
0.29784978284035013 -0.48582669195581285 -0.01373630953414408
-34.20959358654818 47.84708775272125 54.5375661240154
0.37863647423038027 -0.16697169640071585 -0.3595088478600749
83.85257522597547 64.28147945290533 -78.93036739239116
0.04846665844037004 0.04497057634202871 -0.09977359565672718
79.51817009107833 -6.805911384354985 -71.33003964179102
-0.5111881105767198 -0.6560482097328322 0.1311802317126513
62.878024638458385 86.40090657419125 -82.68368761378049
0.21323254717544615 -0.18732103975144698 0.2796823382129572
93.85498588703715 -40.90619393595949 -32.74637302665194
0.02545739873817855 -0.4383088203563297 -0.03182453206964325
61.93119420267817 13.010639377657654 -96.3857577561613
0.308922106805568 -0.3995616817514307 -0.5558354060431905
38.62942728170046 57.942384149360095 34.734622805649025
-0.36599318405027226 -0.4869820449247614 0.6706767801725709
-10.853073950739358 -93.74208958544723 86.3400017758006
-0.487896424383857 -0.33950823448059925 0.43790417313389157
84.92558597914294 -2.4173111274358803 18.17434795802042
-0.10302790274017255 0.403737058852185 0.5523139808631365
-55.51899011732817 -97.09091713757638 90.31842857289166
-0.3211372469571554 0.2945762252771905 0.2509035350568882
-27.4142768689658 10.291612194369534 -3.3457846369963136
-0.5891245213507141 0.08797786345659823 0.1535285506912271
-18.435542463682665 86.71943009873286 -37.219066146116496
-0.3019367579613029 -0.18080092940736447 -0.4207674729103764
-88.67701722565427 79.85804291165451 -17.094728429291422
-0.5220743362373207 0.5203198498305485 0.005413397655836685
22.0716582014975 23.37616616434599 33.88930550733204
-0.318627214661347 0.1842262204081857 -0.04986554489469142
51.55945636165748 -77.52868600672112 -35.49959365349564
0.26508879397053803 -0.09448275112637683 0.14770010938935324
-55.61340370887366 -39.31852876120476 37.080480991067844
-0.2508476580200659 -0.3244210501012932 -0.6678924079651635
-43.333070645722785 62.86931424634315 -97.17651529191893
-0.10276509948520401 0.2256176694272776 -0.23363602841390108
72.50498994268023 -66.71092763169966 -1.571081077063269
0.12689100645414117 -0.7541917940346266 0.16027746123308328
12.31123758873916 54.89820003271262 38.520754028000226
0.2779324358692265 -0.44732828448053386 0.020283041652445058
-0.15988068611459028 78.72317715431754 -83.34310932612468
-0.23967431477912612 -0.20394402110505003 -0.28949687966192866
-77.69570219303235 -22.53144267897244 98.83079722756565
-0.0586973012457424 -0.4218532055886595 -0.18097755149029926
-38.49708662930909 -18.451488963727343 -42.34857263409539
0.026688592107639793 -0.12059960208624934 0.10003221054526068
18.160584910387144 -2.3535814191698137 -29.775449370783846
-0.5175223174371784 -0.2438194093371308 0.5025578936296158
-5.236923360191298 -52.58456524208259 -10.030741672917713
0.5108653771837869 -0.49575070999484533 -0.45079007495382073
60.68560934930085 95.71912945362911 49.89519619464954
0.38827592487560464 0.2677667966381681 -0.5003891004492979
94.03149778176899 57.59005332546593 62.623179502088306
-0.6349235929655449 -0.2606980887547926 0.5529607644861875
-53.26458527416564 43.04988715870749 79.41219639996189
0.3306388980251026 -0.3568634596384912 -0.1672709025814162
40.041077043800215 45.90444333054154 -53.986736250790266
-0.41904624390234646 0.546610865590016 -0.2399546610219346
-75.74587729537822 90.68333403841268 93.27132745421642
-0.35327007997617094 0.6113192509859517 0.1999097709927607
74.70606552373906 49.042754893660856 -53.824314294729604
-0.051310071732125956 0.1440646839623755 0.1461881716112131
-23.470987048426778 17.25439341303023 31.533321416694633
-0.03685159123430167 0.07546238306378189 0.05623313597305677
-8.076658507059122 -76.83140339637369 -2.2182755365918183
-0.140564137548789 -0.23921560358329363 -0.17966888614154344
-34.345160649534876 -89.29328002045717 79.65703882364045
0.2560673339146085 -0.14593448910488735 0.011564077501035911
-45.87215435950185 4.350963562757485 45.84421677584163
0.26431833931661 0.6508972318693493 0.06879681222622179
13.047310900292345 -89.39594301578336 65.03820753243056
0.15115130374145883 -0.13876844555354284 -0.08260403337187705
86.4204955001365 -18.53826149549343 29.576798136564406
-0.10144752404668073 0.0749083862375698 -0.06669214703797685
-40.27732459753513 -48.644678789608605 -71.76536959522643
0.13373448675417987 0.29658615689224044 0.007225323299045032
-55.621575377185394 -78.33329243302676 -10.542202269593659
-0.34751070184605304 -0.38741253948007637 -0.44148043416628885
73.89955360199477 -21.976781029798957 28.187995428985715
-0.32204954293179794 -0.368264894914037 -0.39768479657158673
-89.43143813152778 48.3995319948429 83.92934371778927
0.17262503290252218 0.42576540140874297 -0.3842911281022724
99.64064474592627 25.798696530023378 81.51242867085301
0.5956900103700068 0.505457559418657 -0.038808474876654904
-80.48552703358673 -98.43038155233448 -61.97735978396457
0.25011841230462634 0.2896149023121857 0.011414105015426453
-45.397921851419085 -12.915367687727525 96.84262712635208
-0.34188214984069476 -0.12451826890225129 0.1658360869654341
90.98299194721082 -14.250882629575628 -64.4025627472443
0.1966900875028873 -0.1630872276254712 0.2340567386008904
-58.859272507372665 -21.193400005914427 -36.8291193159088
0.11907336157178959 -0.40841412605102645 0.11986796039473074
-78.10193537563211 67.8558816892562 -92.7083279680909
-0.5426594403010577 0.5887153794279537 -0.4342196129182395
65.089948553694 61.42268383694238 83.17234113451462
-0.23773891449485865 -0.49755967065668244 0.44741056443057414
