6
10
47 82 11 58 32 78 4 34 19 35 9 56 1 37 10 11 8 33 43 66 
5
79
91
77
97
24

25
25 41 31 88 119 158 66 71 11 37 121 204 49 161 89 103 115 181 34 129 118 118 77 163 17 60 50 141 91 146 57 153 77 94 45 123 99 146 54 90 72 131 47 122 43 62 124 215 73 169 
25
115
131
185
178
168
214
157
24
163
29
150
43
29
166
42
198
20
125
83
197
116
59
8
1
114

50
1 500 500 500 57 156 163 164 201 231 28 83 109 207 125 241 160 165 136 186 141 350 103 345 177 212 15 15 206 288 97 268 34 184 51 184 106 303 203 380 14 195 96 142 58 154 247 247 94 172 112 249 168 373 245 329 3 122 82 114 241 415 248 406 116 260 57 296 58 258 71 318 23 259 209 296 97 224 24 98 206 425 95 145 96 173 193 274 153 331 241 361 121 306 92 165 104 204 237 453 
50
496
377
344
295
1
299
318
267
50
212
352
406
376
385
53
454
284
171
87
283
3
181
46
435
125
188
172
58
169
414
452
176
422
373
229
21
464
63
427
308
88
305
396
423
298
489
376
330
329
477

15
103 103 46 46 62 62 105 253 14 41 105 232 142 193 73 194 193 299 182 238 141 291 85 184 189 359 127 326 155 351 
8
103
140
119
327
294
277
106
62

20
185 243 235 321 186 288 236 344 159 173 209 286 173 280 223 340 107 122 157 261 121 172 171 286 53 102 103 251 154 215 204 307 184 300 234 350 162 354 212 377 
15
363
227
277
301
134
236
237
210
224
158
172
104
205
235
213

15
258 268 5 258 167 255 7 56 192 323 40 225 175 181 107 111 18 202 75 153 196 243 6 94 129 242 21 157 2 46 
8
258
329
257
93
353
68
94
340

