6
10
40 46 37 42 43 59 6 14 16 54 12 57 30 47 6 49 36 68 19 34 
5
72
90
95
55
6

25
91 207 93 197 68 147 30 56 92 105 69 168 98 103 18 28 103 122 39 45 79 184 95 184 114 176 84 146 108 195 56 158 111 192 117 118 43 85 78 160 2 102 69 102 24 134 38 49 121 185 
25
41
98
35
141
112
249
178
243
191
78
50
14
17
26
34
1
105
97
27
107
104
11
15
26
131

50
1 500 500 500 204 338 105 167 189 231 64 293 120 311 205 370 46 224 69 185 161 354 164 344 170 307 149 152 220 316 146 349 66 75 77 293 139 373 217 427 223 341 69 303 107 333 243 452 139 374 102 340 101 339 101 326 62 174 134 162 224 267 210 323 231 423 148 322 68 153 22 227 169 297 236 348 143 223 159 187 223 461 1 122 97 237 245 247 173 350 240 257 100 218 67 246 36 66 184 321 
50
4
433
85
451
238
207
10
304
61
265
499
479
29
241
351
372
45
146
147
331
379
289
359
13
306
212
105
239
10
461
293
7
107
32
454
65
387
89
85
177
254
268
32
162
16
335
354
166
414
282

15
142 142 51 51 113 113 30 99 72 108 128 201 12 132 59 180 3 134 165 248 62 97 170 192 78 115 186 382 14 181 
8
142
349
51
14
334
114
249
113

20
164 224 214 312 45 159 95 279 69 174 119 287 78 270 128 335 129 286 179 343 118 131 168 265 84 236 134 318 109 284 159 342 120 142 170 271 103 207 153 303 
15
192
66
165
289
248
215
96
120
129
180
169
135
160
171
154

15
138 185 67 138 8 204 119 281 7 68 73 80 12 159 110 198 152 212 136 150 143 309 112 162 110 303 35 119 6 180 
8
138
99
154
350
194
17
226
47

