3300000 1000
25127 6170 28902
16132 26386 18784
24551 3170 7131
250 21895 1470
35934 15727 37985
23116 34978 14367
27909 35390 13930
12274 14993 13563
8106 35871 24376
15678 13591 16539
2405 16014 35543
19036 14840 22997
28440 13640 32110
5024 24060 39103
5408 18802 30706
28162 9698 11781
33184 10750 15244
36638 1660 27321
29205 28427 18682
20696 36314 32764
1056 8394 9855
31676 24821 17493
8428 1674 38807
12091 25017 29848
23340 840 38756
18719 17521 2363
31039 19613 39278
16655 34471 29229
6794 3748 28846
29377 20667 13647
18330 39869 22229
36219 31559 24243
9156 4474 12135
13687 26709 21676
1706 8671 21358
30858 19129 793
12318 22736 3291
14953 8719 38661
36731 10877 8920
24104 14785 6318
13807 27000 21980
2069 35004 19168
28577 26248 38664
32190 4749 16368
11412 7439 22566
38024 39622 6776
28672 23028 35583
33395 5276 21308
20360 12436 32363
5091 18026 38071
33456 38888 23772
2121 27395 3928
26583 35247 177
27214 35206 30614
5761 8009 37145
17624 1106 30248
1401 12616 12832
29764 26902 19930
18341 38122 20699
21298 13852 14388
12035 27975 4512
10050 2949 38516
25139 35866 13931
38619 17563 13530
35009 11510 15975
17238 17896 9916
32720 2130 3082
12715 39418 35677
24744 35896 9946
27848 14798 33681
15089 23106 552
36427 33462 14225
38767 17325 15377
29295 38332 38104
21828 14719 39549
32977 27236 23850
26373 21421 35717
27227 29373 20184
18741 7443 25976
34241 15774 9641
16357 10406 12431
31650 18269 30647
2068 2024 18524
33642 36993 20459
1677 20571 25806
39825 2174 8605
13916 21979 5555
10017 10070 4629
32406 14145 4467
36089 34252 5354
20567 4770 19042
14628 2073 13160
22694 36224 7263
21276 30803 30685
15782 13857 24164
22806 25566 16549
37705 4555 11634
123 11703 6859
8421 36951 3610
38811 10008 17957
9894 7333 26536
8646 36043 26176
21108 39719 30727
2008 26876 32768
16213 20922 38949
14503 3715 10047
21337 16974 14817
35602 14219 27295
14421 12831 19288
6514 5964 25945
34825 4457 19595
4648 15093 105
8163 16558 35715
7349 21315 29045
4941 24296 38247
25399 26913 6927
20463 12168 20769
2273 25994 164
5066 30492 6545
38993 13457 8060
9968 17264 35305
5978 3967 28070
30626 6240 20143
15777 20331 7013
4255 25225 11000
30121 18062 7301
9535 37614 1067
33703 24348 32241
11337 23349 6740
27332 38126 21
29878 23305 2571
26580 10973 35405
39493 12179 4883
30142 14577 39822
38544 6986 4127
25738 736 30614
13005 3739 3298
7832 9981 21519
25836 8402 1569
4411 10508 13676
18610 20704 21097
37420 27231 3769
2569 20372 29155
23203 30700 19480
3247 31721 13077
35834 28615 8299
7080 1092 10025
11755 5743 38945
29607 10101 5814
38169 5846 15848
3991 22888 13919
39076 7248 11961
27762 5778 34640
9732 29339 8074
19985 17985 12269
23269 35742 33223
21018 7009 12662
11526 26341 17962
19785 2717 18350
15307 27551 34585
35244 34225 9816
32651 20794 15447
7822 16069 26952
11091 13526 15921
9074 31933 14694
23437 1133 37623
35536 22983 29853
26398 16236 2864
34181 26188 28117
34912 6614 36550
9610 2407 14568
17225 29556 21675
21702 34284 23750
17763 21795 3250
9856 28015 27307
15086 30991 31953
17333 19859 1295
30476 17236 32216
35056 10583 77
3076 4790 14014
34338 11227 37018
28950 29837 28645
20430 4891 11209
26583 19166 11624
2441 14177 1970
35153 9804 9363
3952 14304 15816
21100 24254 2219
37059 18881 21349
28366 31745 36423
33105 8651 2840
30269 3893 26682
9631 33400 35659
33006 26821 28748
18873 39399 22334
29140 32911 9709
35031 39327 39789
31375 26731 3319
11522 11576 26542
847 20015 6442
10598 33224 24457
13658 26426 15008
9085 31528 227
2232 26511 10682
27647 32896 23611
8756 3140 8001
21052 35541 12369
31942 19562 26929
17056 25000 15934
1287 7448 29813
15025 13566 29823
12220 19843 29569
18189 18808 39640
27508 1883 2775
18941 31633 28219
31781 15752 37668
30625 15386 24284
6687 126 5692
8651 39643 13357
11122 25751 8428
17158 4903 6225
10143 12817 5335
26787 16146 26645
19066 21865 32368
2574 7625 6521
8840 33084 15153
19011 18826 24
1619 16084 2205
25186 6390 10421
37855 9237 16714
21808 6202 16700
6810 14706 21215
35294 22669 9868
29219 17365 35864
18324 4274 1917
1476 10664 39796
19271 33559 15890
15098 17773 19874
9607 16869 36800
15014 34698 9940
21213 38372 7086
13575 15806 21376
31416 33429 27756
30033 20322 9926
23570 6408 21628
5838 3502 27130
13486 34151 21152
9803 17368 31369
25445 28665 24602
22473 23901 2370
37743 15627 9288
32051 12916 21861
29519 34319 21511
4562 14335 4504
17482 4432 7376
37052 35911 32727
4708 6815 10670
7350 34251 21633
1145 21067 30979
35980 16944 21470
37501 39421 31624
16474 22298 28012
8551 21738 11829
28217 24771 18797
19289 38997 32808
21461 17043 32874
24152 34209 34787
26152 9804 18420
32396 4654 31321
3666 34827 25105
21806 23928 2020
16075 39546 38357
33495 963 16298
32744 35442 5108
20816 38327 8128
22973 7647 7721
22303 39429 12371
38401 8815 18825
21293 35639 3686
32004 39324 38645
7041 314 19576
2219 2645 8608
31527 32975 8068
37483 35682 33204
26699 31347 24850
15046 16247 15812
9940 24672 38391
38402 1436 11082
33421 30262 23925
6226 30751 3449
33446 26757 39274
6971 689 5386
30678 37297 26037
20444 17252 25945
34803 38051 22979
9963 31981 24237
32322 14557 1002
23181 22625 15443
28439 33808 33792
31074 17607 14041
4409 9216 24347
36952 31369 5961
36989 36779 15849
21616 26566 209
31803 25344 38144
29895 25376 13390
2885 5505 3686
21502 24902 5062
8863 1902 13928
26664 7180 7746
3336 8607 21624
23373 29983 31426
34 6296 39297
36769 29331 16723
18624 30081 34637
29590 5101 30581
39140 38290 25342
31125 3750 728
38859 26014 7221
28741 35059 998
22966 6730 14107
11066 34978 31956
21910 32661 31418
30172 15841 25087
6423 18444 8965
11841 23775 6924
23199 15168 22228
15209 29820 25406
37766 21794 20702
21928 10729 21646
10012 27740 34753
30253 14821 11580
4665 32393 16548
1448 37396 1608
20800 24603 32763
2129 27131 34148
25396 18457 19322
10046 36211 4105
15523 14990 32523
23310 15586 14714
18173 19132 19271
34081 39025 2016
13129 12730 22019
9568 13230 14988
35764 13073 39938
2951 22785 31894
20036 32830 37201
30063 36449 33474
10567 15525 34136
30172 31543 39888
23420 25126 246
15620 9112 24646
2187 20822 10220
15304 11905 33998
22742 28695 34270
21099 31756 21016
27246 21965 28870
19428 7288 17859
21241 27424 11346
3057 7549 9978
21521 9118 3663
16065 1880 21976
19123 97 10513
580 9714 11834
39354 2182 18881
32669 5719 10825
14914 2914 2182
15595 19171 12521
34287 39880 38885
31979 3097 1570
30711 5436 37082
1898 19072 37343
27879 23725 35708
13061 24841 27294
1214 6180 38705
22716 2387 24561
34210 14944 34823
29178 10316 17957
18497 13793 6649
8500 9737 20088
38816 7530 35626
37558 16663 39977
27763 30100 21094
11320 13143 5127
7351 4183 38196
15450 5225 11748
24369 20775 7043
8867 27328 29681
517 37550 34691
3105 8603 36344
7691 36636 8683
5119 31419 20797
31309 2382 17739
21748 34842 35372
15208 24698 5661
10277 14201 36080
20071 3378 9149
14996 12223 27591
19792 3294 23222
34169 12556 36541
27159 32139 33164
23401 38589 36308
32844 2981 28224
2702 22572 13267
14215 28413 11668
15091 1857 30649
38897 17786 32303
346 16732 25867
19864 24192 29276
26452 20256 39165
3842 29000 25651
29919 20531 10100
36508 38493 26627
12608 16306 668
32251 9733 33393
37151 13437 30789
17062 25674 3263
27083 12484 1297
13875 26592 21909
4610 14471 39399
36170 25899 15752
28694 23987 30057
18273 2257 19594
6094 15426 11684
31977 8238 3292
26973 3740 39366
4488 23812 31633
37322 10183 4089
8620 30346 37348
25576 30327 5824
15670 24874 7479
39672 36290 9019
3417 13660 18173
24212 7371 10651
15854 12261 1448
20918 11442 26737
37899 29543 12442
14725 30213 38126
8622 18070 39337
19577 22165 32502
24452 12206 6604
19059 9898 5145
25428 3276 28971
17837 11817 29905
22821 6649 21548
18518 23283 1704
34338 13523 26435
5492 26709 26459
36870 24489 38744
21687 20224 28178
33064 30047 18687
35266 28910 9556
28904 22400 24994
3933 3820 35280
34249 8796 1434
5018 14750 23499
34703 8506 26063
34521 8712 5475
11806 31835 24152
38064 26024 20336
18228 2057 33539
23862 10284 7790
38464 21987 6389
38627 37903 15681
19297 7416 38594
24968 879 39540
1066 27737 32767
14174 39774 17429
32670 39143 922
38488 34111 6071
19011 27478 37579
8082 29064 25232
3727 23399 34341
20786 10772 26549
4353 11276 9676
16474 12408 29611
5928 6458 38387
25235 24711 22728
2098 6108 30600
28852 8171 16550
2304 29681 30668
31419 9991 30690
20701 14015 6253
30368 5057 2390
17674 29546 12891
33874 6259 18282
15822 32087 15753
2400 26972 14990
31275 38189 19376
30338 9355 8574
32183 36442 11870
29459 39720 35379
18285 14059 27237
34266 30793 5454
33913 15331 14044
29751 1025 20265
1626 14107 21544
18978 21077 11866
31947 16221 33904
13249 26619 35291
16555 23994 9184
2248 21662 24401
2874 14420 18753
1123 19715 15410
33704 18341 14193
19885 7436 32014
32599 25186 38595
14050 3819 13470
34642 2204 21538
36436 32921 3256
37240 8763 21100
10202 32012 27778
17026 37086 5159
25649 37063 23677
29917 13534 16268
5144 32652 12872
27806 21669 35650
24787 7732 10419
36539 20960 22338
4379 35847 6856
13354 34629 15626
15286 28050 17876
13085 11998 16528
28783 32083 31774
22786 20141 14742
21871 39227 29020
10159 24839 27160
7342 676 11983
3888 33601 29499
35004 29545 1354
36893 19725 21736
3997 30486 31775
24032 24347 31545
35248 24972 6200
14496 23214 6647
17255 14673 15867
26488 6053 14141
11328 29948 2975
28322 5547 13180
36033 4496 9350
4493 9437 8
16629 23125 22707
30911 24524 7963
9507 26243 27531
16824 27116 693
10039 21802 4832
24500 149 34568
5542 31962 38406
17679 7595 23136
27450 39130 25959
13469 32338 9520
32776 28395 4118
14776 21117 5226
35023 34183 34720
16414 3139 22426
28736 33908 21515
36895 19850 16226
10194 16749 19348
26924 13228 2389
22535 258 8528
9936 32934 21767
38196 13015 3519
21740 7748 36242
5548 27835 23486
31720 26694 31856
18157 19061 2088
11649 19135 13274
29147 16127 10373
23790 14563 18836
10631 27153 15461
12780 25922 1377
17715 37105 26112
198 20534 37038
18706 28841 22327
23445 1195 39618
7882 29020 36188
12109 11031 17729
13607 6558 39558
32111 8451 30284
18886 21817 35692
9929 1851 33795
25315 15442 24706
7424 19849 6337
39329 3605 20756
38976 25296 19420
7851 32984 6430
36613 612 33767
30018 6936 8024
25200 24895 20758
33887 15820 9458
39357 4077 5375
36923 33705 34952
16358 6086 18775
15269 32460 31349
28293 17054 1627
10540 9846 3155
5103 16312 25233
14938 33734 4573
9705 14180 31508
36730 13720 8813
9907 5211 18372
5791 33656 37723
30467 24324 31393
30388 22235 20966
21738 12709 11362
9990 5822 29054
24196 17973 18379
37003 32035 20753
21934 17947 9561
3999 37902 26476
21912 17410 28037
31732 9715 1046
25336 2958 33078
18412 10951 31808
28143 17762 9184
4197 1744 24541
9454 26619 29612
27046 20527 39691
23903 1886 30500
29425 20427 25183
14689 15047 19196
17137 33412 2482
29421 3302 20674
33928 38244 38355
22493 38429 11128
36843 8498 2345
33651 33721 3374
16215 19410 4793
15009 34796 4841
31572 22379 31634
33059 37367 16722
13697 1960 39055
11574 36041 13719
18083 26651 4030
18290 14029 36454
14016 31513 36630
35747 9189 26351
14829 2947 23046
18969 15492 14819
29795 3621 38664
11911 4915 12295
3323 1573 37965
894 22959 30686
2540 38421 25184
33928 290 35077
10351 27878 7772
20343 14775 1145
22158 12584 35086
8879 9403 37862
13850 1594 11874
119 9421 15548
25288 21656 17150
22942 36447 19619
39717 3904 18832
2890 18675 8010
2666 14207 29132
19105 4966 31606
20642 39542 35350
8258 24431 21048
8490 30172 39822
24298 20895 4867
14007 7503 31237
27837 36565 2881
36203 9147 13702
26337 9065 36762
31919 11048 15241
37958 33720 12636
16338 19961 35627
32543 11891 7137
6757 28769 1737
33888 310 26870
36365 15277 13851
14467 38685 3351
8533 35601 35813
1898 7269 14211
17898 25578 16871
10660 6131 36732
29192 39770 28500
23781 15846 16760
9432 5993 21954
32303 8714 12949
23204 15587 5536
1433 13708 37020
3845 29197 24400
19155 35073 34260
19671 34989 39816
19294 21104 15876
12124 20999 16272
4704 18527 8285
28070 8964 22265
1919 37341 37157
29602 16608 20206
27958 12812 8683
38366 12126 10608
33793 24859 36939
37748 21533 31663
37792 4726 7001
863 38090 26360
13641 802 33584
29416 37637 31681
19272 27402 1989
840 6919 260
23205 11046 19568
15814 35207 28518
13134 14996 26519
25226 23421 5553
6698 37377 13026
18025 3456 4678
4666 29115 9960
15061 29968 26338
8898 22921 1353
16447 37792 21527
25241 21733 39494
34593 28824 24384
19089 23032 14383
1314 25652 17841
5100 39660 12637
9058 32310 11285
11126 7482 3098
34330 23623 31098
7811 9986 27768
10708 8648 16845
25012 12190 38112
13177 746 14195
37873 35568 29421
5927 24389 26321
22779 34788 3933
22617 6299 30949
23008 32942 35679
38927 23084 2760
14857 5799 5582
1532 11466 16500
29516 4326 9766
26418 23519 17459
31795 2608 13182
4105 28800 36103
12693 38739 5265
11383 28693 492
19017 35103 37668
33255 9825 2201
11189 36409 6228
10800 28723 19396
28125 3838 10263
33920 30808 28519
28698 2888 7109
6572 27716 19839
3500 1772 30690
23133 4122 9981
34197 7193 649
22691 18055 12917
39645 8939 15993
21473 26315 32231
9592 36685 16020
13958 15215 7566
23087 34447 31125
33964 17221 9210
2887 15238 35862
35755 9776 6434
36537 26316 1316
7253 704 21830
6796 25931 31994
8155 13116 28788
4498 33571 17633
10315 24596 20000
14678 23940 35408
9216 34261 146
28759 30192 30218
14290 6242 24664
26179 21527 30035
39926 32004 4435
39763 39962 9976
22366 37210 36796
9921 6438 13645
37365 28784 18228
28289 23648 9936
33943 5661 26126
30813 15407 39902
1952 21842 27991
37173 15301 10528
35248 26699 36049
27002 10567 35044
25462 30989 25634
34529 673 4558
11884 13087 11827
21483 10042 29310
23194 4387 34745
10300 33420 15217
30262 29439 10976
31652 7434 39793
16713 7498 864
12805 17135 11274
38437 23577 12971
20881 3978 11188
18783 24677 15993
12078 34673 13781
11218 31343 20386
20753 9632 31375
28302 9174 9309
4893 2306 25281
29022 6139 34037
22213 34844 24743
29477 31160 16673
14100 1488 32520
14732 25974 18123
20490 39424 20957
21569 8819 13487
22329 29516 15263
6270 23100 34601
23567 22998 11549
5595 11696 24583
56 3423 27542
9048 4114 12167
33864 26927 16571
34422 36788 28313
9996 4471 30339
10103 29968 37498
5063 5958 9919
12587 5329 4425
8933 36976 37088
21141 25954 31552
19956 9017 24906
27931 5440 27208
5357 24809 2301
8452 31216 30643
859 13928 10266
9208 22226 14673
34027 30829 38551
27083 22374 13205
10539 20340 1712
9720 31373 26319
10321 39107 37456
1896 8023 12604
32839 4127 14425
6623 24988 32274
4377 2778 28352
39723 10371 32098
7996 34819 30546
12080 9895 8241
38482 23708 28784
18676 23360 14676
35419 37944 589
5689 777 3080
193 18646 30639
38225 21885 1597
39401 13711 16601
12160 30759 38167
4907 27401 4421
1215 1449 8215
12345 12653 21158
85 11366 6651
20472 37529 8397
36356 24315 6326
6243 22158 22830
31486 11837 6804
12346 13271 37799
5294 1171 1848
20757 479 29240
13121 12209 4923
13652 32437 30163
4147 36423 39317
7695 33854 6654
13209 11751 24742
19646 21389 16481
27437 17345 15111
14516 23834 19383
12737 22748 29923
29357 9815 23949
25336 39243 16414
23940 33834 27383
478 17912 14902
14168 28142 25327
21554 31669 29547
19694 14739 13179
22228 37769 36056
9501 5701 6808
18455 34902 27214
6986 18082 2570
16816 30867 14870
37450 22131 20737
15616 30262 36967
30189 28459 8893
6837 1484 24970
2881 160 4389
9982 15125 29086
11613 32581 16104
8013 25646 38017
20347 7380 6646
30688 20302 25111
21739 13996 9049
4694 26925 7473
13686 30051 4980
25350 29532 19134
38824 34106 20677
24654 34128 31325
9969 6910 9698
14376 2884 10930
18553 13577 12363
7845 24228 22351
13084 12001 35290
15151 2523 6873
11660 34289 38745
16102 37331 34938
12886 11612 11081
7542 38887 7113
20787 27425 6067
2506 15899 36275
24727 13193 2749
24422 39466 1110
28567 6757 33114
34209 37603 28371
27445 18130 1249
15348 27972 12677
5005 15292 16978
8293 11057 15730
2954 12836 3795
8769 35326 17812
26126 3803 9924
11813 25534 10570
16699 37243 4565
35029 9899 36011
16651 20171 2314
19987 16690 37679
13915 27091 679
26560 19889 18476
26596 17251 3922
3379 25267 27055
19126 4529 8061
22165 17583 666
16577 24298 4002
15272 18144 23507
32627 4820 22548
16140 39551 9073
21761 19733 11779
421 25316 36025
18522 30468 22696
39036 15587 18891
18007 14368 20673
34741 493 20948
37307 957 34057
9658 20932 18545
12733 9235 24854
26736 7940 6794
31479 19904 12819
27225 36062 3470
29832 13020 20143
4227 7807 22384
289 33343 11972
9607 3584 14900
7010 36492 142
18082 35546 8173
6725 21674 39087
29194 29560 27666
39518 2552 2519
30868 31852 19185
14097 15587 6999
8220 28308 7995
4526 18357 30576
9763 26300 22809
13273 12034 352
6321 37323 5083
24632 23608 27656
5223 27708 34538
20989 3726 15207
23051 6019 8065
19343 2641 36289
28022 39062 13743
19822 37377 30009
1662 37620 28364
39814 28490 31856
14259 15594 39351
8406 28734 2152
7375 15282 9148
12710 39657 17929
27896 3297 20854
5534 3291 26881
6571 1360 17438
24520 3974 39712
4073 6051 12160
30097 11021 39779
15246 12200 38107
26693 1939 22739
2207 2221 15717
21030 8572 25458
11514 32704 15141
7378 5039 27916
11638 25798 24500
16547 29485 11569
29912 29007 6919
9970 23917 23467
5947 89 7896
18214 33677 28213
23223 8422 27793
34891 14831 23433
1021 7076 22993
8902 34729 33086
19176 24498 3365
6626 9057 29151
26999 3541 36119
39711 1647 29608
10939 3366 32361
