3300000 1000
20743 26042 31094
23816 6080 26971
18977 17071 35296
8933 2811 53
11256 23973 10195
23842 27677 19259
34431 24689 24823
14535 26752 11407
19513 39855 33411
30771 619 13070
19524 26069 27490
23868 17294 3020
29522 28278 20701
7879 31034 37866
21732 15015 31229
32930 31529 7928
13777 21386 15118
843 6416 7775
25580 26609 23724
759 21208 1366
8320 32999 22023
695 6017 12372
30030 14273 34835
32409 23297 28616
17528 34002 24637
23328 4451 36355
17218 37660 34219
16169 14456 34465
28443 18586 3154
34597 2534 23067
22608 15754 15351
21118 21854 29073
1511 21558 6170
30076 37512 9529
25203 33349 29918
1488 13293 36404
7470 16190 27777
14561 5614 26251
18144 32518 16411
492 5336 2176
18730 20304 2576
11106 14614 25801
28525 1846 88
2965 33623 10641
20341 36937 8662
29330 38513 14297
9686 26423 28833
6854 33033 38939
12446 6308 4715
16080 26133 4551
10273 10069 4220
5322 8059 28468
32287 11579 32985
1531 18456 25446
1193 35028 3229
1404 12046 33475
26740 17952 5724
13372 9665 21199
18752 11743 16832
29673 3965 2193
18765 20512 9105
22648 35808 4284
31350 15506 11479
30728 34884 6259
3692 15325 6579
16409 13510 39944
18046 25325 23851
11163 30180 37145
16914 33933 6345
6528 34710 17550
28089 24415 21959
20012 24396 12222
283 28635 3364
21714 4866 6884
24787 34418 1431
26413 24346 8820
4210 2721 28620
9124 12314 3643
5650 32992 21656
33652 22215 7827
22438 36167 35587
8460 26247 31070
22581 9018 37808
32411 11498 36678
6948 28996 37866
35917 39709 25355
4737 32633 36710
21817 28635 10619
26438 8311 20873
17447 35350 26937
12896 19627 29684
16647 18688 37485
34704 7337 33202
29249 3811 22127
14699 28228 29760
17434 24173 27863
33923 3179 10701
25979 3942 11077
16143 12038 20146
9793 14957 17472
25874 5519 15223
2141 30018 13763
39892 25174 679
15939 27686 1574
21881 10124 1228
27294 7387 9500
1345 16869 32844
38528 25761 20432
36085 6394 1484
14490 35042 29070
4131 12096 20558
3753 28656 25852
10646 25391 21218
22107 27856 38304
1269 26365 565
33318 21872 30633
12985 35197 13064
13194 31292 7103
25506 17098 17880
15307 14774 13130
6810 18897 22287
31739 18062 20925
8174 35740 30644
31102 9743 28048
7439 20402 7171
411 15771 4464
7612 37817 10014
23345 13479 9499
25623 21019 7220
28863 31955 1516
23985 19754 20959
22783 14996 11781
36312 8446 17431
3730 21982 16741
39486 8585 26855
1519 30260 18195
13424 32351 15571
11362 17869 14444
19267 36971 32226
5194 35833 33985
12010 593 17889
5327 25012 19212
39895 33010 34798
12833 26126 25777
35418 18136 26067
10266 19101 23241
31212 36858 10422
18278 33882 32888
4428 25506 9406
4302 18016 3645
856 30181 38369
32366 17706 21004
26526 22124 2555
18070 12950 27096
34935 14477 18347
9162 6644 32790
5493 33462 37327
4771 26803 34171
32949 15374 25693
10824 5438 28505
4757 37547 22195
7615 25147 28152
13616 13558 12959
1234 29541 22084
33682 23449 33718
16315 33749 37744
5442 32659 19059
25065 33025 10402
32555 13328 37639
22138 26949 12945
26597 28575 38085
23878 28846 11299
2621 23841 29975
4704 11837 7666
35064 22930 15846
29014 18223 19022
32989 2813 37284
32675 17691 31382
16998 32908 18336
921 5748 7438
29127 38512 29081
36532 3189 27715
8366 2405 16619
33119 13635 30367
7484 10370 30361
11090 22680 26373
3718 12635 11590
17318 13051 10331
30640 29297 4450
32884 15448 19019
29153 7456 38569
19035 22076 25773
14248 662 21783
34521 1225 23013
14488 25606 8734
21492 4907 26458
28330 35353 35231
17013 35092 15711
30446 26640 22071
7919 32346 12271
32406 29594 17714
36546 14701 34629
33332 24094 32290
23730 13068 32338
14043 24167 25595
15017 38889 27005
26579 22012 38497
30598 5662 32113
33420 9500 28447
6420 27956 6915
688 10768 6175
28282 29514 26569
30168 803 4195
27673 27752 21900
34866 5414 12068
19673 28238 12317
3808 24528 15540
5389 16449 22145
12391 27554 36272
16208 19890 6460
20971 25824 15049
2219 4597 25310
78 9610 27118
7399 21487 36085
26045 30295 3372
38824 8233 37807
31030 10933 27655
11938 31667 39905
10446 19068 1630
33052 16902 21936
14924 25948 23199
33852 5001 22101
21726 37179 27105
38487 38642 4231
17083 11907 32293
19336 415 9835
19502 23326 19479
25541 37859 13863
2868 7244 28299
32493 27752 24500
13394 20975 6224
24776 1429 25354
22037 24161 27869
19972 3368 8645
28138 22389 7850
1369 13668 38931
28206 19588 17398
7128 15958 24738
32055 4626 36122
36898 15229 23559
22119 9149 29270
23490 1571 29651
17553 1087 20687
22500 34423 9902
19462 25255 30296
18727 17890 15947
8191 15979 24126
30919 26567 18259
6485 30880 8967
21784 34825 35255
33320 6974 5952
37260 36888 34845
34409 15251 19671
2573 10076 28465
9775 19949 31200
17107 4481 12368
17606 27691 29241
20102 37234 28361
36579 25090 6970
20114 35735 37741
26150 8991 20752
12358 5527 2036
36635 24883 32709
18715 8427 32105
8545 11100 2697
38325 35097 22876
22440 22501 6714
20112 2071 4565
28463 31580 29071
601 18151 22540
19180 25860 23765
15149 36153 12115
22225 6025 4452
28730 4060 18238
25680 456 30592
15930 7753 8441
35670 29845 4883
29144 8673 75
30491 8015 25240
38293 21775 16973
36353 22306 20809
35346 36921 7415
17318 23322 32208
6624 25845 26723
20817 37713 9483
14813 26079 9311
38196 34350 15418
33940 32260 15199
16481 36082 26507
20582 23442 9671
20582 13328 3757
25257 28466 24395
18678 25551 25052
16269 4601 2636
27540 17637 16072
30057 13152 39836
37024 37341 13581
22279 5674 12203
15360 9708 38813
24857 15658 38095
128 7112 10394
18200 10957 28277
13612 226 22130
19019 12319 15138
36593 34530 19141
5618 34151 22936
36051 26233 23145
4938 3928 13049
22026 33072 1995
23221 17529 786
30589 6077 8199
18667 2925 1495
24455 32537 37818
33740 30350 17533
20275 27212 19738
9397 5130 27710
37455 35891 18600
30569 28636 20410
37786 34232 2365
17205 21608 2605
2009 9908 7750
20901 18187 38723
25316 21315 15486
31273 15968 10236
38129 8506 15963
4095 4954 12185
3369 4031 15142
27150 26978 24478
24863 64 8597
39543 5863 10575
13277 19720 2017
17680 17739 17211
1839 33702 23810
21903 2965 26745
26786 14632 32700
23190 37021 35247
11539 1763 10149
25127 720 11837
27718 29710 39829
5744 24976 22571
109 35538 4332
21434 28341 39548
527 36018 21207
15590 28109 6576
24946 25502 36421
20161 854 27941
39675 38929 36651
15142 35523 7275
2545 35284 11864
33387 7201 38751
15628 32200 39987
39570 12378 13496
33849 36108 38103
26367 24936 5016
12807 29080 2423
11884 13004 29566
20576 35131 13881
23575 25156 14519
12357 32254 28651
19623 29019 18155
3881 35616 79
27905 9308 32803
19818 20213 31249
23891 29990 9558
13574 4049 33973
39804 8010 12534
3323 14481 33537
15404 34461 3063
14532 35305 4721
4245 2597 18185
149 16322 14416
4039 21211 25804
26892 39704 9890
23524 35041 12517
8192 35050 32212
25827 29979 19601
23310 22800 4247
16367 22107 22411
15721 5924 25549
35217 35659 31076
2817 15888 3784
24290 22201 18921
9143 8218 37289
10375 2500 19643
16525 15575 25833
26224 30263 10275
39485 1162 3047
24142 6947 16460
38162 17134 38435
11282 15301 29761
21333 35422 11107
17422 13817 20864
31050 34778 23268
22114 36756 26115
13333 4269 6521
18940 12390 17820
6802 29349 39902
28955 27768 19782
17891 91 36427
17256 20300 7797
30607 12304 30101
24824 10160 12377
12460 24209 39078
30956 7400 30230
243 20831 5593
31599 29514 33640
10170 3233 12106
3772 13955 24824
21543 23241 27099
11793 35946 11660
20651 33793 19982
18895 33486 9893
37388 20867 20196
16200 30257 35254
28614 2026 21994
4016 1364 31091
14434 624 9833
2548 16514 29438
36720 3093 27415
28653 11280 23009
35154 18223 8515
16875 6120 32148
18308 28635 13338
19745 10087 29080
9103 32905 10946
26260 29596 39691
14537 32623 27814
31143 32696 9608
39263 29758 34409
5927 7724 35845
15301 37760 33319
19301 10455 23781
36928 18931 19900
18828 28158 25671
30007 5047 31268
23035 7393 19846
24622 3138 16317
14677 58 802
23146 6995 24516
3087 10929 2657
9482 20838 17470
98 38286 4291
16364 18789 38842
25343 36473 300
31837 11465 27225
25305 8212 7904
13926 11060 27524
20906 2164 22939
39363 2740 23939
30983 35606 28935
26061 36662 36501
30179 29632 30458
20587 31643 35846
6942 1402 19980
13631 14320 26011
30267 19280 35696
2242 5834 20181
29971 3584 30487
36722 2740 35235
16498 19975 17240
32824 18296 30722
27164 17393 27984
6478 12734 6561
34306 25256 12996
16931 5551 15443
23692 30491 20273
39906 7346 33876
18831 27442 38615
38793 30429 314
7316 9663 32238
10363 19899 5775
887 28177 29510
29506 19522 22380
26719 8789 26507
20056 30859 15003
24059 25783 13748
24194 2686 34769
26577 15917 20227
8834 24756 38401
6608 15186 21808
1404 30655 21666
7972 34815 22041
8833 15657 492
11149 24734 33172
26474 13836 35800
23080 24837 1285
38001 35803 13363
248 12386 27011
28914 13369 29512
26333 2700 10691
35068 6714 28988
18359 4032 13255
12331 9200 20
15159 11219 10435
29417 29519 39365
24792 3629 29069
37893 37663 29317
18678 8787 39922
13913 3771 21573
1285 29064 35847
18319 16524 16381
26152 34021 27882
39321 15447 20535
19025 38416 38118
3739 29946 23568
11013 31753 16450
1691 3504 9215
32928 9077 31993
35845 17919 39865
29869 5259 38204
22151 39078 8494
1534 31000 24621
30489 5996 32242
777 20040 24911
21238 13096 3176
11078 12375 9833
13659 14432 15525
6852 983 26202
9991 22807 20718
34420 13960 31053
18856 35826 4872
13741 13324 27820
22291 34109 34366
12050 11598 34064
5634 19712 14413
12531 39262 9914
9538 34096 35614
14148 19921 6333
24689 11745 25791
389 7665 16038
31176 13648 5952
18617 32207 7889
25486 39211 26480
11468 2870 31920
19953 2530 18504
37111 6936 2170
3682 30314 4438
26702 37111 4
18785 21583 7281
30153 1055 25398
8819 4327 17406
18280 36983 17511
26592 36485 28631
36112 15540 33422
30375 29272 38944
9392 22015 29959
34906 27185 6934
20779 36630 18550
23113 35058 39194
29807 30652 36967
29357 39775 10455
4748 7917 17419
25330 27216 1216
6783 27595 28205
19747 1847 30324
30560 23006 28273
26506 19974 9880
20301 34783 13264
7046 18077 12473
32163 18047 33999
14964 21327 21548
35636 4610 18153
4699 11500 17683
30982 7154 32816
15759 8599 13760
8444 8384 18268
26863 36567 30477
38982 29718 24960
31393 11054 171
567 27115 24747
28310 32293 31678
22035 37088 35816
27992 39890 1674
32639 18239 8992
33466 15055 17991
36642 20496 9808
39729 36127 8728
16791 36334 28829
11864 25920 2049
7767 22920 37303
34882 24478 19745
4964 13246 15434
27278 24241 29884
34138 28799 1272
27163 25135 9245
23630 12502 11362
36632 12711 23082
29757 91 4196
16846 23645 1825
12992 8097 31778
10849 19218 16930
336 26405 31743
19672 13509 37881
11712 1938 32343
7678 28748 38409
39177 2270 30498
26401 15338 16025
38837 26062 30219
16510 38835 18196
32667 29622 37748
10534 30817 29179
25788 35952 11988
37798 33965 10929
8282 30949 18700
13311 10396 22411
30957 15342 962
25153 15998 26636
11088 9242 32558
7427 22172 36869
21880 24546 12715
30491 34192 31221
36584 3160 8296
18000 28096 9511
7007 23403 2780
35094 26247 2151
31804 23849 6033
33135 19181 1610
38935 6393 35047
4638 6278 17772
27525 114 36519
20956 35681 15316
39816 6384 38603
21246 9419 4325
18918 2926 30410
37739 33824 9553
33062 36205 16908
25309 34155 24238
1118 5758 22817
23247 9602 5544
12466 24429 33817
19403 27699 39847
273 3557 24144
34237 32671 25841
9881 4116 3036
2621 11811 3414
15866 22105 4380
9654 17953 37227
6703 7121 18026
10592 36560 36400
23670 9021 33252
36714 28908 31955
8080 9190 26063
24145 26717 23806
29368 4147 38597
26176 948 11929
12189 31054 2172
28082 39582 34597
33037 35159 19409
1722 32292 33140
29591 22976 12952
2593 20370 15239
11347 33615 8500
6270 24494 2397
15394 25177 33641
17546 8132 35277
26564 8069 25068
21496 34236 14177
24416 21471 31461
30244 390 31695
22944 25150 21291
38820 28986 22423
23599 5352 8929
14529 34513 36691
21252 5837 10451
4720 38918 29177
28233 14753 18270
37063 16900 825
26766 8745 18453
19527 37693 23960
9344 20786 18483
4099 17663 16576
5873 36772 367
29105 32811 21423
155 18952 22883
23333 23460 36201
35939 2757 37386
29981 22359 4833
3161 15667 19140
2318 32306 19074
30633 25333 15285
23177 37105 9734
18696 17335 17681
25613 4807 23110
18052 26397 38856
14401 20321 26792
32905 20391 7061
32432 39609 30952
17923 11608 18591
12 29621 7444
38571 37299 10429
10687 32727 20663
10604 17292 11066
12269 11758 12564
3497 25995 34305
35021 16842 18979
16528 9819 7414
27981 4336 1984
1290 15716 26806
624 21131 13222
6962 21440 34163
11391 15181 36668
16412 13919 12026
3543 33416 16071
32604 5821 30539
26212 24692 15557
9238 3986 5637
32450 20064 14657
31303 9657 22194
34677 32323 22956
6352 20391 39377
26581 20031 11593
7084 1326 5431
15079 37935 38573
19687 19433 30831
22350 9440 26613
11188 12872 11359
20529 23508 2977
32314 35686 8430
5853 13797 14016
15744 38418 33953
14834 9958 38743
36035 39670 13744
16603 33053 36146
14430 24977 38667
18742 9978 39177
1499 20450 17362
29018 19994 29349
29777 25852 23479
96 29690 3890
33687 12648 5184
5412 10036 13866
14852 4299 11186
12841 33643 32517
38784 22500 26843
904 31591 8595
38291 6195 8307
5903 13860 22976
29882 19729 14032
6550 15245 33298
894 5371 39995
3730 31318 15783
3325 33077 2495
25587 36481 16775
14898 25584 22486
18464 13179 28757
432 31395 2124
36880 26265 10144
17726 33405 21941
21082 17125 26292
34544 37666 19982
29437 7302 2530
26456 27807 15278
24694 1132 5461
27556 31220 5466
27874 11537 30796
15825 22332 25306
26123 2427 24291
514 39354 3507
20693 8573 3619
9316 2778 14994
32371 15679 35002
22571 6011 8664
11471 11580 12816
36318 9461 20878
30227 31093 33117
26535 33291 20658
32193 5144 14318
12850 5810 27491
23551 29975 24589
38022 38993 18144
11596 33192 7401
15140 15800 19039
27969 5483 26364
11036 21673 25897
14485 23412 13256
10264 19814 34507
11073 34289 25961
13023 5105 31878
29503 34862 7508
18751 15720 12038
11783 25839 17421
28967 18984 914
6650 2710 33049
8229 31978 17601
740 8610 4027
37578 36153 11479
36801 6194 22482
28834 10486 11107
19319 38347 23823
30105 5533 24766
11882 29998 9194
25507 36707 38594
38932 11612 37125
15044 31847 4122
12253 28191 33957
15580 2731 21571
5831 16454 34994
8014 27810 4826
27055 38359 36325
22869 5286 37527
447 27816 4439
821 17949 21458
4752 10221 1745
35286 7260 6492
2190 2526 7257
28906 22032 6380
2919 17684 20376
29433 37820 19988
26581 12460 15765
5296 27102 4408
5831 11101 10204
5010 7732 32269
15749 31950 16024
5084 24003 37589
8899 9746 4083
29957 33569 19862
1545 4325 30453
5040 29072 5123
17957 31993 16271
36525 29294 34082
33799 17352 21815
10205 18586 33360
13188 8043 35334
25132 7105 31619
14094 26285 20030
23964 11897 17443
35450 24791 2675
9052 26200 11276
16082 28154 21807
7728 4980 28720
32317 23904 26372
29145 39035 2252
39067 33396 11851
33091 15939 6464
12877 3734 39766
39472 19218 13164
16581 5708 1064
9122 23732 2916
30484 21340 9475
5744 18398 21613
27304 7305 28294
1695 5688 35710
6676 22687 20868
11860 34317 5064
9120 24862 7106
30090 16831 21236
25730 11959 8634
35411 29487 12138
20655 7377 26798
3476 6726 33659
28856 12452 14287
20493 4750 36370
7495 14733 32713
27273 22778 7300
30031 2927 37378
39386 21794 12946
24877 13709 21778
3696 5693 35214
28307 16547 27784
25912 26601 34087
27328 13613 38399
15561 1037 20815
31448 18287 28950
9432 19164 18238
36447 279 3988
19947 19981 28296
32689 10850 27780
11022 11143 7692
30065 2191 38231
35777 2788 15148
20681 12490 23636
27611 3512 4241
35719 3236 9640
27751 12617 15604
9747 33522 15577
35425 36448 1137
35108 20411 36277
1710 6505 13323
7203 8063 21691
34667 6528 11512
13797 29698 4435
27376 28007 18202
16103 13486 22559
14239 25154 19697
11139 28342 31856
13529 20107 28215
29112 3189 2027
23433 38448 31594
16958 26457 26668
18812 17406 17270
9362 8828 23280
2636 36873 29391
19933 11196 39312
22102 22586 17364
29035 31871 23849
4720 32823 25576
17112 12652 14303
37099 8648 9156
27367 32970 5416
6987 1510 30520
7519 2181 32017
14402 6953 23201
38961 39192 33113
33366 11126 18812
22972 37016 38246
36486 10526 36983
1326 31249 11302
22741 37913 7878
860 13762 28830
14083 39947 22070
24019 9767 7746
6122 34240 39484
14964 6483 33103
28802 33471 8955
6943 19604 25866
2366 5815 9977
16967 30879 34135
15114 17752 33093
16299 13179 22797
7701 25945 23303
19404 23725 33721
34620 30218 12729
39140 11488 22453
27766 38181 33023
33460 38465 35469
28946 31366 25883
7395 35278 12423
38140 16951 27270
36817 27792 21399
15485 639 33490
26715 8268 16653
37956 22811 17324
26331 16072 5313
21281 6160 15902
34937 17796 24476
8955 31557 10475
19861 14658 6316
11254 35075 35874
32466 12665 9527
8523 23459 22273
15574 3917 25001
9861 33843 1104
7102 28715 37722
14954 38747 35315
17706 20640 19598
36740 3930 8508
31690 1681 28636
7 36952 20200
2078 7396 29804
26967 37037 14473
18451 32443 25716
11802 33031 11110
6499 21732 39141
24172 2603 12147
20918 36299 6437
6160 22313 28404
16658 35738 866
34170 13245 14463
28331 33302 31421
29976 39304 35668
2327 37855 38377
25310 33536 13005
18233 37284 15999
24468 15892 7780
10353 630 9237
21403 35430 36673
13964 39688 18281
11687 9295 30873
24926 21502 17000
12405 35523 24016
34220 23269 1369
38624 26411 28575
4124 2618 2563
5361 19949 30325
19535 1671 22417
13001 13693 36313
32466 2951 3197
24691 14787 25017
31574 36002 1953
10902 36498 7992
37589 25506 35866
9341 5718 7392
23964 10610 39788
11829 15080 35651
27407 7899 27419
24392 26734 34238
11378 19511 3211
28086 39936 18794
34883 10402 22842
25609 29740 23197
