3400000 1000
6096 10169 36651
16382 16411 8045
38932 30584 1907
8057 15356 32343
16273 31348 12090
27559 8141 4813
19725 16293 36373
34248 1505 38594
15690 12166 29761
4422 25015 35900
27226 22418 23470
9926 17576 39678
9281 3988 33216
39712 35994 11394
7544 34478 29624
454 20598 5115
27334 6979 23572
21917 4570 21562
36141 8048 28743
7392 455 9907
30687 4426 35165
9679 7496 13508
5447 30648 30457
4418 2952 26861
37714 39662 372
30361 30166 2656
636 25692 37446
23980 15959 35875
27546 3476 32975
21427 38686 17054
33958 10310 1896
23489 21027 36556
37938 15737 6140
5458 18328 21178
31521 5888 15407
5633 9891 3964
37439 15813 28799
10541 671 35148
6091 17818 27628
36315 9660 8304
12133 5382 11473
2018 20006 9445
12512 22251 17087
24295 26683 31343
34929 30080 8383
3647 3268 20606
31033 31227 31688
506 15796 30098
13734 3113 19875
9574 21089 35282
14951 19146 10991
27226 31678 15149
32174 26619 9098
29136 31557 38483
21881 23603 13848
28504 19477 17870
38759 20010 27370
5499 32132 10689
13839 10161 37679
517 2515 15978
9295 28989 19334
15974 15439 19487
30561 38729 27027
38022 16722 15712
1942 3009 28392
25857 4578 35015
21016 35920 37610
21385 38314 27102
1671 5600 6723
3435 19149 33766
37839 28940 29898
15968 3850 27368
35803 26648 37036
19164 20266 39178
28655 15039 23943
20788 2814 24319
11490 9168 380
19882 6883 29406
33133 31433 36198
6234 15109 12071
6742 32910 26059
16559 37221 19584
10474 10035 36517
31691 6164 22601
35910 11083 3411
11280 8172 17138
25582 5200 12908
33336 38772 21695
31972 20719 35240
37536 24116 4020
11785 966 37085
36673 23676 15223
948 39520 19608
27435 32770 6522
8142 23284 32059
38030 18163 30775
7769 12029 12396
18968 18453 32961
6389 20852 27074
8382 334 17096
12102 10417 10242
25711 1269 30917
9237 5000 37516
34372 36681 14838
24646 33322 16653
15936 542 22806
26371 22169 26594
218 2284 7739
8241 38705 32051
19436 12433 11664
30482 12963 19311
18709 39717 31300
33844 22236 16521
15430 39936 18929
16560 17909 34757
12703 20293 4947
36483 39463 5366
2010 31579 21068
15203 32093 4947
16203 19937 30796
27621 41 170
19862 8900 37668
35301 23593 5804
8651 24526 32597
38436 25385 15298
32334 23635 20765
20650 30288 3516
39813 39233 221
31064 3673 6147
3042 5967 15956
31604 12600 19026
524 20042 12870
27735 8227 25336
31683 12850 36374
18647 31193 19533
1011 19827 36837
6468 16871 4400
19419 5407 1141
2456 12935 8237
1667 39746 27886
11961 36110 13343
13651 3244 15806
32740 36309 19903
32149 30479 13813
346 33536 1241
15286 3214 13392
8375 30877 25964
29250 12876 21336
27776 34938 18862
6139 557 32271
37715 35685 13734
16447 10712 39681
33863 29251 35373
29352 1230 21822
12513 30564 19896
10127 24326 38416
14908 10374 34497
29531 24798 11314
25648 12011 33522
27672 12280 6558
12398 10689 26794
20395 31850 14315
15569 1831 33206
6111 1498 39460
12888 3810 18592
30772 19104 31237
8020 21579 2858
32855 32646 19266
39472 34043 32658
27512 13769 10004
21545 39827 1090
15900 21435 21732
5528 31636 23934
2473 16527 7126
542 5227 21553
3654 37121 2824
22822 7335 17589
16075 21101 15242
11001 5495 13877
29089 14693 10275
16282 28849 10870
28607 23359 33574
35898 36404 3332
34944 20948 16298
17636 7403 27693
3299 5934 6189
34360 11396 14878
7033 35167 13172
12568 27680 27727
6429 36032 16999
21597 34000 1976
13299 11859 36101
36919 30497 25819
1664 6786 26482
9351 10638 35914
38628 31227 6703
37027 27932 22776
17806 18588 30526
15621 24171 3071
29599 19772 15193
34534 38866 31662
34403 9848 8927
29940 18698 22591
11538 17299 29226
4839 13615 5067
39290 30294 14659
39356 1714 6754
39701 22838 33095
12339 25404 4379
5522 951 25162
37107 13647 7355
34982 28492 38592
15533 5943 6092
369 26987 22588
27221 13271 35847
33081 39955 8146
29210 22348 37349
26962 37377 8478
9253 14613 11129
39605 26582 25166
31251 2597 13033
27042 22931 15974
15660 27595 25451
8449 33936 10655
2063 12517 277
27051 27701 4502
4372 10809 235
37509 5800 22129
19412 25850 23354
15452 16000 20398
16552 4867 24615
6389 23570 16054
15490 20952 16000
17513 35527 10241
13875 22648 37951
30159 9927 20875
36293 9546 9601
16020 2845 4336
3899 6069 12206
10286 15465 30079
20254 1322 16583
31062 4360 22525
28449 35056 18204
11774 8702 39228
7380 19001 6250
21855 39951 18431
21471 35865 20364
36695 33871 23174
17348 16338 6545
24513 27363 5052
31525 27299 14501
37039 34278 8873
4618 7425 17419
31283 26805 12445
18329 20393 3559
27055 36137 16824
6098 19961 2705
20986 29277 17219
22578 24244 16947
2479 26334 16377
5896 31850 9700
35883 34026 2495
5689 23009 21247
2630 34628 30373
10209 24761 7045
38804 5651 30502
29859 9832 36190
23361 29522 24083
21644 35793 28574
33793 6784 5771
18582 9536 21872
16316 26775 24700
4865 9055 16884
1699 6526 29646
4671 17255 13364
39893 24311 34274
18860 5859 28558
25555 24901 10202
8021 29702 5934
28677 35846 5394
22590 18025 16750
6140 3312 33012
38069 28345 3134
15891 31307 36561
31064 8671 241
25311 25345 29879
14241 11893 37575
29545 35355 8988
20957 35337 13454
29177 33942 20196
26655 12491 27136
3407 3480 30224
25115 18648 5360
34439 14965 29278
17459 38353 5987
39229 6158 26289
19678 5985 15033
38514 24567 13116
8641 32296 1464
2386 31217 10190
6937 3121 8668
32015 17244 23551
22986 2976 39237
37355 12925 11018
18745 24325 11422
30405 8690 10218
19465 24832 39773
2392 8754 35902
38609 14048 34354
21722 35691 36345
38194 36843 3850
1008 38130 3394
28580 2429 21879
31120 38659 39858
15119 33829 11488
3789 27010 28883
23322 22828 5783
12017 31315 17696
25087 3451 1128
9561 11810 8023
9546 5825 13445
34610 25790 3494
13973 3017 38317
25487 7571 32132
36840 10927 12187
29948 23165 8375
6162 22493 23086
33670 2923 17959
28820 38076 8023
8655 36688 20588
20167 9666 30569
20528 23839 18505
22599 22 9848
6791 38283 13111
658 34464 4617
18024 35733 25076
38691 16842 16962
26313 23619 27133
33211 5319 5364
21937 20267 14300
30750 412 38547
21440 26076 16712
39026 33426 12092
35460 24272 30049
35026 1082 32168
14472 4345 22817
24176 28913 2343
34057 33798 20602
5484 4435 39544
18228 32967 38915
3312 22472 23013
19118 8571 6644
3831 34125 24884
32307 15791 33332
6929 4603 31318
31708 21961 19296
5133 15644 2593
20566 28190 10487
30546 39955 36798
32718 12057 1171
8033 10358 6043
26229 7226 34468
6898 5635 18574
9989 28312 19151
18420 37291 19439
14904 29163 993
3882 37388 26263
18399 21468 12039
12826 15193 15899
12986 21323 1778
18384 7879 32726
18766 23710 12681
10096 2116 33005
33488 22837 31859
9426 9738 31071
20204 32285 9597
39653 22028 13950
34992 38062 17517
7124 22698 21424
36723 10772 6930
32234 37185 31826
18293 37882 462
39791 6438 34907
34258 8608 2944
23615 38362 32406
10183 21765 6075
19855 39469 8791
17123 37881 38384
27299 19979 32958
37216 36084 33736
29744 19007 38508
10113 5011 11073
10912 7227 5633
26226 22480 2896
21630 25655 17922
4223 217 2092
29689 28508 15291
10797 1239 15208
39887 304 20044
14011 25998 12751
8442 9886 37285
5540 31591 16373
21446 36878 36190
3993 12040 20112
33058 13444 7100
4247 37840 5989
13261 18268 26832
24020 30611 4960
38135 30688 39988
14036 36349 27267
14135 18651 27286
7607 20711 32423
35631 24737 16096
1664 2182 17132
24057 26595 16614
13873 3533 27975
28926 30162 39336
39739 17885 9062
24075 4523 3661
33102 3421 9665
16841 38886 37870
7143 26779 27928
1576 8619 27031
32842 3028 21820
1070 33527 25926
5265 36655 19611
6375 22953 27296
29320 25629 37677
14709 35542 1881
10993 2155 18232
316 23641 1284
32553 13670 344
2399 132 157
32084 13939 21299
39383 1894 24296
32000 1957 6013
27986 30343 3964
16802 20874 15244
34720 14997 16491
4649 3311 23511
31270 6240 21255
26753 24451 8975
29013 20818 25717
30145 36603 16838
10456 19040 1821
31457 1417 23625
7561 33227 22562
13496 3520 39765
22160 36258 869
25433 20691 15394
31297 2048 25554
6923 15793 23646
31129 30300 18221
5879 10544 7825
19637 19749 29145
6998 1049 4689
33125 13590 25254
26783 21875 23282
3176 230 32326
35342 15713 10524
6978 37125 19140
29649 1603 6332
23086 5330 39514
20180 11746 14382
5093 9465 6527
4821 22602 31128
12609 8027 14736
4653 23664 21660
28506 4538 19432
7546 38720 21523
16134 39618 28427
278 37100 8365
20941 4281 9266
2178 7259 6844
20841 17369 35625
829 23309 5306
21568 11882 198
25123 17630 31185
34075 17064 15018
37651 24436 25717
34642 34743 1418
36719 31939 25562
37037 26809 32580
4164 33265 8275
36848 38039 1078
13916 3278 1057
34515 28984 25870
21264 4319 2700
39266 2117 30107
13222 8375 17345
25855 28858 21455
23996 12704 30471
509 2452 15034
17881 27900 24354
17504 24359 21867
15465 14909 18012
23337 26984 7622
37363 11657 38223
21694 33595 23858
29070 17637 1338
20886 37960 16574
18478 4045 35302
38076 7343 35661
584 32200 11760
31560 18519 32561
37540 28834 19190
7665 25341 39566
87 14296 39119
8068 7850 6360
20691 801 3247
15020 34056 34779
9069 1573 37108
1310 11195 28882
15113 23496 23163
9675 6242 8382
28327 1178 3244
18281 24259 711
3682 8145 23154
4607 24752 6420
19045 21536 21817
9986 28590 14627
5300 15064 17459
14631 3633 31768
9085 34646 26042
22785 22448 54
25172 35312 23189
3534 33125 6675
20115 28978 19695
3973 37565 39790
15354 15180 36804
459 20816 17707
27213 38209 34274
19811 24990 37625
14152 26893 23857
23676 17638 22093
20779 18558 8682
7604 12518 34689
39665 25844 9387
26600 25545 38464
13947 34329 18129
9472 11212 28813
12413 8494 17207
2614 464 21874
36942 2782 3346
29339 11193 34737
7999 24624 4950
711 24540 8542
32231 19446 3361
24077 24090 25684
25109 3570 14836
16026 581 6464
21657 33252 2144
18942 36090 980
34034 6772 731
20567 35515 5887
26112 7551 31531
33348 7220 19152
11261 14465 21621
11350 3821 17471
17407 16179 34647
2980 30003 27767
11182 37541 9252
12136 24789 33624
29567 12577 38173
7719 16788 8918
25180 8608 3461
12789 36518 37226
12361 34216 23787
4947 19038 2487
16749 24388 39369
24075 18140 24918
24651 27405 25039
21501 2786 10093
1505 10338 6584
33279 30822 9871
5868 38591 13385
10756 2620 14389
31683 26662 27852
372 4602 33687
30037 14588 7156
15265 15661 10367
34102 18827 26734
10625 13245 29006
14406 3288 35800
34530 8219 35987
21792 33265 8473
21175 2006 20589
24025 25444 10071
8765 17647 21911
39678 9810 31248
7049 39894 33176
12382 3828 30842
33865 3730 33397
11404 10587 13637
26701 25102 14042
35867 4417 16224
33616 3276 13410
37654 24224 28048
7975 8565 24178
1575 15734 22411
30408 578 4225
34088 31983 13585
33037 20156 2706
3050 4558 22414
30441 8915 38767
26775 4686 11564
3693 17273 29616
39036 8739 34335
1952 28694 4832
2034 22345 27367
20468 15348 10941
13983 39370 5821
22826 39418 38319
17040 299 1834
10737 31962 22139
29155 37730 134
39172 14146 22268
13375 24085 21915
26974 11139 39731
25822 27573 17569
38662 18916 35638
719 35444 9116
2695 31850 1739
5197 21885 7242
36248 26055 24384
31489 19157 15978
15307 11697 23102
31058 10640 22855
13508 16158 14840
25048 15899 12188
34696 6998 15598
20690 27039 8622
946 29995 26204
6978 216 19325
21532 33534 31324
1011 2273 1177
12859 12188 20302
12906 25153 4238
18702 10532 31424
184 30165 24304
1181 15364 3967
1254 20292 34853
25812 26855 32635
36674 5357 17049
11348 22014 13488
4288 14653 1956
3446 23926 12465
21036 23054 37319
27153 24364 2587
21547 21965 8862
29656 7712 34044
36362 29692 15844
25996 21712 33849
33804 531 25108
39262 11012 39044
12038 24220 39012
32573 3404 21285
39466 8956 19855
13616 13914 17394
26463 31897 9071
34544 22020 13030
6396 27454 8546
37733 5348 13771
27464 22768 16626
14078 28373 22291
19542 22698 36039
4100 30781 23457
17633 16912 23948
13535 11768 27927
32696 34663 33883
39278 31940 30572
10077 39778 25944
36389 27713 1820
16315 19779 13504
11936 3437 7423
20793 37871 14628
19532 38710 11917
36449 36908 15510
30237 5997 32863
31773 36776 885
10230 38100 28476
11583 14853 31326
24177 32904 27830
9881 17607 22012
8250 16557 7467
7953 18971 19764
16408 17345 36974
39046 37595 21986
19044 29344 1519
24739 20735 19952
24774 35045 417
8895 35689 8051
895 31867 2934
28960 29493 31072
19785 9916 24628
3203 34742 28274
30678 10491 24434
6721 13522 22060
33873 31957 36619
8753 12329 11458
13571 34597 33750
3804 24428 20110
22103 33461 20895
2599 2838 16628
10214 14793 26117
20366 28979 22389
39076 19876 14324
13952 32479 18681
35198 29276 8083
34126 27238 15166
7985 38620 38959
23281 39803 17454
23709 7799 39724
6424 5992 31575
31988 9111 4620
7048 20897 1479
20413 5176 10969
35451 21304 21305
16068 27708 9525
19273 31942 24545
39353 38268 23018
19976 4231 28424
23962 38958 11958
22061 22987 36465
34846 11647 23733
18847 34732 27985
12480 7930 9046
7872 12218 18955
28328 2457 709
22367 29692 17960
6030 7778 27399
34718 22583 36119
1744 1758 18263
9266 37629 5732
13527 35090 26950
36178 2429 24798
32330 5785 14021
12475 28160 26048
15531 35687 30278
13908 32838 8949
32469 16876 4046
8549 24022 21656
39742 1951 19725
20454 32725 10252
20723 12432 32758
13074 8035 28165
23663 20330 1898
32594 1814 10271
33793 30061 37967
36453 34646 38750
36651 8979 4678
34187 15403 23934
20136 39646 26786
3380 7939 32277
30456 32914 23839
5797 23819 17090
5625 13900 23599
3349 38800 22578
33302 19705 8156
635 459 39639
4638 20652 22168
28492 3282 14519
5832 21569 36674
32292 17031 8617
25268 5918 12709
8726 12100 3608
34041 32697 36556
15450 31842 17972
6271 34028 37161
12381 1557 36893
4802 11026 13152
11760 30258 17524
14974 4196 16202
16514 9575 13407
33361 15890 18470
35894 35840 2477
7333 14044 19622
24776 26657 9444
35308 36699 27644
26164 17523 23136
36145 38792 5913
26922 18146 23648
39707 8672 7629
8968 37716 19668
19165 38146 12644
1284 10269 12625
3500 32044 3847
7652 32565 13381
18619 21150 34672
32222 26443 21886
10520 18390 35443
25904 10484 33267
12390 39471 11256
23971 24771 7125
37899 6604 9254
7232 29732 37586
16603 14243 27213
27749 5742 37926
778 7043 6622
4731 9939 13393
5360 25215 18364
35474 1375 15880
16565 15233 31088
23761 10158 30033
21092 19711 6611
8895 10503 2319
31797 20432 38758
27359 27592 4077
18525 19349 24905
15255 30094 4336
9656 29064 34990
13737 30339 14760
9529 19269 17539
2920 2950 27898
31 10559 2741
5179 22030 22207
17156 14434 28603
23699 39233 11321
16641 32855 13210
3110 13845 9108
25040 25008 21827
1495 24970 13042
28753 19116 4742
34139 23488 32956
15466 24158 17264
3456 10553 3837
27491 29601 11809
36398 25946 25838
3312 33191 20827
3385 22823 37579
37012 23119 18279
2545 8474 25745
15816 6157 27082
18995 22345 573
23312 7953 16353
17330 20230 4393
29812 19449 6516
19833 25185 28197
18550 7222 9912
19035 30523 27558
585 24698 26089
12379 24535 17764
9310 26060 2348
8622 24018 6609
13126 2272 29656
10106 2031 1129
24579 16845 30250
30754 25061 731
24073 2813 17075
33022 20828 26762
12100 35569 35908
19237 952 7244
6565 17024 12598
12698 4986 3977
11597 21145 21378
2615 31868 36301
34840 25014 7821
4929 5280 30957
10075 36891 16029
39464 32821 34395
28320 33511 987
20400 4763 322
8613 1591 18132
35255 515 1169
28981 23122 15583
34015 28416 2296
35423 23708 12831
22159 30918 18136
21465 11597 39034
20429 14945 17308
27360 29664 1097
19175 17379 21813
25172 5956 11732
18607 24488 19838
5484 33795 28002
22205 37100 39735
3780 33300 23973
31357 6537 13223
23764 29798 5466
55 2021 26053
34457 22092 12696
25697 14169 26110
22785 13718 27057
5087 35817 15560
14886 648 24531
23685 2821 28159
26649 32246 21906
29058 436 32322
24538 2227 31194
20160 6629 23071
321 28502 18312
36780 32578 6579
2519 20639 26649
32933 25463 27272
7625 38807 32464
9995 35548 21035
31650 17099 21128
26864 19055 25268
1773 7296 33430
8229 6651 35065
33408 22137 30257
36758 16947 14321
14464 38697 29444
17919 22862 29431
28009 945 4950
21552 19948 32376
9836 29001 2876
35093 33246 7672
23262 29855 7286
30539 2817 36403
37213 12774 9070
36792 7194 38039
28318 27085 22647
34199 22501 8594
36228 5280 23949
23632 23285 24421
19070 27782 30054
9331 28504 33553
23936 4194 31587
5367 20595 6391
30238 35727 7203
11930 24884 19665
27487 5870 33868
38454 14604 12626
13183 10699 28128
20468 32997 31704
15498 9741 14728
21159 4591 19324
25530 8755 27152
17155 18627 367
23367 8984 18418
21615 5872 14953
36244 39543 10597
37808 37123 12831
13217 31726 22294
6879 17414 32967
10230 29501 8377
505 31248 16
18155 314 6950
23407 4979 22574
14209 33403 37207
14402 35969 39750
13674 19752 1684
3359 37391 11951
6341 26044 347
38461 34604 39682
31449 34732 36164
30579 19623 34815
7833 38068 38781
39360 2720 33978
4174 32247 3169
9617 31879 36040
5135 14729 30836
16042 35768 28093
32130 34752 8983
8769 22623 10838
8263 10279 21565
11001 32082 1966
4278 17715 13416
23496 6602 9761
13867 32903 24899
32563 3495 4387
25337 37824 14623
10858 29938 6340
12162 33348 28065
11383 24829 13858
14927 38154 38890
13507 1239 10112
7846 22435 16203
37671 29760 31488
13493 19251 21964
11145 23480 19701
17368 15974 8212
6973 32310 14239
8903 16969 38712
9386 16593 36456
12538 29523 10705
30319 38553 19978
25163 36631 20226
32836 13579 23986
4901 28431 6370
29704 2823 31863
5711 29522 15159
12621 20218 33810
21272 3226 2713
33741 37277 3936
34613 38118 532
14537 19015 23705
9305 3439 23740
33104 9387 455
17560 14373 34843
9706 32183 19253
24480 898 17710
27485 32328 33933
14543 20180 969
31121 17163 4133
2870 24477 2738
13575 34829 39287
22999 14298 6189
8167 31183 30656
