3400000 1000
23637 29237 38624
24241 5364 19092
3586 14685 29315
15461 6783 12569
18258 27029 28106
28944 19143 16655
10560 20824 11599
11079 26410 34579
18543 29987 23071
25768 6072 17926
2759 37722 7833
36922 8762 7490
19534 7096 31366
26413 4151 87
32080 31572 20035
22928 35218 12980
12427 1834 38658
10186 21755 22598
31315 1837 17963
11081 12820 16647
34700 28961 2935
7857 35517 15350
429 37098 24445
25327 18988 20532
6715 20638 33490
37324 6026 39369
17187 21060 11632
15254 36590 14782
22878 38930 14607
29191 11769 15390
36109 3277 16470
6262 21091 9919
4357 39647 25692
2304 324 32365
5207 28679 7701
21038 16491 7190
28202 25783 2659
39828 6908 2632
21674 9417 21242
33822 7234 20406
37791 9878 8622
30863 38044 825
17072 38998 30453
11304 25197 16085
22376 11493 16620
28664 9287 5691
8317 35076 15143
25932 17974 24888
5809 24949 24665
32255 12565 18207
8913 24718 26271
15141 19995 34912
18530 26269 15682
5516 37328 33797
38722 5823 16044
18444 1038 27484
8726 20538 1134
21997 6341 36028
16640 15044 11156
16528 14238 10610
18739 25737 31520
10147 10046 4672
37624 22868 35818
8599 7484 13811
23643 13931 13505
31378 27156 9046
9186 33159 36102
13469 15456 34978
34953 5309 16099
25227 6888 3277
17311 6712 12118
14288 39826 14665
10879 27353 19881
5696 37562 36891
4163 17632 6170
12620 13901 39585
35812 3062 35340
38860 15515 6874
15097 36025 29878
12097 12550 1827
35379 32352 31615
14565 10948 36711
3980 27860 1896
7334 13522 14200
20629 27292 22970
27047 23377 35998
25033 7936 8672
9697 33454 23041
27864 484 36955
2950 35216 25980
1291 33055 17335
5629 36001 38668
3969 32962 16497
14103 33339 18074
9560 39886 38848
29711 18309 37788
14276 26772 16027
22915 18765 5770
21423 31033 4226
4591 37612 13084
19996 23460 662
21714 23161 9881
171 65 31695
4183 22885 22568
30909 33769 30621
5976 24637 9832
15242 13779 26934
34146 22758 38335
10862 39078 18929
36295 17181 28975
20431 27919 23517
24427 35852 5713
28669 38182 24960
4377 20532 26392
16782 35097 15538
5767 24070 4842
2706 22746 1066
21152 11308 23996
17358 12104 38024
20777 18968 10305
24621 23960 2983
36980 23 9413
28305 6513 31430
15322 34756 22567
9907 24249 30477
24576 32094 27433
33783 27351 8322
18266 18700 4631
32810 27606 887
35569 16541 10375
11081 33977 33269
17311 6746 15326
38990 37543 19464
27076 25945 21608
14939 6400 15888
2672 11849 5743
5060 31169 28756
2291 8722 37980
14609 13515 4532
39717 24645 34126
31923 22323 34600
35972 16571 10422
25483 33121 30151
23493 12821 28575
4987 17028 8873
12983 25936 27567
9380 16379 4905
2949 35650 4051
27333 29395 30304
30034 36686 29723
5468 13108 3278
27106 25496 12406
23105 1299 15774
26002 20613 13395
12189 9558 30573
7586 16146 33184
19318 39018 28994
14712 26833 34536
11939 24970 23583
4404 24730 32830
35643 14894 15199
23990 26160 19335
2302 18979 17611
39529 7990 1156
16588 39620 16388
1853 7478 39158
14010 7248 27718
24406 13576 5306
9408 13214 37468
21356 37668 11442
11174 26340 29120
3089 29556 10472
19103 18583 9277
8159 36191 29932
10489 6092 26400
38285 28397 5288
24729 33525 36549
38746 17860 16807
21593 1173 1913
3675 17554 15118
25241 4547 39654
3545 6625 4792
27518 36639 34142
13574 13113 9598
19519 33617 1418
16637 17158 29154
2685 21162 24921
8274 27863 21395
21621 38737 4762
32605 18754 20243
24487 14468 15297
6105 13694 9199
13217 34647 12002
24175 38321 13575
37016 39380 3889
19466 30093 31404
10817 23798 17943
9817 26939 15360
32980 9486 26268
20231 35631 28454
13661 22075 23297
37536 12576 32040
21779 16315 16646
22307 31874 38826
17309 6927 33723
32372 4855 25868
24230 12652 28630
32510 38944 34247
18499 16117 2784
15775 28669 4158
7035 38851 9871
29637 39554 9656
1274 5157 23177
26897 20626 14542
30787 31462 11877
37586 14025 38004
7765 27340 19449
913 3911 2989
34619 26058 38324
24101 34911 32987
24093 38570 21474
21194 26587 2407
31440 21664 16916
5508 26563 14981
31498 28558 2761
26487 7309 21508
23395 31974 3601
4221 10986 6960
1434 10744 38093
39220 11795 13442
17717 13717 38975
18046 34121 7565
30471 5012 18445
25515 6833 21625
12197 13803 20082
7510 14584 26736
3098 15640 6832
34784 15341 37139
31325 33884 1490
31955 10105 20762
38117 11393 1030
30306 29223 33967
36692 24481 32469
36480 5151 32813
17046 6071 12308
19990 2317 27098
22260 38437 847
8642 19922 39156
24238 11842 10038
10985 1524 37234
26276 29265 27179
25559 28342 7573
22489 1072 14950
1499 31562 24288
19880 37819 325
20915 436 27292
20640 33550 30625
34411 16240 440
4589 15095 39320
28927 8601 21548
2434 27848 2353
32043 9964 20599
22954 28354 38682
32823 36132 13773
38314 30566 28430
17960 30788 25760
15464 4495 4143
36327 3364 15573
20033 18092 9190
32893 8559 16508
26603 13241 3266
36490 15877 37437
31211 20693 33668
8254 3501 13173
945 19020 10872
12296 39028 713
1430 13811 21781
3013 16638 3031
7135 25272 1351
6034 38688 27546
18806 15087 26446
38755 37048 19563
5956 31322 35627
3237 14569 4956
33046 29857 20081
30316 37945 33528
9661 36913 15488
5088 478 26768
30929 9172 15159
25446 36356 27104
36608 8162 35506
29131 38631 11902
36774 26720 14865
15896 12849 31003
29758 20401 38618
22189 15178 12225
1650 9836 8399
26100 24388 16731
24104 13637 18155
17297 17617 31158
17343 6984 2346
14441 36711 8836
30938 37470 26194
25693 22352 16330
15809 19179 28517
19408 8124 35918
13469 27486 7204
6679 30669 26279
28584 28695 31382
30008 32402 30978
17039 23290 38265
22270 33089 23555
28633 38734 7243
20184 28031 18710
1638 11587 30686
28170 34499 8333
29440 27063 37841
26905 12502 33518
475 8541 4976
35592 77 13245
21448 38299 3223
28678 22328 1016
17450 11268 11852
5533 19423 256
31474 21630 26487
11225 14734 31275
14525 35709 19434
36573 10440 24389
17355 13731 32092
19755 19102 32036
27120 25640 21713
2768 20299 29358
31551 28648 10056
36287 3651 25510
34296 18857 26286
18313 36198 27294
36627 33537 23157
12916 2367 15604
8166 6133 30726
39339 39478 11876
27448 4253 14180
30605 17587 25621
9808 2887 3922
962 10559 9802
36419 9371 22715
15591 8887 10285
8024 39528 24690
3714 23249 31300
13826 25392 29840
6719 23052 12475
13324 10268 10049
616 38605 34944
6832 28255 29579
20837 1462 2491
30900 37175 34064
8434 1933 37902
7761 1756 2224
26441 21295 22818
22259 4867 26743
29508 20777 6645
13025 15302 16770
25000 33214 33848
20750 29845 32013
16993 19423 23771
2350 35591 17931
4955 35310 25566
9168 13171 832
10891 25235 15254
30541 5779 15489
2117 15778 20709
16214 29484 30280
33856 16060 32091
38897 25794 11275
17823 14606 35279
29935 32765 36670
34906 31463 34634
33248 14739 21162
14634 8521 9005
1956 8675 37649
28874 16030 19805
36488 9350 36731
6008 8903 6813
29854 28554 544
5754 21993 5684
20407 10781 20001
11743 18922 3367
5101 3352 1772
3461 37757 2822
31599 9783 17096
10372 36095 33788
4205 13151 6380
37084 33467 8749
7904 24529 4300
33864 27343 16787
22220 21670 7627
28287 30103 20950
15095 37347 35072
26073 14612 33000
20399 24347 37303
20893 25506 32845
33755 17436 14804
29728 28179 8731
7098 20831 38616
27473 3242 30633
2368 13698 38679
394 10064 24681
7863 25014 17320
18754 4677 22817
31260 3249 2082
9854 1188 29266
2647 18577 5033
27614 5557 25331
7679 36598 9438
2530 15666 33167
4188 37122 16313
32763 9966 22900
31880 4304 16804
13778 11457 10743
9440 3716 15498
4435 4924 258
4665 30667 32970
38054 18220 33462
5174 12588 13686
24738 13128 19402
38388 769 16582
6246 509 305
20918 17209 21239
25447 13697 14206
10247 29559 8692
17366 800 29954
38111 8507 2621
23740 38560 30111
3561 30808 31802
36960 9019 2131
13278 35306 21216
20378 16780 9258
39313 27609 26131
10347 35427 23585
1716 11406 12221
36341 12581 20522
37411 15922 16433
36926 35889 26584
23804 30223 34660
15033 3749 34659
10899 26620 8004
7128 25595 1870
1810 31201 8951
24679 33384 22750
30350 27636 10528
11544 38887 28710
22680 18518 39127
21975 35413 31838
15707 35924 323
13707 17761 17995
38747 16071 33217
12370 10909 26150
17097 1297 23357
7520 12085 11150
34330 8616 1534
34708 15721 21293
17673 39486 2480
17836 38912 7717
7023 37424 29246
1636 9817 26856
25444 8836 14655
7459 29129 4425
11534 22890 11342
17496 38639 32441
8014 4419 27916
2268 22196 34227
16115 16355 1384
28017 16210 34818
31522 37841 1186
3335 35359 9275
34337 27704 1712
11415 16823 23688
26479 16788 33274
2358 8781 8277
10829 15683 27655
1146 34595 8718
29175 28806 21346
19213 25991 2290
22946 18538 32256
28301 31380 16823
34240 27022 30015
18128 17034 31288
21478 13708 5304
8552 8326 28063
9227 27646 15291
38351 34979 1382
21506 16593 22282
33538 857 6080
25066 822 31619
22265 2719 19279
18856 3221 8935
20624 29977 16644
7478 35547 22128
4355 30054 30713
4565 38457 15244
15302 35358 692
6054 28092 7630
38779 4336 24730
1534 35663 22549
29104 6042 2051
29059 29322 11778
14709 13591 18295
7184 35240 38264
436 24697 35135
25664 34810 11468
33752 6100 30945
22168 16323 21844
18223 21547 2846
7214 1666 15668
7246 11213 19349
3530 31068 28975
32498 37574 23657
11797 1716 28106
2320 595 11832
20261 14870 15623
15776 5007 15312
38822 31555 398
3858 14834 29173
39292 14607 11400
30510 28511 11410
22165 21145 27064
17432 2281 29563
17495 9671 10596
16062 6443 24271
3852 7962 37336
38492 36609 2143
15361 33525 32648
39137 1701 24884
20483 25983 7525
9570 24257 4882
1699 1007 3698
30127 38471 30602
2803 2138 27099
5923 32008 33543
31318 11259 935
18765 11894 22052
6065 5866 37254
28251 22204 11309
25791 4862 2379
9348 28555 17643
863 10338 3429
33015 25766 25548
15963 200 6546
11713 4341 6352
34693 21252 26352
9062 10856 29255
2339 30594 26331
12214 26627 10581
39622 36957 36546
33091 4110 33398
27154 15614 21796
5651 16391 26880
35575 20452 9050
19877 39562 39910
25481 17570 33120
13481 12380 29478
32723 19388 25731
587 23492 5750
23708 29753 3628
38371 14928 16536
31185 18890 26397
7471 11605 27864
8814 10206 4329
37227 26982 30900
23710 24508 39547
37166 36060 39401
10111 34189 29547
13598 17339 6163
19246 25312 20532
23257 22961 27509
35855 18128 8727
23476 36240 27090
16118 5093 32318
4580 21310 11988
803 27019 34964
22135 32239 20359
29757 25913 11836
13552 10869 37666
22253 32620 10080
22501 16623 19403
8536 36039 34721
14335 14757 1831
31120 37819 13130
34990 22875 9574
19260 38931 30006
2812 17710 10379
26761 38466 9479
28684 11320 29667
14261 27005 12094
24684 28635 25404
11954 23073 1830
24907 5164 31930
61 1112 20289
30781 27350 27175
14121 37817 3430
27166 29954 16028
9841 9260 34094
11122 19519 16599
33687 27194 36463
35106 10258 20135
26981 22295 28065
35696 11998 31478
24595 9300 38245
31674 18118 9134
36959 22404 24589
22832 35456 28455
9324 575 16544
13071 29120 26795
37928 20622 19708
30217 8934 33285
27661 16431 21953
26923 33631 9356
5574 34173 30969
7906 11424 5954
5252 224 20774
13818 8233 7008
4687 35554 35735
9977 38529 16167
7268 18818 7686
21605 33867 37796
10336 32602 23380
2715 11571 27308
32785 11465 37600
11155 38276 21111
15283 36132 4318
26408 33394 12091
6178 5980 27030
15109 5864 4190
14358 38055 5118
11466 18270 13455
3177 7327 25183
15061 28489 1148
11647 32589 7066
21819 22641 11115
37847 9383 10592
18195 15545 30939
24582 23741 23517
11256 34777 25730
38211 12290 15460
13509 34226 1688
22707 27009 19642
34830 34023 1578
25745 19048 19946
39746 23647 1974
3581 21628 18261
2055 26797 36549
16120 38987 32037
11443 5564 33033
34076 39693 37771
13113 38895 27381
37157 10751 32201
9262 17249 15748
13310 9358 3409
32243 27703 11073
37187 26061 23944
9591 20260 10858
12190 7851 15680
33741 20308 11153
4580 4770 33380
13468 17829 24470
16314 36201 36729
723 2724 30603
34370 29975 8806
11316 19371 39216
38699 7868 10795
36758 28949 10321
37543 13668 6965
10812 1076 34805
9430 20299 31482
663 24820 10913
22708 26671 28106
10966 9235 29929
13641 16460 17986
36441 34917 25039
14021 947 1224
3944 21435 33507
2666 24959 39746
4618 35576 11434
31865 8151 27825
6422 14240 16893
4112 37200 36828
36502 24548 35633
30872 14996 3835
39780 2373 11935
7548 14613 37057
4369 34772 11832
8086 13194 10505
24627 34137 5232
20202 5417 28595
134 24103 25124
37756 21864 14077
30815 3779 15393
6730 37869 20970
19305 7038 14152
33262 10430 8434
12922 12101 35037
38803 30561 35296
12253 12150 28579
23952 7465 13520
39407 17348 19416
24893 32939 21360
32235 1278 38975
6154 8162 8960
17278 31022 16955
10199 35052 30114
15688 26506 13296
6195 20843 32583
599 35838 39217
1719 8962 30987
23177 8940 16686
19795 33888 4279
38686 19426 39706
5463 5735 31895
28654 13772 29400
21577 37726 38345
12803 1156 1682
1799 1388 26161
1168 4278 16846
21459 7066 23886
22276 32942 32805
11908 91 39490
31857 35737 33265
3381 10761 34700
34441 14094 23129
24752 20143 28445
27687 26008 706
11001 26288 8046
22051 3490 18016
11235 10553 9092
25068 22529 22046
1373 464 37852
30057 6389 1888
2854 28888 5068
2829 8034 15450
20819 13367 28209
1271 38544 28777
9736 11357 17508
5494 14275 30088
37033 1773 11282
16588 7989 3003
9105 25474 21820
24606 3894 25421
10450 31362 17956
520 17741 29626
23708 19278 24072
33884 18323 25381
8004 19577 34590
33671 32042 4535
39690 1295 13292
11533 28872 29629
38537 4187 23557
34022 1583 27812
5336 21243 35066
14761 10581 34739
29339 28323 11262
36760 33108 5212
31001 3947 11551
27882 25117 36085
28974 20489 29190
16556 29902 30164
15880 23806 30245
30752 33056 6076
27098 4021 27781
16550 37971 33258
31038 39055 38937
16028 18381 37357
3353 33994 22985
1087 39556 9744
3145 25179 7765
23550 16892 39059
29554 8405 25366
1411 13292 37726
19621 20026 32609
37606 4034 31939
19137 38617 162
22415 9005 17146
37964 21760 36987
9148 21669 35796
24726 22208 1127
21292 7811 6124
39344 13497 29822
38308 32823 19522
21827 33960 38425
38483 20200 10698
19345 9670 28839
26634 21447 23207
30010 5456 8063
25350 31711 35780
25458 36382 14587
31693 9210 24157
17755 14373 31206
272 17877 19350
8493 34733 18253
29972 35776 37372
20179 31541 17784
3746 6506 2065
30319 15883 17188
13426 28394 10547
10472 8824 36723
19730 6166 8652
7302 4578 37569
9215 12513 38990
1115 17406 830
38648 20079 32756
8733 12647 24711
9340 27898 16140
32301 22273 34847
39663 26831 38133
37138 19067 4668
9834 37998 37218
35786 39760 23439
9774 35098 15308
22055 28710 21044
11121 12910 18649
15052 7389 4406
9994 38 19059
2204 10167 27733
6832 35354 200
32159 38060 9594
13073 18300 32559
20773 29124 18237
20974 11610 22070
26186 37729 11386
35724 13764 29250
38911 2242 2505
5603 13581 32151
13589 1900 5025
35545 32645 22321
22886 6280 24119
2732 2662 16234
334 11804 26717
38507 37394 15289
25194 302 20340
8402 1311 36212
22895 38917 17335
13863 19337 28570
31335 23812 3448
1277 10637 39652
14882 16599 20101
15717 15293 7944
12123 34617 35990
24579 23130 35339
29869 27845 16899
5513 6204 1971
9945 39250 26392
3215 38873 6206
26801 1942 19272
39556 22708 28794
16932 30476 5391
31927 33724 23570
8852 30996 35612
19251 15415 16441
1888 27288 7410
9255 25385 7484
20808 34263 6894
15515 10277 9587
1706 13177 18148
23339 20147 13003
31595 4086 38443
16710 35057 16742
34959 14147 5216
27877 35821 15820
1302 38225 7090
31814 35973 14514
6497 12026 36857
35604 17120 17282
16378 29446 30765
19020 9095 23981
6829 36302 37187
26437 22309 1286
29804 7094 15106
37100 31749 35983
7506 17912 26582
26209 8085 29385
11658 15674 36590
39929 6390 10365
25524 13178 29561
21275 27942 23788
5374 29936 32827
29887 6430 25660
3478 21248 16483
1340 39960 21890
28519 11492 21072
39978 38364 16316
28365 18006 4261
11732 11541 26666
38944 7717 9454
19769 39111 6726
33561 6733 16748
23047 29854 17172
3106 10286 33794
4583 21498 37196
30358 14455 7915
19450 6314 17622
21003 7157 25374
16160 12282 3348
19480 39300 19742
20386 8145 9651
5000 6684 27978
24163 33653 12296
30493 7616 14321
432 33966 688
18454 38394 3392
32385 33971 9573
3684 36658 8
9826 26188 39771
5549 2892 2045
21305 20497 29318
227 25434 12768
37488 35134 34401
21118 24965 38010
22967 19313 23380
19421 35214 19483
38297 10586 22163
10148 28280 10306
11248 10486 15701
35866 38523 11874
22034 5703 29182
1184 34342 3558
26723 17075 36311
11896 6268 2603
2708 4923 941
5892 23025 9044
32887 8300 16767
34983 13153 28578
23751 20681 29060
33722 12771 19917
20660 33341 11130
19707 26183 17133
27222 8543 11907
39269 13860 28413
1960 26655 2823
14946 23958 10960
32025 20501 30236
5998 33855 14253
39071 18705 25447
22140 14564 25591
29025 4841 17274
10146 1431 18843
25799 4380 19754
2961 4013 11739
34475 37775 5208
34303 17267 17459
36135 14199 14048
28454 5492 29508
27820 29998 9026
19158 7467 32415
8514 14866 24481
38322 2242 32309
39229 39854 39794
8594 6966 8386
2197 21815 38145
9524 11137 34670
2284 27124 8978
4895 16154 27594
23665 4563 37148
15791 508 29139
39208 4535 30867
31599 28280 27371
18942 24346 35521
22773 8702 32114
3598 15412 33647
27870 24377 8816
39638 3345 9414
36007 28173 21931
23964 326 2568
7806 17825 6003
7363 35629 3377
24775 3658 18097
19130 21657 33572
1461 310 35125
2269 11873 12038
3180 303 25909
30696 32133 28556
30603 39829 38161
25291 3262 21434
29276 19436 5162
11920 8768 26186
12937 26842 25235
13660 2684 36219
29376 24295 16939
36081 28083 9668
26499 38002 39598
22217 4702 417
35961 28631 32385
29101 24822 12480
15870 11654 5394
31186 10170 13181
19736 15813 10761
35192 33120 20412
23349 4302 9124
4283 37278 32261
33842 10598 19579
26853 36670 23154
13182 1272 27407
5419 13142 24481
