3300000 1000
6530 32159 1492
33238 6212 17356
31406 35932 18647
35858 29133 34409
24187 1949 3620
24107 13608 34894
33916 10444 28640
18859 19744 294
4317 34278 31899
3366 38826 1608
2073 10940 27790
38522 37547 24508
9763 11568 2086
31060 30468 18163
19499 10794 13156
21385 31232 9170
3516 22658 21085
26985 35868 4258
9348 22033 36131
24614 22727 18313
35530 885 33709
24871 29594 26724
24495 22069 30142
6950 29021 33894
2035 11471 9694
24755 30491 8451
31892 37015 28977
2943 8990 5795
12375 17347 23863
33534 7308 219
26748 6717 22009
24329 34698 9691
39466 10833 26053
16405 12634 28065
17334 28773 10087
27866 1420 24408
548 34943 6851
14286 11661 9721
34850 16398 32789
36868 26142 25604
18396 25850 23644
30360 34429 1146
7444 33579 22467
35573 19729 26480
11835 25109 85
7909 24804 3529
17561 11437 31299
25201 16945 32012
22163 739 3150
35390 3674 28376
36510 32116 29527
10615 9166 27052
37528 39163 6511
23788 31400 4355
19894 7770 21348
10166 22494 29371
9070 5328 22312
13958 30331 19342
12610 6884 33608
35954 646 12103
3626 33331 23065
37092 27842 18949
15540 26126 14158
35136 28863 25648
24541 10799 34649
38247 34331 184
19188 37690 26122
34403 15710 1783
16082 20488 34394
7979 38959 23066
17581 35709 37704
15946 34164 35431
38112 9625 32050
13458 28133 19837
10920 21710 30822
35567 1565 36587
7266 39311 37373
36598 17403 26933
990 16723 11402
533 38365 18164
23180 8334 17191
36403 38841 5583
35028 25618 26933
35558 32749 31628
27743 23527 26958
1751 22536 23029
18983 16441 7166
20656 35036 17092
7046 37563 9997
12592 21543 20712
1071 10131 33699
23683 26009 10047
10881 4216 30171
25144 31877 38945
5961 2448 33538
32560 27029 36578
33606 28790 39962
33063 4019 9294
17653 19384 5485
37992 19534 22944
23663 23413 13173
35229 184 2732
26919 27700 29412
14968 9967 28846
31637 30718 25641
31794 19600 26382
30690 13760 39972
30565 7067 455
13828 19164 33580
33956 8886 3762
27654 2169 4260
22449 37905 26917
5456 31231 29364
26725 6117 39235
37490 37255 26408
14513 18993 4102
15309 36596 9431
20679 5542 17207
20877 15471 35958
7569 20773 7199
14180 19850 6296
23373 843 30094
32808 35264 14766
8173 15140 19623
23753 9485 6922
5975 4803 4013
37702 8352 24255
2774 32217 7626
39313 17568 149
6897 6606 10974
32068 35450 6012
16231 24809 29617
28008 33410 20062
37825 34327 23341
28508 37135 38036
21578 346 6963
1000 39399 7436
9939 104 39400
37836 21982 12648
83 15702 29730
8333 7352 39086
27147 28609 38715
6172 25721 22207
34624 14423 14268
33741 21745 32832
12719 4874 11822
3269 23534 5725
35282 38950 23221
32205 30494 30356
35158 431 17733
14197 15382 33978
10772 34821 26086
22263 25979 39510
30457 5523 28091
19896 1158 6742
6254 2483 19420
21806 6254 7857
15388 29221 27747
28409 6296 28274
39021 21398 35079
29675 27370 30102
28833 39320 38052
27438 39261 24610
12826 34491 4037
9898 30378 355
32114 3126 18200
3034 22698 3718
36541 1920 17490
18053 16654 12136
5522 17627 25736
35636 9668 33759
1589 20380 25367
4586 34846 23693
9350 9350 32461
1070 37745 24006
17854 27965 14613
18991 37922 1304
36589 23828 9871
36696 10724 29439
17735 28696 29557
17035 4706 37459
32225 1423 9691
27243 34252 1205
4725 9094 33653
6120 4872 30995
31568 9772 1068
12843 15810 25351
26816 5458 21240
14365 5464 9436
33573 1177 4673
33516 9494 11591
13681 4632 37811
29632 27408 104
2004 12796 32285
30270 33085 10507
26111 21263 19512
25055 24745 3215
8526 4353 20392
7787 20129 26980
19660 11952 18537
8151 2737 4617
23113 21843 37481
39461 25165 244
32071 14647 37187
8709 32906 12439
27634 22516 36389
966 30075 26917
39143 8719 33675
10914 24588 24712
13243 5679 39391
8696 7556 19963
10506 38994 23330
13363 15420 5088
33284 18673 30325
9211 12908 29906
21809 35318 14697
31526 1775 91
9007 24704 20700
34061 22736 5740
10273 23116 9945
24896 18822 33367
8523 3275 11521
18220 38069 5035
5279 32107 37995
25531 11150 27481
14501 25641 11780
24128 10101 6053
23888 12787 15462
4661 379 39598
29486 22821 16666
9436 32273 3740
20723 31539 12818
12554 35658 39419
1621 9086 38599
30188 19670 10260
38725 244 6784
33419 30201 22807
19307 30005 39421
36913 309 26119
24952 39447 16252
21008 21868 19548
3445 1735 10076
32623 6508 125
30424 29794 24728
9841 1703 37445
9050 12226 12495
11697 33682 33279
19075 34912 478
7386 490 19129
14320 1916 36808
24747 13067 4658
13259 2351 17754
34372 34292 7855
11629 25446 7648
28549 19665 39496
18867 92 9610
18376 17888 10227
15663 18184 3670
14016 15843 8089
8458 14385 38507
3222 25053 24461
9585 2830 28651
505 24596 26521
26479 17751 30314
16523 10774 15881
7827 16391 21215
915 29115 22955
6123 95 10475
22377 2278 3673
14924 36597 4818
36346 29626 34010
7725 9443 1665
4968 4607 28511
28599 1992 28162
1803 22646 25008
12141 38418 4083
7601 25055 16144
20288 38253 2789
33944 17114 2087
29992 26897 9712
1779 30262 6011
28081 17100 34347
10511 18000 20420
31867 36997 9303
32854 5855 28591
1829 29783 23706
38211 5382 13899
14183 26550 10669
5652 23745 9987
24848 5254 10894
12362 34400 11478
22569 20182 33572
17264 8907 3319
17777 32679 32405
36238 4104 39367
32636 35431 6732
34374 28561 7232
25310 15513 22444
38824 25367 6756
18036 15299 5601
4425 38862 15658
38962 28194 22560
34607 19494 32265
20225 29118 19321
26644 11007 3999
30878 29662 38028
39383 24574 18112
9541 19886 29264
9311 27552 13900
27921 11167 12466
1085 9505 22326
15835 4564 21754
20379 20879 12395
13325 17180 30977
5960 1531 5071
22957 3547 6572
11936 10179 8611
30864 28554 34987
12913 17328 12193
19769 133 39600
33547 32495 15124
36515 22479 27753
30187 26891 13061
27305 10733 21163
25837 37887 30264
7243 8860 7061
5990 7240 15441
2837 19696 30421
22118 16183 17900
7762 34146 19946
6007 18695 34475
6558 9581 29437
12377 32556 38613
24313 1381 6307
12890 11094 18368
15856 38004 12094
3136 36777 28198
18628 5749 8950
2592 1185 31386
1948 21060 37386
13863 14311 16069
8938 34244 10228
31660 32065 20887
9496 31925 3673
3454 2417 7574
16928 36569 24199
14367 24487 14206
32925 7868 17270
28944 2842 11544
31689 15337 39375
28444 37035 36724
27685 37205 4526
28696 13924 4084
21445 8207 5922
11630 16446 34261
30086 28164 31710
16443 6008 21277
30938 1498 21799
1359 7664 9957
19958 25404 8737
14232 900 31129
11211 6285 29782
4490 15078 27053
10467 30185 10779
31811 16317 2406
31740 29804 11479
39304 14436 30315
4087 2450 16172
31321 18489 13249
37127 38073 37757
8497 507 27562
6574 8542 1853
30837 27248 11976
21671 4486 9701
38000 33624 3192
31516 18112 38568
34185 9687 23367
39110 9773 37304
35362 32369 62
22919 14070 14031
37520 10658 20889
11629 22051 1730
31760 14548 5234
21478 28467 1988
38568 20382 18029
27920 24242 181
24608 27349 24111
37180 8741 33496
25477 22575 33585
12092 8397 30151
26259 20188 1454
22491 25561 15563
4487 39027 12243
12517 2502 35819
36463 17490 11286
26305 3651 26711
34293 18683 33898
32344 18211 14136
14469 9262 14966
15505 15907 12257
12107 33387 38139
11906 3991 29340
24982 35304 6619
35767 30538 36549
38710 26806 26912
13219 468 26051
19671 30465 11524
7715 2370 35076
9192 3903 31180
23580 2053 20304
18652 16372 29434
19495 4371 37077
33614 32599 18226
25048 10978 24768
23129 36486 453
20984 17258 17870
29478 23447 17292
8097 19492 24607
34828 8814 31746
27398 27549 21301
4086 38242 11136
394 17760 752
30783 30121 8280
27841 211 21936
7136 514 20197
6781 29241 23206
12465 27428 785
1522 38983 19341
26137 26021 7211
2153 16949 20161
25629 26703 27149
16442 21491 22519
26817 39226 12962
6481 19321 5903
28763 7939 32537
4274 6929 19006
2964 37685 25689
38140 6168 25416
20587 29592 4391
935 11589 9
33222 932 5487
34044 25614 6028
14809 12814 17567
9145 11936 20387
29620 24116 17455
1701 34450 8132
23042 5853 16155
35096 9350 35751
31487 23372 23453
27989 12562 8475
23230 1955 37560
19362 31416 29458
25852 24269 36246
12195 30336 13664
29022 31473 18831
17060 7092 13355
7694 8940 5852
27373 33681 32450
27485 25019 9163
23859 16512 15962
10653 29684 22904
19722 27791 35248
10971 38947 7132
6063 26318 9610
7783 16100 5184
25361 15564 1235
14029 7529 29714
26589 2498 37892
30524 24425 11328
19147 14270 1713
19193 37369 5773
22374 17496 19346
14159 38657 6653
38660 19378 34024
6694 13848 17945
30969 4841 24981
38512 33717 37021
12722 22240 35852
31129 29749 35806
27585 28884 7596
11870 2297 34412
13575 35238 22630
6786 18832 21117
25226 2178 25737
39874 28715 14528
36385 4824 34898
2430 21394 15359
15551 8202 35482
25022 20780 16644
33939 1148 34044
17725 36657 9967
23744 7803 30936
13227 31142 34074
21400 6556 23295
32205 16966 16015
26667 1 3320
37418 996 35298
20636 21564 5603
29878 30005 10607
9842 26472 10420
35162 5455 35424
31919 3571 28026
20557 37120 7970
4444 4612 16957
22192 16212 35842
8015 10526 31263
3341 36593 9682
34978 24761 39367
27885 37399 39111
10520 14840 26450
6184 28010 36732
12783 34975 17273
37104 26586 17796
18643 33293 38267
13540 915 36798
18236 11846 31288
23795 29496 18697
31585 35413 31105
17961 38183 468
24398 27168 22999
33819 31040 33385
24906 36197 30863
37983 32035 7081
14805 39492 31013
23537 1207 30559
25006 33417 27500
21116 36244 27602
18091 31959 18459
39606 33397 18003
21968 18742 12028
39461 8580 11167
4079 20622 25960
26395 16995 25413
15554 12195 28191
30578 4682 6354
25924 10583 32611
5653 30679 3594
6585 10559 35373
32733 27187 26361
25842 31262 19797
29526 38165 39545
6326 39045 38739
5500 13400 17824
11615 7987 19113
29089 32939 15474
25237 8051 7126
22897 24198 13478
30258 9873 8825
27773 2608 381
34558 1634 6123
15532 2700 8122
9421 22658 7806
38546 32738 6294
3374 1912 24759
39695 32493 26471
18222 8167 33308
474 29794 2641
234 29057 28913
21687 8810 11153
18282 16796 7567
5110 11860 20065
11911 35492 14937
36835 16306 10187
29838 24769 8638
22057 28256 36219
39713 19513 10140
21174 5745 9353
36762 8092 8547
5609 29191 37920
37726 20415 3726
4191 14203 29752
4963 8226 24988
37017 5164 28288
30694 14707 36748
18016 25308 14517
28300 5661 20249
27996 39976 31938
18410 9861 19508
16628 23749 16418
1257 559 31466
11083 34384 7848
34261 39532 28490
32018 36061 8285
38970 5181 1196
33039 13583 24920
219 29921 25521
29719 12266 29202
19783 19056 23065
23505 26275 1087
22053 31345 25931
37001 8674 14008
15141 38365 15794
16599 21630 27350
23007 4211 30327
14718 15259 32930
30412 39757 4241
20849 30018 20687
19431 32930 15789
3107 14803 16819
6235 10207 19095
3481 5792 529
34842 21068 1279
29793 13349 23099
34482 37650 30646
33441 37911 6055
708 27567 4663
29474 11600 35561
32947 17959 1637
27469 18189 19200
19116 12333 38288
38522 37614 4254
31581 7020 23206
13321 9044 22807
19138 30559 13659
3625 31670 25129
6862 4508 37245
28029 30147 39995
19758 36044 36728
35077 119 4057
32540 14122 440
22980 39415 5874
34494 3268 11126
33597 16282 11572
2647 20005 39646
260 20397 39487
5491 21008 28176
15361 36186 13133
3301 20669 7997
5728 5446 35212
1073 19721 20109
35206 19403 9980
14146 31789 37788
5520 11934 22569
38794 14928 3580
37166 6924 11184
19483 39098 23873
39833 21074 20730
17582 11493 33745
6924 25618 16103
33871 31775 35560
32929 14422 9207
2361 2137 38055
19469 39323 8069
11594 36371 16649
27299 31095 19477
8160 20837 17178
12091 38132 7114
20295 33323 21005
22600 17466 10123
13441 19365 25737
23012 39535 32357
39592 23842 18005
34974 601 32888
2831 12199 9134
5088 23661 815
15676 4544 26159
4458 35230 4520
416 11813 39075
35960 21004 39291
5269 11039 31262
25504 5223 33342
26779 29274 4730
10282 2485 26000
31052 19729 16717
36795 27965 34036
19720 9081 20159
19410 5516 32640
19418 14885 35608
6447 13402 28933
14462 192 39382
38763 22269 16218
6749 25297 3583
30339 32830 30068
2539 29555 11060
11195 5992 30980
25068 16754 7792
6533 12085 9903
36876 21805 6083
11157 23666 1452
38432 3127 18039
32477 32496 11348
16114 21400 37983
16192 3631 4965
20457 39332 34445
24395 6661 27676
39797 20550 37295
36990 9527 6550
12625 23994 23234
1332 30349 19421
7168 30240 31465
31792 4812 10261
24024 18365 25297
12702 13985 36337
17472 11203 20846
2973 10029 731
23284 17495 37959
22853 30265 36221
26866 34866 25927
16537 24451 24473
5035 19040 5655
33934 10858 8213
1808 35885 20802
23307 31149 6704
11608 15751 5701
3488 21443 35203
9440 23657 32883
21647 7858 28166
2623 30163 4277
29019 14219 17071
3682 35809 21394
33091 587 22331
12310 3786 10520
15080 25697 22369
23132 25170 7990
14054 35923 17155
17689 28156 10043
39671 4216 7978
14795 36812 53
37987 27796 14869
31313 9952 19315
11663 13238 36137
32624 16299 6625
28340 26423 9610
32554 34148 432
3271 37425 4402
1533 27501 30311
5097 16656 15945
34166 29451 28070
20891 31950 29713
37411 36454 5645
39440 22475 28007
28170 6455 33050
37218 36607 14517
30530 36375 12816
36535 19583 38420
35836 11535 24280
18212 15071 27248
26036 4581 13153
33750 35157 3639
14335 22659 27190
24657 34420 37923
5565 15789 4227
31953 14941 30819
28132 8050 29132
11412 28233 10879
33563 37885 1995
225 13239 15531
10742 10485 18234
19469 35373 29679
6191 16101 4348
21466 31457 30297
29048 6397 32606
7398 19029 538
1997 19700 24132
29392 36393 16708
8198 24288 27737
34437 2578 37708
27566 18823 15903
12123 3960 34631
8399 10298 24645
11432 6520 5436
13303 21315 24527
23490 38849 5141
37043 27702 766
37527 23444 28401
3374 35435 13054
15549 34573 17138
39494 28532 28370
27834 27471 31239
15169 9621 29497
29339 17389 20165
37928 21197 910
22611 39980 17814
14074 6270 27474
6922 8771 37457
31878 26875 38958
6477 38371 22842
5195 33670 26457
25149 19766 31882
22650 17180 13544
18299 1313 1526
22010 1214 26879
17264 20792 1868
39619 34141 38686
28262 24038 20794
4146 36709 34384
26832 24509 12783
39914 35068 10663
7942 13249 8907
4590 1146 851
35263 18563 30079
28858 8879 31489
10329 36018 31242
31562 6964 19337
30204 38080 25104
9826 5929 36701
35353 19429 4758
7728 25364 12039
26727 20085 3702
17585 28931 38351
14479 5391 26195
612 38179 19384
11050 23573 9689
27893 2431 25
38669 11952 7445
11701 18432 16763
34939 2266 4079
4601 13487 4699
35713 28781 1950
26569 10713 39005
29383 28780 18252
15970 17149 19232
29420 20047 32459
18315 9411 20604
13553 21559 220
3502 28621 27536
3322 2980 8533
23867 9708 27008
17345 3024 1976
32977 22086 33654
24244 22265 12732
4442 27381 13759
35617 28300 21150
23860 4406 11254
6682 22138 30599
15417 25828 15477
31240 11301 25283
24658 15643 39957
9684 36783 38447
16805 5439 35110
5954 18770 28876
24633 4358 30828
8206 22683 38690
13498 1341 15193
18447 22058 9506
2084 20835 2547
2539 21755 33259
24841 35550 7673
16368 6652 28074
2680 29084 4462
20761 38561 4726
29871 24802 27154
18442 10103 32604
36010 24996 25791
8652 14644 38522
7868 28895 27565
16233 9273 5491
16883 32856 15439
15695 6413 249
12420 22196 22545
11630 2046 16395
14582 9352 8034
16573 33463 39786
4558 8545 28319
20300 23663 21200
17783 2459 8447
28501 25482 27774
18910 35585 20946
16820 7052 22427
11585 5465 25153
7220 16813 6280
6697 10775 18136
7193 8896 671
19867 35979 14789
5540 19951 38461
4062 35981 17048
343 6984 31753
47 39750 32888
12441 17546 1124
13523 32645 26826
2549 13319 31407
26880 11853 13828
14916 29820 33104
8155 2830 20276
14674 1457 32870
34126 39709 36575
22663 1163 35088
29994 1022 14735
4004 19802 26110
28369 9290 29945
6801 21723 20784
37737 20136 16510
17955 33378 18067
7830 14991 7688
1484 36853 5665
16357 27181 4783
24269 8200 38850
8514 12587 13689
30521 22239 30524
24919 29494 22745
24715 593 17923
29993 33711 15677
34341 30812 1261
30872 30729 18714
24890 20315 20957
23763 4446 31670
16636 2503 10611
31339 12417 1714
26765 14986 31357
29779 36212 22085
18691 18264 780
21359 6368 7592
21782 37334 1256
25548 29391 18361
14379 28987 37238
2471 23495 31232
33387 5687 36183
11146 7155 27806
38153 28944 37848
21680 10318 3359
8109 27958 10282
12737 30447 38760
3755 7052 16007
27335 26870 10372
7149 1113 39356
12013 27110 14594
36428 15282 4270
39548 1155 18923
6832 34291 21342
20943 30961 34560
18928 30902 4813
38655 23023 34632
9882 38031 22632
35272 38761 16869
6227 29687 39403
37837 38657 13862
22959 5759 20081
22492 3977 24922
26563 27487 29711
21951 10244 23843
765 10445 30824
24460 5176 17780
9173 6498 21679
22264 11803 2128
21918 836 11650
13785 18221 11112
37181 25368 4853
4273 18106 14897
10594 11876 39323
26394 21043 22999
17406 13184 30878
37163 2104 23063
26001 30505 22945
28737 30228 26168
11721 25242 3914
27385 18953 9374
4759 38783 2163
2232 22619 26990
23019 744 3611
27567 17935 23695
33857 7757 24338
9178 35706 13231
23654 23689 28797
25394 22231 7323
9388 11682 8501
25560 2386 14358
33322 33210 39053
35429 2026 25913
13957 20104 18759
34674 13594 11598
5092 9203 37916
24950 38658 20453
22579 13804 20086
2070 26591 13219
12859 18211 18778
31051 20580 10047
31258 16239 25898
3234 17395 34799
18979 8912 38936
20437 14804 25412
38658 31253 35037
17529 16745 38118
25554 1750 34415
8759 13355 25140
26972 20816 26257
12045 35908 17158
11288 8834 15045
32602 15564 16456
4653 11503 996
35313 3512 35495
17300 31123 5942
2457 19262 151
29259 36080 26184
11040 12688 16099
20297 33429 15192
34508 32220 33677
27853 15784 19607
30294 440 19754
8598 28002 3487
1788 11184 9487
24840 27667 2699
9553 28956 14253
19788 19134 6759
3050 30502 31414
31868 25604 23892
5933 24438 20589
34274 22103 22424
16196 29412 5167
39702 22131 25418
33251 23917 7207
