3350000 1000
48 15385 31306
13516 26430 22445
36081 31142 1967
15859 17217 37597
24334 15818 25265
16075 4772 21504
501 37014 18758
32316 27559 17899
37960 14593 8900
1625 18192 37344
38989 33932 32901
14205 11149 30052
21093 29819 21755
26161 20918 23303
25909 9997 35604
1662 12204 5143
23721 33660 16031
23111 36923 23618
23040 31475 24928
28995 38642 32605
10892 27787 26868
9078 31691 26829
20631 21556 12938
14279 25451 10763
8079 26324 33400
23754 14601 25614
25512 36245 37697
16605 6338 12475
35376 30945 29713
24819 9323 21176
38755 37112 5306
3436 25837 19006
10886 31228 22476
38735 34928 23173
486 11207 29118
19917 30767 12456
35888 2028 38088
30427 21873 6232
8449 8964 11689
6923 37503 8192
30383 23059 30265
25534 1244 28278
30812 4023 39099
14975 463 11915
29404 7657 25552
5178 3207 22055
27517 23099 33998
2958 8815 8636
16508 96 33345
39991 1641 10550
22318 38446 31663
29001 14872 34371
20535 19101 39909
5750 28012 9162
10116 25019 2706
2472 34510 22199
687 17622 28039
26455 20583 23719
7043 17997 9574
23146 35173 36648
16566 28501 1475
17295 8496 1998
29478 35035 29775
1301 20461 10702
24288 35792 14736
33587 9749 13236
11010 9618 17401
7694 3440 25104
39295 15276 4775
4449 11507 14058
9554 21612 34001
11228 10400 31354
19124 34261 38084
18521 28455 36882
24598 14803 22488
1414 23319 1606
29995 15107 15442
2336 11050 22338
11549 12153 7897
1359 9215 28301
27303 5204 28331
30292 30913 29439
29739 19648 12545
7635 6296 5331
14853 38921 7045
14426 37338 20576
39228 13449 534
18824 33184 10676
17604 31463 25138
38568 39866 36869
19503 740 24391
21467 28693 38007
1161 23603 37510
8439 25563 33915
9542 16667 19051
3884 25183 22006
24425 5522 5348
18961 6107 30007
33298 15779 2701
30000 39121 18351
31462 18435 21914
24890 12438 10803
500 24040 26348
30058 29783 11507
32772 35011 29297
36294 2910 6769
35910 33596 9161
13007 39986 33776
8125 6788 4874
6784 32969 3026
27745 13411 22881
8828 38310 3492
6105 28242 33643
12667 29167 14874
39104 39750 38594
4765 30334 13801
30689 3019 5600
24639 31487 24651
18315 12795 32258
19619 33006 9056
22330 21569 20868
37913 2863 35428
13174 25590 12563
15274 3486 10947
34582 20534 26983
19911 7640 17917
35152 14742 1338
29870 2383 35923
4365 33468 4562
26054 15148 6025
35936 23382 34726
32944 26590 33379
3987 9839 37422
34306 11016 10800
25394 29014 29989
370 24942 33287
779 8024 21068
8674 29419 25166
1529 14925 17082
29332 7980 35173
4288 18217 70
17974 27088 32596
32852 14102 1298
26961 10802 33758
22396 15703 1931
19014 5919 16898
22459 12892 4126
8866 25557 11233
27833 5727 7616
9216 14087 36167
18620 12076 35010
11190 39811 16981
28860 21409 19146
19654 21616 28863
37542 38814 32947
16276 30092 16424
2890 29531 26993
15066 7253 4815
16016 9639 19176
23190 2634 6209
20538 4427 17703
36526 26294 166
27962 27206 23535
10058 28963 26887
23473 4459 20462
11284 37042 28443
17561 14609 15272
24431 20083 14931
18100 26450 33184
9544 19707 35622
28985 12131 19734
24338 17104 19585
15455 5548 18257
39453 8620 5060
1412 3500 16792
12235 6574 33431
17532 20959 6168
23635 6717 31988
34599 36446 10623
11616 4522 14231
37496 25923 18419
35578 39007 30800
4124 31288 18818
25597 5611 13615
8439 31043 16400
4747 18730 7826
3851 24376 1686
1173 35434 18563
8015 28189 29808
2508 27387 6188
20306 19882 3169
21281 10458 4891
36697 10939 24558
25190 27747 22027
24172 32976 32660
14714 26156 22647
27372 32756 423
39245 11010 30576
4149 28469 10272
36318 25970 21555
18539 13932 39674
4947 251 14004
33108 8218 26633
12357 29291 10784
19718 24140 15671
13074 13192 10462
315 20099 27935
869 7655 9322
13958 28582 10141
34940 24053 29035
36497 26919 21140
29713 15753 19240
31754 1648 38468
23753 21810 24866
11767 15483 28399
20594 13682 12491
13974 14947 37474
19396 6026 2266
25647 21410 16166
18665 30085 22126
35602 30648 30704
34555 16760 30866
39777 37947 20945
15690 27918 34558
33817 1288 32757
39881 21473 2291
192 21967 30083
10620 6532 4687
36911 8453 39907
30921 33572 28141
30098 18142 23739
19770 14133 37059
16605 28385 28071
31841 17429 22324
14101 22605 36992
31592 5066 31775
22881 18434 12549
28017 30673 30942
1798 24246 29139
29724 31272 37684
10246 5032 12711
4383 11956 35939
37571 21588 14087
10611 20606 17006
26458 29924 5055
23753 13613 5177
30937 2513 10227
1812 9893 24069
20294 39933 4363
23182 20666 914
28064 15606 33807
32075 3817 23495
28352 10153 29182
27713 26680 12411
33354 503 14500
35917 36207 21958
11236 33901 23046
34803 5531 32795
30084 8800 31333
18956 11576 39467
12840 28443 11376
21411 26371 37837
1404 2408 17252
39359 38858 9054
30774 14958 27760
33101 32631 27619
2633 35353 11879
3129 27382 153
13980 1612 15174
8341 243 27840
38448 28641 33249
38571 29885 28048
23911 8608 16963
36055 18660 28505
18507 36864 260
14528 37524 12423
14294 4250 37297
26965 31612 39889
18637 29526 17787
14748 11023 5689
18546 7693 5272
8196 1960 8695
15081 17297 4094
31993 9634 488
8451 38443 10917
27258 23526 27557
5337 29368 21830
27495 2379 14606
17382 32808 33966
10112 25340 32446
20867 21279 13160
19942 17044 30631
8386 28913 13338
568 36876 23052
318 19503 31815
19498 16316 39457
26209 13648 31396
3316 21835 13244
6587 16345 21545
29043 37502 13417
8163 21158 36678
13467 23257 5184
31111 36192 35187
8527 12850 4444
1814 13068 16635
31616 19314 36296
5748 21448 23032
18485 26456 38734
7657 24591 2725
9610 28234 13925
17568 14887 2356
17096 30012 13826
4551 18383 3797
10625 31039 9155
5655 9806 20958
26286 25148 3119
30793 38395 33906
10180 8239 34826
13018 19612 32356
29651 429 16819
20940 3956 18425
10380 10418 6616
4169 38695 12024
23750 32547 864
30313 8195 15467
23012 32810 21157
32677 34448 10832
23926 4312 19176
651 10561 23757
16240 7039 4284
6455 33835 14771
9809 30252 9581
20386 37707 16785
31903 11951 16922
38805 6543 21750
23491 15060 24305
20222 8614 25691
6967 23114 7149
28427 13512 17998
7567 26326 2527
31551 8702 12711
26563 2627 10931
2590 863 32648
20883 12921 12925
35889 8702 35598
24035 9450 21045
20404 26378 15708
16613 20674 21303
3516 4564 8047
26681 31550 38567
23513 11198 10408
19917 17505 21457
11457 25420 39667
14836 33000 30502
28451 37845 11264
12327 12211 13617
969 9358 38001
39362 33290 31830
3517 1638 3050
21280 29864 33870
13535 33022 5305
39391 12158 18078
28873 13224 10672
2577 6606 6657
9989 11703 11252
31420 24866 19721
10727 8203 31510
4227 28974 15022
21515 38444 5169
22358 15064 19587
15899 32667 34035
22792 39834 14039
8324 21348 39491
13597 3348 7093
37395 665 12836
27770 1873 35462
26587 32088 16143
36166 6039 16391
39054 2785 15716
23132 4673 18909
33930 36851 37162
36533 14208 9528
1761 38586 21439
11026 27187 4739
38642 22125 10087
13778 2825 7715
22812 37381 24173
39495 27406 181
10190 25997 39927
23215 13208 4569
33874 31821 29059
1955 6714 13808
34506 22787 25074
37595 19827 27102
10686 879 39821
18733 29294 33919
25272 34279 21882
4239 16478 3979
14729 13934 20992
12748 30924 4269
33259 21720 11271
2363 19465 35655
21488 5022 15571
19869 4016 10000
6884 15803 25542
18228 33385 15017
28619 20851 4021
15800 29584 13304
21361 24215 17827
3780 10032 34613
26673 27566 38113
30285 32133 21243
34462 38547 39854
18454 19553 27321
33151 11180 20886
32990 20720 29606
4747 34324 34850
9348 34755 25676
10560 6227 20202
27488 32321 12042
13604 2237 10633
37575 13375 9003
16815 23521 29638
17531 11482 2089
4215 4044 19204
5442 38220 36025
20897 5338 20533
5987 39512 31108
35303 33110 12848
7028 15310 17690
4230 27030 17182
25561 14458 31755
18503 28455 33578
20225 37895 5299
37654 1261 15449
777 17315 14632
38219 20546 34683
11683 6509 8649
1105 4425 36645
21322 25538 176
3936 14265 27223
16442 25123 8827
3239 33486 3968
6197 15962 37934
3043 38320 1992
17974 32716 8358
37439 35376 7639
32876 14243 32022
24695 27067 3888
13541 16321 2588
3420 6810 17892
9072 22551 3980
20919 21465 39412
11493 34859 13449
9121 35198 8607
7845 35154 8726
27475 7765 573
23279 8628 11115
702 8966 2709
37037 9242 10349
34431 24384 32864
24838 3423 6771
3499 7454 29149
19238 5253 11107
4814 35414 28966
28548 25407 24006
39258 2276 1714
36362 19584 16698
33637 39987 11886
23943 2189 14610
10610 11189 2850
39531 6324 29065
35732 28792 18871
23749 20699 6550
14846 39325 3692
3152 32139 13715
36231 12935 35202
6577 32173 15803
8109 11107 21935
34360 35865 6766
1186 26143 24925
21393 687 29328
30906 2230 35655
15153 22878 24341
14131 11038 6531
5350 26377 28141
22325 19968 24698
26844 13360 24979
25737 7065 28647
16703 37654 3822
32225 8079 15768
35464 36542 7765
30378 5282 18264
4450 2748 2707
5829 26850 27754
30128 28472 11282
4521 28383 5639
6944 28510 34553
7 10654 25801
1755 26835 22945
38494 14986 35628
23676 37364 20928
14010 9620 39766
5591 15857 29920
37816 23121 3919
24320 13124 15298
10113 54 12113
15450 38693 18245
31477 17683 30634
13797 18993 24051
13972 19039 31499
36734 34268 3467
14713 24060 14068
32356 14137 39266
39528 3781 5502
15264 2656 16067
6660 21126 12290
22694 33988 5780
34804 21188 14403
38108 37247 5308
12870 23638 3151
34060 26656 10368
37911 30544 33451
13616 12817 10520
25045 10552 32867
35300 15378 6644
2909 38014 815
2866 6751 8244
28167 14655 15704
36017 30286 36618
31593 31479 32074
24568 29864 33148
32162 2819 832
8414 34895 4879
6005 33283 21807
1803 15173 4049
30392 18176 6122
18247 18761 33401
39868 25718 9244
9039 12212 34912
9176 6480 24268
5163 11012 17932
6210 33218 18453
13691 21626 5769
26792 19790 25667
6842 5323 27729
39858 35105 6517
16249 34858 10288
28758 19664 5758
34240 22089 34042
10413 10469 1959
29026 14220 16876
37685 30471 27009
31091 22013 36445
1579 7526 22586
25953 33055 978
31724 2428 21454
34407 25292 39059
14274 26063 25562
20201 18055 12389
16594 7282 1382
6675 15676 33333
12364 20749 10403
20508 7498 2212
36189 31515 38006
21512 14409 25531
7918 7005 20248
17922 16700 36920
37441 32001 34453
21174 35160 11258
2172 1273 34361
28651 18180 17600
3998 21563 1010
29474 34705 19136
9409 13415 30843
18987 10751 2499
12698 39505 15956
23664 1873 2774
3298 25767 28569
31928 37320 25274
32085 3189 24193
32209 5764 27162
29226 19391 5712
18282 11041 11264
15043 18471 14985
20881 6297 25088
30953 812 14128
1686 18036 12511
30300 1132 32739
26056 28631 2220
7935 17583 12757
38096 379 15424
37046 39539 22461
26467 31061 1909
445 12282 12093
3524 14790 25910
8828 28238 35674
33814 39823 6336
10291 39358 39100
32121 15395 33200
16191 38608 26844
31017 21276 6846
26956 26074 2259
4010 4129 19137
19634 144 3178
39204 2116 29261
23581 6570 24103
24329 33845 29270
18236 21889 7860
23585 4983 16687
25094 26994 8341
281 8582 19708
22318 27315 10393
9524 14432 4082
28344 4462 11755
29295 32204 21843
5595 37619 20658
21889 35808 15205
32670 18751 21945
5581 28571 18779
38991 26692 39600
16418 12574 24570
32159 24188 28238
16612 9031 22049
37920 31168 39401
6780 24003 8518
16519 12250 32391
14317 36648 22735
2217 3670 11705
6694 21836 33241
25678 24898 34633
34283 15173 35733
15261 15977 30411
38204 18689 2627
35064 7158 1751
15304 32278 35136
10944 19721 30463
5646 32650 27373
30180 9831 23367
24401 17386 20318
20601 33625 27822
19176 15017 12440
11497 36703 28566
15000 24047 5906
27275 18758 29778
23814 32394 253
29411 16718 18404
15213 11608 23362
35050 16360 16393
18463 766 3273
28885 31547 1986
25217 28194 27491
33138 19583 17985
19411 35598 3323
12783 11473 24239
32416 11831 17446
31163 8468 1077
5306 30132 20069
7287 17611 32682
37969 14524 21129
14993 8818 2526
38034 22765 22980
22539 36357 29418
38868 8687 33797
34120 17863 29294
17484 20787 13061
35149 39209 25520
21376 9456 13975
27764 33060 22398
38140 5327 25821
3552 31611 17605
4928 36713 12534
573 18519 10960
25379 20627 27084
14936 1418 7560
13744 14032 28312
34969 34153 18102
37219 6893 5878
23479 21051 27943
22433 14098 35433
31132 21184 13402
35911 926 32039
39066 11387 33655
1133 10451 36689
2290 38233 30112
19125 19986 7210
19899 5898 24486
30848 29464 34153
29684 12522 4655
11129 38163 31053
36823 27559 18453
38061 24206 30146
16736 20507 26645
5814 23518 19451
31224 1188 26250
3889 12267 17306
23915 32872 19792
36084 4830 38910
38486 29518 7627
36240 23675 32996
4218 31005 6897
30729 10622 13529
4639 5312 29199
25041 19454 36091
566 29493 38244
16365 35233 2951
2526 20046 28438
13599 29429 32747
25284 38552 27155
33831 22261 14299
4352 19922 25568
22150 24773 29987
5468 28920 2097
17109 13038 22395
25145 15708 32643
30607 32890 2691
25401 20751 13915
32676 30999 37442
7502 12483 24606
6657 35637 23815
37943 33984 25633
5077 27723 39994
501 29962 16818
23549 1001 2773
38659 2831 24299
25712 25610 24060
14559 22521 27671
4861 7047 305
18675 20039 2174
12496 10222 32173
39071 322 1556
4786 14595 11906
37118 29423 29542
11154 25348 1053
107 6484 13456
32000 35958 37256
4941 8817 29431
17571 6079 3078
21639 15496 16749
13919 5610 15525
22521 32592 4724
25517 25232 5862
22921 23405 11132
2328 6397 20878
11414 8268 14426
28134 2777 3074
20095 22458 13139
14305 37541 37972
15029 12572 9341
11517 13961 5185
36853 37848 37122
6302 38746 28315
26479 28816 21656
22698 12490 10153
3036 2450 22637
6717 12506 19038
28964 17418 13162
2522 26269 39553
37838 35426 29820
5685 7951 35685
7883 15327 30852
9852 23183 31563
15156 18017 25782
3043 6739 25101
7852 29398 23401
31730 7116 29477
80 20754 6259
19146 24092 4282
20785 36613 4245
20511 36057 8900
35167 33683 28728
32046 10299 26980
5218 12172 28774
29970 10791 27348
4575 14442 36197
14740 13638 22851
5047 19576 13664
18260 33931 32824
17975 12145 30546
25760 28894 9760
10704 34685 29011
35740 28819 23585
34685 22182 22720
24340 32404 24834
14345 29527 6623
19797 5178 25237
11929 1305 4211
15657 24173 23546
17968 7750 20193
13840 8580 14983
14479 38522 23653
19220 27917 13907
23072 3821 24750
5332 20461 13910
7010 14342 28125
6815 7672 16482
6192 8975 19588
6214 8323 4717
4956 4374 21798
32554 28220 27117
20812 22190 24713
25471 27291 13117
37491 10253 15268
13574 36979 18499
18604 14792 10612
35377 21097 32418
20302 11236 2952
17141 26349 32673
34667 38327 15376
7101 25712 18391
237 31068 30060
25352 9330 4804
10360 21549 35047
19677 11681 29023
24304 11015 17027
8542 18414 19480
18992 24785 22212
13297 13385 7483
7734 35963 15663
37821 12462 30211
37076 28674 18713
5808 15659 22538
1774 6301 21566
31958 13647 31063
31325 33645 39688
37684 4852 21642
38004 8910 19510
13923 21630 18843
28534 26261 36613
5034 532 26609
12569 33660 34644
33757 39842 29373
10506 9064 481
15902 22897 25774
36493 4816 10972
35492 20383 9374
38916 27585 30378
2727 8575 39370
22625 34167 10322
5112 36029 3266
39005 15111 2998
15292 12853 28637
28910 13911 33871
2773 32045 16858
9047 17576 14599
34139 19360 15160
22362 25113 5430
2872 29556 7544
8656 25338 10513
35609 29986 30870
6081 16598 5262
7284 29032 23063
9274 22775 1504
980 7037 11718
3257 20455 306
31096 224 24588
35375 33692 6365
34681 39760 38882
28150 5588 39084
18473 37169 33877
12522 33957 23159
34490 5676 34348
1876 12577 6504
222 36059 26949
15512 10095 18791
28247 14152 29971
39932 33720 24461
34820 4939 20817
11284 243 39636
14736 6552 13577
39014 20543 29229
664 22146 18242
39482 12003 34718
25837 24644 35526
6853 24000 34212
27523 11419 31168
8539 36139 16126
30771 22652 39846
1225 17463 11655
35551 6578 22207
2198 14670 5971
26091 7089 25763
16518 7555 14204
2956 34281 721
784 38179 4673
3800 35558 20919
30458 1908 3887
6646 15500 18319
35202 15092 3194
317 35565 30938
16500 31990 12524
11437 17565 27565
7992 34554 21415
9041 14006 4700
31321 29087 22864
12713 26994 29602
18657 27263 17448
4169 13130 7270
38793 10339 30114
19170 33283 24377
13962 10456 36415
18759 25950 27226
19047 345 19527
10641 10952 19327
6445 11782 35795
23596 30410 9229
32318 1969 21402
590 14536 37073
12334 2673 4505
37632 26272 12006
18887 11901 28833
17550 31349 17289
36846 6089 21142
34243 28193 5853
18511 4577 20260
3327 27323 589
18816 11458 12936
25497 35539 24473
20094 25505 31968
1482 39584 24252
7297 9074 34731
31006 4087 26991
37883 27405 19810
33261 6989 33598
15116 23184 20319
25676 19807 30459
33844 29780 15927
27835 13748 32943
21010 8724 29743
77 8868 39909
2178 36714 17416
21050 35154 2928
10704 17902 21813
3626 15869 31035
37297 23455 16074
12832 34844 39699
10531 3566 7586
10966 9459 238
31397 15751 8667
37938 22847 30441
38846 21943 33123
26079 21177 29620
10849 12615 37168
22657 28808 31153
36227 9831 15397
29051 23904 6656
1706 3402 8370
26635 21803 26599
39416 10190 33921
35635 18608 37096
10769 39048 8113
9010 15975 15534
17880 39505 21179
4343 24986 27804
24726 37496 19833
34660 10510 23012
38994 34788 36525
20422 21971 31558
21168 15963 34057
11920 17067 20681
12439 26985 19658
33664 28995 2700
29298 2604 32554
39496 29061 22420
13140 32625 25413
21394 22946 15975
26448 20463 9316
28096 32457 8474
11527 39509 27671
39685 10987 33702
35719 18973 39251
16811 11341 27748
32694 9528 5736
34156 30834 14155
18595 29746 2208
14453 25079 6420
22530 34019 1102
9136 9497 8073
15906 10395 20564
34858 30852 15035
14370 18758 2937
18498 22824 17568
4287 19463 31758
20650 34285 25218
23092 6415 6328
24164 36483 25949
17810 28241 24478
270 7852 12795
11318 37169 12572
28828 11516 33594
24602 37904 28210
21858 23973 39052
29851 30716 1731
18559 15953 4566
3813 34115 15989
23560 15144 30784
9408 17372 17784
13854 18232 23321
7759 18852 2175
13038 9435 20978
