3300000 1000
29050 5677 8005
4122 27535 32805
35462 19270 39966
3939 15468 13297
4367 5796 14097
10740 13848 16924
4384 13383 5194
33195 38072 16120
28551 541 18920
16136 23378 10910
13082 8610 16831
1913 8525 2168
36489 28427 12283
38908 30210 17480
23129 28984 28709
8489 13245 8715
24071 16241 9689
16641 20396 12891
24805 30413 16438
26018 2267 25254
16185 39660 10140
33659 26218 24596
28336 26003 10549
5906 12075 3205
23661 26058 15659
14033 27486 21998
19197 5530 12926
27536 1823 38913
12610 6215 1120
17823 18638 21949
25444 16414 18948
7124 8068 16309
35198 2355 33938
26302 4822 10929
24825 34933 8866
7068 8323 11023
10493 32741 18741
30068 2048 26988
27989 28187 4240
36452 16396 31233
34321 37859 5478
3398 8761 14473
10485 31460 21311
11978 26901 13004
20785 18649 31307
3551 20389 21298
4039 1350 7559
19588 32905 29230
38482 20090 29024
37795 37658 24165
5132 14600 19461
5704 21829 11377
18010 29823 9301
13085 8625 2316
25056 16211 35018
21183 24772 10327
31802 16898 12187
30665 38592 29886
26973 21659 17206
39086 39203 24365
31907 34302 8710
34951 34989 15135
22438 11698 37548
37994 18119 23475
17625 27950 21
25893 13925 37144
21064 39090 23526
14974 11938 3118
32492 20360 19093
5200 37490 33915
35075 4685 31024
21923 34973 12691
36942 8605 10604
10975 30450 22526
18798 1595 30778
36451 7384 15639
38278 39767 39355
23363 25324 15130
23681 13383 11343
19284 34838 21664
2186 20246 11619
7383 261 10824
24501 8382 35946
19893 21948 3338
38322 1648 2992
8840 21017 20001
22414 10750 17520
18031 9536 24543
13649 17100 26843
1961 8748 38936
20226 26271 30848
15603 27432 12702
28390 18082 32818
15007 11399 10844
18554 15112 5486
30834 10480 15791
32248 18714 30171
25772 30120 3543
35517 37401 16343
20550 405 35560
28040 11078 26238
5346 39450 3525
33461 10744 23446
548 28472 33991
34985 11398 5769
12781 30187 8506
7890 834 35485
1026 13858 10038
24626 8640 10837
8389 13956 31932
20626 30745 3815
3668 6382 15036
10267 38401 34543
22263 39963 5505
1515 16716 17938
14183 910 1357
35565 4667 11513
11672 15243 10383
19464 33584 37714
28511 22764 34104
19483 9379 1463
22670 6861 27893
5623 31809 10119
36698 30841 1713
30583 12335 22447
38978 20488 16178
6380 764 20344
32681 32395 33154
9671 7218 9456
19181 38347 30761
10598 27013 34593
25711 8680 29787
12414 17373 38843
22342 7971 39685
30200 4472 18223
7393 7912 9852
24910 32923 1863
38030 9295 34936
32683 39895 24596
13474 25598 12995
16226 38160 12455
30401 24280 13012
20168 9174 24637
26625 26080 39646
26290 24310 400
14689 8966 22732
4154 39054 23592
16280 35653 39255
16119 2461 31549
7912 21430 17937
6232 26757 19995
13450 723 4351
29894 16261 23611
14994 18895 12755
17288 36702 11768
289 5156 37184
34690 4258 31689
11533 32475 35675
36807 35626 11636
13962 36965 27403
29681 35060 21727
454 28794 842
22478 13523 31407
24887 29542 22179
3896 3721 30233
19161 3450 633
10840 31849 19941
32921 4217 27596
8554 17369 9972
10973 31562 5173
10695 29139 20746
22719 8058 34652
31811 4164 4925
31506 31829 7966
32557 7836 21627
20502 21557 13668
9274 16627 593
17520 33140 22627
26862 35935 12889
1797 31149 27138
20541 10321 26311
19157 33604 4389
16779 37913 31993
12652 22018 34255
3454 29101 4275
17747 34462 22446
9218 786 1918
4482 13747 18345
16627 22006 34060
15707 4845 24340
18841 8879 37648
21202 38665 39908
10723 39323 35830
18322 14241 39735
26242 927 30829
19545 16348 25306
15459 6405 4322
27063 1162 10908
19809 5159 35493
14789 17847 9748
34536 34170 26138
14006 1672 31084
6513 3349 20587
8084 21216 33883
4927 3928 19809
25685 39335 12757
35213 8134 24079
19983 18107 30888
13792 14002 1535
17472 16207 36740
17428 26844 15696
33002 17236 21164
30697 12564 22691
14011 12193 24325
15980 34184 30487
30146 25347 16901
36590 15447 17706
28075 8742 12224
23727 36536 34502
32251 14323 18567
14965 23912 1029
2314 16745 26393
8556 2853 19575
18492 30403 22250
14280 18146 21823
941 14636 33003
34381 27332 5128
16400 34902 12637
23723 9229 14948
29308 13503 36009
25502 14991 4891
2979 18223 5999
37557 31163 25221
25269 11701 9562
37878 311 12068
3935 38013 38046
7363 7814 20705
29797 24249 17207
34934 19568 2212
25577 1533 24263
34192 32497 13734
18221 25669 16427
8055 13857 24698
19267 3908 15024
34216 26721 31838
30197 32378 32623
9289 18607 21600
18184 26020 29373
39363 29950 30381
24888 34515 35016
25181 23341 39292
18950 8303 12469
15670 26291 26687
32499 1275 23078
16589 18346 14676
32133 11232 30841
37069 20998 2951
17972 8967 4003
26939 13791 31596
16666 30176 30409
27837 8030 13930
20675 39879 7261
10141 4668 35700
39919 18284 38266
27965 20760 15107
32439 23037 7674
21536 726 6753
36378 25756 12672
36028 13324 16008
3999 38391 3198
3250 14583 2149
23135 20743 30748
18293 11370 38418
18836 11457 36179
27171 3721 9731
15884 27595 13099
35110 5620 259
26976 3770 11165
33644 34537 13954
10872 9521 11986
25320 96 37640
10261 22225 34111
31512 19341 8394
15329 33333 30866
2209 37331 36742
25973 35345 2423
39368 21657 24853
2279 1131 17324
39901 28996 25050
8961 32478 30682
36760 22412 23492
32625 4166 25657
23875 2035 29953
17321 33483 13045
37160 11081 10074
28516 2491 33361
39083 22349 31070
39126 140 2056
573 31117 6989
29954 17738 11869
14548 36070 1315
1503 23566 28648
15438 5045 3648
17582 31910 20868
6971 39770 9743
27471 13614 23032
24612 26673 31574
28481 10483 21559
10896 20810 20830
38744 23246 36428
3938 25425 680
29264 22068 24353
8074 37367 14855
14430 972 20963
20202 19955 17887
13382 16719 34807
14754 33349 1767
26026 27284 14536
8744 11534 2469
28705 20912 14688
20709 34390 36163
32434 4830 32013
35441 14886 38589
37011 22931 16009
10922 14024 37939
16905 33850 29163
5003 15252 11898
35198 17254 10383
24940 26773 4835
32880 5134 19649
13401 15225 10005
22611 532 20434
31033 28559 37180
25985 30250 36911
29846 27720 20384
22544 33316 31451
25104 13566 1832
37692 22714 26455
6471 20981 799
13790 21768 23153
8720 3870 25275
29880 33698 37304
11574 33542 6974
34188 3643 23366
21141 37568 21685
35120 11312 27184
1121 1276 4261
16882 17418 10305
11237 10052 7469
35631 13107 23317
12795 36773 9839
7084 15548 31984
18832 24697 29136
3041 5489 2358
16272 5834 23618
1594 2068 1045
25375 19098 17358
21760 21693 32188
25876 6456 13825
38969 16571 35857
6699 33518 13918
24032 9647 14560
15166 21238 37796
38089 31364 3961
30421 3075 21921
25632 21302 35344
30998 38666 28529
6084 28944 19452
32861 5904 20459
25590 20240 3371
16151 12336 16075
4126 13720 33462
35028 30957 12775
25373 14049 10141
38710 6753 10288
39719 10833 32605
13555 21303 11936
31269 29801 27041
5577 26499 1416
10977 19890 25677
13718 10765 3812
17631 32152 38297
20299 37371 26785
23174 8153 31929
32523 24233 10635
18604 21828 9812
5188 7379 38336
21283 12437 26361
39756 33189 21150
12458 26947 37220
29005 27026 9689
35603 11973 11827
5716 29843 34715
35330 34907 29921
4346 17375 14759
22816 11302 10672
5014 38847 28829
23897 31582 21319
16538 22041 32478
25028 24627 29892
17552 24141 30498
25753 6171 38257
12384 31807 34694
17535 3309 6241
15302 26994 18285
22691 6136 11191
15276 2367 31466
5341 29314 4609
17811 39960 14482
14875 12643 12402
13292 22629 30709
27407 10962 11445
20258 18843 3864
4248 11503 21138
3812 7402 24550
2923 22805 2647
27714 36514 22337
22382 20803 38945
32214 15839 9826
7434 36898 29201
16927 37475 11693
16994 38966 38623
32516 16252 36143
38661 14033 24272
36245 35455 28581
20402 19774 26689
38232 16145 5705
340 12168 12177
6759 16958 7613
23239 28815 15504
17133 18768 13333
39052 38491 26639
11221 4272 33433
17217 21129 12835
11567 26750 35387
7867 23252 34958
38292 27689 31577
19301 32850 35586
15461 9981 3928
37674 16155 19982
863 39967 16280
8045 25674 8992
35352 2110 11544
14328 19640 30167
20339 26922 30550
3251 37093 17530
2772 3088 18858
3990 27068 14054
16352 4192 6781
772 2395 33881
9172 36936 35605
15723 18246 29498
3394 7954 20105
17669 13570 9897
10755 13076 6832
21069 23594 19077
8535 27248 842
5837 17157 19324
2661 3304 14327
28385 33716 17722
3123 17661 6476
20167 17653 17063
21980 9612 29121
7960 38291 8248
5143 6199 24286
8266 10309 5440
10703 30280 11606
29584 34969 14105
15592 28367 12343
21568 13147 4410
15213 33269 39334
3724 33639 37602
2051 19848 5501
10871 24267 12390
15320 31082 1372
30807 32494 10574
26742 32247 25961
28175 22501 31183
10470 18120 18265
17923 17944 1089
15185 22558 34317
21640 31350 32952
713 22186 31556
37826 38158 33422
18019 39150 3517
33711 20500 13565
8342 30580 39302
4582 7260 27502
29577 16864 32660
16685 34842 20173
8747 29951 284
38851 34551 11015
12968 5431 38550
18677 19707 4488
24563 34471 8718
32229 35047 26652
1027 31901 35067
22033 31035 16322
21964 11002 6020
9912 14471 7774
432 38047 30484
23887 15617 31130
10832 5253 16704
31932 38322 32471
15852 21903 7695
1941 14160 18176
6200 20676 30702
20394 2945 7991
14487 8829 3037
16006 19164 39563
37669 2414 6238
39151 18487 26309
26690 14106 25787
19031 25025 12987
23233 7458 19484
38602 30982 20459
1580 27442 32982
12412 407 13977
31563 27514 34719
6029 6387 17318
14356 15628 24080
36400 26218 10864
20344 38515 5797
565 11549 22418
27889 38312 21671
2285 23822 39983
21309 31487 28328
13231 8995 3607
13572 8221 24701
37424 32919 8165
15154 17647 1009
4656 11244 34362
12630 22102 11643
16240 7021 10720
18713 20744 4370
28280 1608 30217
37894 38575 27480
11299 33158 8043
30981 10473 31289
14892 27069 34604
10818 23801 21566
10677 22390 6187
3614 24350 25831
15445 24996 36365
13279 31374 7124
270 36009 24926
26313 31884 10440
16961 32186 35820
5515 30426 4766
37767 7672 3767
8236 17025 8293
18749 33852 38858
22055 17712 28169
12081 16609 2273
2968 4576 13566
8501 7601 34552
6137 15821 13324
31754 1497 1367
24968 32494 19899
25777 35348 28228
9863 10677 4784
19909 25413 21477
22606 7621 17672
17844 16402 2055
35464 10031 4281
9532 33998 8006
10773 9434 23624
22075 12854 38294
34044 7910 23269
4285 37401 4642
26442 34996 13801
8152 2349 30474
34147 21670 21273
16055 542 16555
21789 9268 7135
3441 6764 7030
13651 35320 19684
21320 39896 6491
20267 36932 11317
14114 38006 17197
1387 25891 38627
9516 37347 33109
23174 14310 7110
32690 20673 18614
11692 5256 16205
39564 26668 1501
30741 1633 37842
8573 22209 37846
37550 23970 28112
35880 30793 3070
20062 30866 9395
35751 2501 23104
29176 29983 22624
13035 3377 5311
28459 32213 27190
3136 29126 20579
6129 1126 19160
30994 27021 34250
7248 9943 16014
32194 33991 4760
21819 10991 9410
5248 1078 16994
30419 20483 18668
16299 38494 26286
27559 10752 35449
16361 20160 3335
25901 17805 13810
27520 23706 11292
34187 7378 9782
20897 17851 6192
694 33253 5455
21992 36101 17803
9527 8584 28657
25225 28867 10989
7525 1347 36909
20521 12305 453
39183 4432 30438
37469 4085 16608
38461 25363 30477
1482 10647 24903
39291 36961 34047
4453 16201 4510
34828 38534 5116
17358 6403 678
28545 37848 1881
18046 5446 35567
38485 25854 27046
32720 27092 38185
36092 27832 5094
35596 30233 22950
39766 29916 21520
13960 14791 22827
5806 13061 38522
35527 11783 10982
23276 28335 10987
15394 23772 21299
34104 23044 18027
18791 1417 38843
26971 9539 39436
30910 11002 32218
17074 35289 24920
949 38911 26137
11827 14988 38145
9744 116 7392
33949 21190 11922
10744 24708 38204
30997 14326 23429
24286 3829 12628
26685 32516 36961
15680 32361 22821
8027 2706 34716
13209 14912 14950
18828 1416 25829
1435 18886 9460
13470 8103 1410
33697 35480 29972
21713 31965 4262
28698 35954 37679
17945 35546 38661
22560 583 36789
14231 24288 622
2119 2588 1175
28275 26947 18490
21066 12483 35692
36225 17445 16794
7790 26617 21227
12834 8983 39445
36343 16243 31285
35715 25453 11321
12876 24101 2179
16052 33780 8601
17445 34456 781
12532 5322 21908
15073 4238 14417
25136 14420 18167
21463 4431 25930
29128 35800 2388
24789 7700 14270
4321 37209 8252
37131 28475 18623
20385 5088 27913
7250 6133 21096
32699 36665 33835
2660 30536 9681
35149 4691 15183
34919 8299 34557
23007 5903 39601
18716 37266 29923
30994 23656 35988
17948 10464 31486
9985 21638 830
14188 6957 3171
18093 23515 11005
14175 15810 27289
37170 21226 39992
8002 21062 38071
30690 39627 39471
31121 34617 875
31744 405 19411
28199 12399 18960
15669 696 10737
10037 9343 39194
36289 25659 33221
27444 16384 11153
2367 10143 32503
30463 38550 7124
14968 31515 13278
21047 19042 38884
7523 20538 13698
4606 5980 16047
28246 25162 30141
21934 1390 39329
17064 17759 20268
5678 12611 14501
30314 39717 4005
34088 34362 30116
3433 21949 14536
38244 31461 25267
16796 2971 28085
35196 10044 22258
37936 26742 38959
7006 30397 11285
2076 29725 39166
5551 5136 207
35113 36132 21278
13423 38264 33384
19872 19820 6391
29423 15772 28968
39098 14003 13762
39500 36529 5477
25490 838 27220
35054 31387 5216
15608 26848 24734
18110 21060 18878
35089 25716 11709
38692 34111 15554
3964 6613 24717
5229 1474 9119
5655 27322 14306
15469 35704 25162
4508 13033 1577
36557 29322 30283
25472 6948 755
30531 5786 31895
28286 28159 16532
27503 4993 29657
7027 13746 22006
34081 28068 1337
19854 9218 17757
38703 36320 24531
20065 11432 19514
15996 10787 14491
23384 18115 30338
28030 15731 35506
16627 39293 16752
29351 30461 36054
33849 21368 32733
10196 2793 37760
11785 39845 27041
25547 2001 10202
17144 29977 23842
31163 23503 34771
27429 2501 29570
28616 5956 12034
5306 39393 20813
19714 37599 22569
31151 1147 25259
28851 27232 38331
90 3815 27041
2757 35389 24429
6617 28752 11566
38133 30430 17496
2270 8096 35219
24286 22282 21518
22763 835 4108
27013 39884 1533
22286 39610 33102
16499 11161 23296
2722 16827 20683
9546 13584 19885
31719 606 17880
30244 3719 16153
10106 2449 25388
14041 6354 4347
35254 12106 5083
20247 26927 31441
29652 38079 38913
27726 7807 403
10568 1362 13574
2793 35074 36573
18873 5297 29283
37074 35570 37930
39302 24377 34202
13243 5949 30321
2692 26671 22345
3440 39798 15248
26853 2744 8649
27358 8509 36889
14310 32429 18748
35677 26416 25944
25602 39251 17408
30501 25781 10811
39051 24375 1647
10379 31840 33834
12757 12252 39246
8975 12231 1076
21539 2180 26867
11632 2575 19182
5380 5070 10406
26005 8825 30229
16132 16541 3024
39457 6154 11037
23968 6095 7
8222 13446 6401
7667 13234 7735
37326 29909 7022
437 30473 26756
34181 24797 24172
26314 13186 35676
21602 3172 28001
22210 2350 33126
19723 35119 123
5563 11693 34538
35328 11082 21812
35024 10383 11317
29863 12137 32955
33595 39904 790
548 13373 34408
38887 36961 34654
29806 10825 28552
18371 36068 20636
18780 27449 9015
32675 27028 27766
25000 18069 9348
39544 33484 37328
19562 7754 37404
10669 3416 29925
36346 1518 9785
20275 28033 10388
12545 23407 28487
17421 21941 8936
13810 5131 84
36899 37300 38448
29345 15648 23076
5605 22542 4021
39098 4298 20230
1239 6567 8200
18199 28024 7503
22530 4155 5066
34724 10537 7874
11809 29664 7406
32861 822 38302
2131 26441 22919
15894 11867 2901
18268 38963 1824
29202 14501 28115
4419 35607 38400
4698 20605 16046
21206 13363 15572
33823 39909 28965
17130 19478 19096
461 39280 1139
10514 12734 29239
17198 30473 27442
3751 26917 17167
15915 16136 1988
37165 35242 7998
13520 13864 24139
10898 35664 23973
24827 3690 21656
32808 19096 2779
7091 27768 13219
8661 25260 14367
20452 11645 6393
32078 5275 1368
6853 25373 6174
10722 23513 38831
15828 35519 8550
9715 21132 6921
36721 5704 15739
1800 39707 39800
34192 11007 19404
35493 36790 17187
17532 27970 25893
9255 35678 37560
19173 21874 32745
37288 39585 31090
23556 7312 21284
33482 22093 4679
16050 15143 24005
15714 30597 20208
17372 37049 7779
16732 11093 10180
11608 30749 33750
37214 20694 12602
32271 37164 7589
35834 36356 33047
17928 2748 31288
18420 20142 8612
6072 773 26194
21424 1729 8793
2224 31016 1295
25742 31267 7284
20099 10039 4832
1479 15407 39384
11145 2169 20674
21326 3567 19251
27339 26572 17319
19459 29483 22656
29959 9552 11868
17939 38014 2471
30999 207 39565
10163 39527 25948
13286 7820 32520
6691 12767 20966
2619 5140 39891
20138 13993 834
32661 10273 13745
33515 12818 24781
32784 2198 4034
10578 15468 33301
37323 17105 30269
8362 178 33430
24857 28678 17790
14567 33306 4332
7147 9917 25133
37685 34504 7439
35386 34860 28078
21577 32491 35609
25437 14364 4444
11099 18036 24559
11613 24878 6220
6195 9766 17997
16371 33364 13208
37041 15488 3403
24428 55 25047
20816 24186 31071
21115 16749 872
8304 17803 15662
2285 21242 22427
13429 22401 25908
33200 19817 9571
14403 32599 36174
12550 3740 7778
17457 10265 10880
12032 20730 21682
25638 18872 29859
15830 12983 1410
16328 37799 9715
12738 1236 17451
15281 21730 283
36660 32195 39563
15303 10610 36472
19071 297 27793
6778 31382 31025
7888 27928 22354
29689 26272 26975
33761 32699 16180
30177 1840 29795
13739 29591 6695
21696 20568 24994
26052 34195 3306
5037 15639 34250
32637 30319 35287
28871 25148 13901
36064 2968 12144
24796 25418 35148
7594 17540 14119
411 8137 5824
4440 1220 24681
26305 30092 2804
36008 26162 4759
31202 35222 9175
13675 6968 3704
21711 8053 37355
19577 5880 7318
16363 19502 30705
30524 7542 20932
33275 10269 33864
29897 30328 6224
36269 24467 21718
28360 1526 22289
14469 32685 24138
2156 29475 17688
30356 37273 30970
107 5082 9982
22815 14732 45
20990 21179 18620
20092 23651 12326
21527 29124 10599
20399 21930 12195
35551 4280 34028
19594 12613 13310
29467 8847 9376
37303 14260 34786
16338 23956 15887
35608 31934 20710
35028 26915 27092
17181 13278 13923
22522 21739 32106
