3400000 1000
1641 18194 9732
14693 16645 32864
809 4089 7214
3614 21862 10478
30840 18163 23611
19506 13298 18307
30386 12932 34726
29601 37537 9080
28142 27617 36125
39318 28721 2250
34427 12962 10681
9835 708 5495
37170 18757 1588
14733 32642 22245
15151 24985 25983
38997 32321 24659
15761 17576 28368
27475 21286 18612
17249 33301 7179
605 25347 33180
30318 27083 31707
25586 28653 23485
26765 32524 29594
247 12997 5644
2574 34775 29663
5281 24102 8582
2041 5770 15327
7689 4690 39927
24074 15223 13535
15312 25324 34053
7402 33231 35636
38461 25575 24712
20057 11662 18261
28681 23760 27196
32845 32924 9383
2360 29739 361
27841 138 26710
1528 9646 2410
31341 8789 22886
175 12367 27660
12067 3359 16327
13844 920 27813
28755 26632 13905
8864 23823 3600
1064 8919 3075
15710 1889 38283
24134 27220 34083
9381 26893 7172
13140 7375 23251
20623 33807 3999
2919 13614 36676
10477 37453 31183
8045 34245 7954
13399 13417 38392
6128 35654 7543
37197 1049 761
21456 18069 34083
11272 17376 27036
38289 11087 22051
9531 21050 5834
16409 5131 11161
8090 22757 10612
20080 21540 25160
6243 5017 27097
26292 30682 39850
8976 39760 14945
1796 26254 19592
11034 18937 9000
30733 15986 30103
448 39920 5364
8789 30507 24662
37303 29657 14131
24281 33272 35108
36472 8572 13506
26139 16881 37384
521 39027 22608
38023 26839 7223
9924 2396 2526
10233 7384 27389
11500 6035 34040
25551 17020 26328
25748 23389 4392
3613 7453 37620
1148 2973 27501
7197 12647 30029
31299 25463 3083
28349 10219 37937
1139 15335 36413
32866 26916 14424
9212 10885 35148
9592 11550 28692
1943 13176 9451
13951 24545 14998
3710 33161 1606
13712 27496 8128
35860 483 36212
13335 25186 20222
2886 11041 11578
11016 18141 7340
31025 36619 7991
22456 37208 30267
4500 15379 22987
34279 146 32658
20006 20923 13943
21166 32344 2735
27150 28664 16975
30608 1640 5690
787 3049 5955
31084 19631 3982
35273 9808 35721
11204 34031 9450
34643 24976 39998
8415 32026 22555
5039 22058 21628
12094 4526 2613
3191 15216 15425
22042 476 11465
21378 33013 8994
15282 17224 2085
38614 15724 38372
29408 2544 13497
6599 22000 19330
32938 24385 33742
1481 16326 9316
36825 2726 30932
10695 19827 23142
36998 5926 33145
28029 30594 14375
25116 3602 10702
4728 39329 3572
33495 11923 15793
27434 7325 6307
32477 11047 20543
21441 29235 14620
22430 3159 24310
38568 13297 36453
33852 8939 25061
12770 8169 18808
36718 4282 23299
12456 9455 14774
23091 30411 7874
2426 3223 32314
15524 26279 28742
36936 8704 1441
39521 16599 25174
2858 16018 6022
17288 28077 7012
29704 31809 8727
3199 25424 10690
20768 36862 39144
3979 39720 27055
6113 24674 29116
34278 23781 8131
12727 39230 8552
6436 17477 2158
26045 35555 7747
28355 38021 10126
12098 1407 16898
37967 29227 3086
18378 24498 26300
20001 16406 5141
12336 32170 33722
33131 11965 6770
16943 24428 13239
13594 38092 37981
23570 1708 25620
31735 34885 7005
38184 16695 5129
28001 10205 39297
384 12075 9640
24625 17395 5632
29174 7040 14388
20727 19352 21136
18786 18639 6236
27157 32843 20716
4919 5215 32748
38832 18526 27080
16851 36914 1075
630 11814 38942
34268 9229 22076
9193 21104 23476
27688 3503 7435
30147 30039 35882
19393 37702 5839
21329 8815 34352
37655 18635 15853
10784 22326 19982
11295 14856 17299
14169 21803 8960
27323 15882 35013
31654 15042 19036
3109 7983 64
4161 16027 10255
4413 13976 6073
26113 15783 29387
9390 26867 29951
10888 21170 11218
15637 36698 35229
29677 25960 34275
16659 20232 26095
5176 13978 25984
30197 7321 8780
12501 18719 19916
14247 38745 25097
15253 36866 9716
3727 38675 17627
35409 12712 11129
37067 7017 9068
32680 17754 12778
24118 16934 20399
27011 2532 30974
26016 13327 34811
33716 31144 10779
6760 9890 37942
22998 8801 12659
13218 15700 18730
13243 8890 17727
14644 12402 33019
31770 2719 36940
30684 19571 33184
18166 1859 25509
1470 20590 25819
33031 29943 25663
30525 23157 27263
13016 11275 7289
27432 39048 32156
31509 35293 28377
21073 20847 15496
37382 18310 31193
32980 6490 17316
20093 19276 4326
23380 17826 4258
25886 14158 33181
26508 13264 24847
2710 2569 30530
28265 30197 37314
27176 10868 30186
23819 38527 7586
24407 19272 25993
29681 28250 3053
35109 5753 34426
24413 29834 35045
8621 30132 13408
14846 22275 36384
39611 24675 31347
11754 14516 20501
6145 26195 29734
24175 6472 27545
34114 35507 3369
24089 14928 16511
32784 13646 22595
33630 39264 33719
22327 38138 14267
9431 1353 27759
2159 2006 15827
38460 14720 6213
13378 10835 8846
21503 15830 16720
12771 31146 12406
28934 32091 5213
12654 8884 22768
26204 4550 35414
27553 29374 15040
39768 15615 32240
27181 30693 20372
24658 26156 6174
18032 1535 30528
4199 26193 18154
14925 28187 9518
13923 6319 35743
18592 5817 2807
1300 11822 15354
11843 1254 24819
27734 15801 27650
14190 1570 25696
19172 10918 7736
35867 32206 17016
22203 14594 17236
26239 29496 33438
4052 2718 31144
32705 17668 36396
37266 13888 21156
39293 13901 23311
18258 36681 23203
28663 8764 35516
81 17654 7791
16345 27628 16499
37582 31692 13405
17308 10335 39882
14157 6110 35712
3047 39836 22208
36599 6836 36170
37341 29223 17426
36088 4476 34269
36696 35273 3085
20874 21404 35939
12611 29516 20130
28754 12168 35108
6111 22027 39393
9548 23848 16973
21920 8034 28604
21923 25088 7741
33258 16390 1120
1249 13920 38944
17631 16909 27282
22444 4816 15217
33027 22201 410
12860 18355 9869
37679 34644 1830
21094 29543 14431
38604 32988 28280
18046 34642 4514
20244 27226 23940
26987 27872 5206
35229 23657 21708
16740 20845 33648
27027 6644 12005
29946 27857 24326
29122 10883 4988
18720 21012 28949
29504 26716 17386
31070 6267 8345
39644 6589 3986
1170 39733 10523
32366 5067 5115
11382 34327 18535
6811 19385 12331
29399 4982 22087
378 39661 24898
5399 16065 31822
19614 13625 36034
3142 6519 16951
5884 694 3920
21079 27404 12712
35697 16380 14368
20355 430 20972
19988 2202 35218
33196 13163 18590
4457 2823 37931
32948 17063 26606
29525 23650 1144
1017 8831 23586
36965 19531 8720
13529 28063 25108
18904 16033 3948
19953 7113 37506
34859 19246 9622
13440 27973 23531
6695 2702 34866
7772 10486 5600
34341 2538 6345
20638 38614 4727
9932 34292 16106
25663 21578 30470
34880 36569 31816
24705 23194 2269
34046 33485 5286
33184 37107 4191
15848 27035 37172
36394 455 18794
16816 16821 2481
20912 3955 520
35307 32279 12733
2752 7224 5493
26558 20034 11301
2506 11633 1612
33135 24550 19282
27559 722 16551
27133 35513 23024
32224 31013 29750
29210 25046 21101
15607 34301 23460
7654 29731 39148
29502 6118 25929
1925 2642 24001
6352 39043 2890
10087 35782 20960
32366 15386 30740
17509 20199 5578
6610 10191 799
30286 23351 33183
37635 7297 1641
20863 2538 15671
31027 37772 3023
33627 10005 22020
23994 15399 5684
19853 17150 6270
31858 16352 18267
35817 37976 22480
29507 2988 33584
17915 39482 22468
39664 12172 28886
29568 27728 29354
27238 25337 14077
5312 19183 29616
30886 23530 38098
24706 35699 15033
24201 14474 35541
33187 19536 15635
27064 22410 14688
33272 12438 8551
16790 35867 16741
28243 39667 24126
7472 13170 33533
32897 30724 37180
35522 37624 29760
10025 38460 34216
19600 17656 14416
17311 27891 16093
9009 13229 18551
16005 19041 34690
17351 21127 10200
35109 27291 36456
29437 4303 4365
8587 14865 32546
7820 31155 23275
11273 7657 2807
4638 27757 14095
19073 7798 29200
21264 39106 2657
2058 22234 24886
31019 2270 35912
17487 27426 23929
34516 4545 14488
20806 24491 21737
2311 3696 2841
23642 13391 4661
2339 16646 4570
6820 37492 28102
34912 10547 2223
32838 9542 1663
19363 10768 21538
2656 15964 30579
30810 20840 31702
12432 3370 6969
28749 27840 1411
39232 31664 17765
4369 25170 436
8716 23765 37537
32580 39100 15089
3226 12309 25630
31107 20447 5912
9736 26856 16732
5769 29416 35810
9416 12901 4361
31444 7290 30456
9669 16810 22117
21012 33928 22805
17778 17565 7804
1268 30585 18818
3542 33614 14875
39558 4029 30140
10558 35068 21906
29540 20902 9425
20640 32608 4973
7491 865 25340
11103 30704 24619
22750 2868 12937
26678 27521 2474
33573 31050 6937
17471 1074 1545
10779 15560 22470
14550 29205 9009
30100 5473 4856
30866 26553 23249
21814 12329 18550
36044 2886 23994
2745 2086 6661
9024 28564 31331
6390 34254 8463
2859 25514 14215
5784 34889 20859
35830 31897 26655
29426 36299 29026
7786 16200 2163
32645 39918 33290
1747 17793 20222
8469 28000 23190
2026 6017 28317
2104 35141 22299
25266 8030 14161
31178 36006 30137
12810 21074 17145
30786 11468 37111
25057 39660 22817
28793 2271 20025
17707 15422 15932
7977 36842 27406
19557 4940 11115
21816 23712 32249
12686 11665 36714
28439 23730 39708
11951 24088 13887
8709 165 22918
36303 8840 646
6581 22009 15919
21352 37721 12796
38456 33466 25520
12165 10324 19869
17055 7389 34508
31325 9243 24050
4927 11274 21310
30785 3846 7159
18106 24220 31864
28942 30313 349
13449 29902 21058
2215 27085 18083
1000 20949 987
21409 14236 15555
25740 39388 24339
17077 9251 28326
24995 4519 4998
4198 10455 13297
6379 3153 11041
20887 10126 11208
37743 29803 25310
29262 21142 25503
3320 18852 23467
8235 32266 17027
10097 16087 35226
22006 24940 14374
18079 25617 9556
13279 36749 33169
12901 21241 27246
11026 36435 33442
8876 29159 20635
19692 14379 28186
25653 17684 27091
11904 24230 7601
1451 31543 4529
37174 11361 19710
25773 20707 35174
32242 5234 24718
10934 37793 18733
28234 8373 8333
10835 5297 21749
35263 9010 5972
2132 19268 11043
13179 10306 18505
35868 26651 13473
15694 9570 83
31109 19658 23259
28834 23514 15516
16258 33194 35365
10536 15219 14489
16163 12502 11366
22202 3085 9635
27640 11607 3453
30946 23909 6152
20459 6355 38419
10205 26320 10846
23303 1955 20907
38061 10938 38999
36385 1955 26886
31333 17023 19068
33403 30043 29020
10562 33551 27887
30298 15145 10353
31977 14283 12296
12862 11374 12271
23668 3085 17835
603 38395 11877
2714 37302 12026
10638 10996 10398
21211 24260 14515
9512 21935 9928
12803 15235 10916
18386 19524 7165
33955 30561 14398
23456 35017 19570
22306 15605 11839
3983 12537 39464
3768 17086 33644
24715 19974 32283
26414 2421 12698
22272 650 36867
22934 27680 27012
35902 2385 14131
13999 2589 166
33355 9547 23009
20217 34694 26328
34270 35144 26780
31547 24410 33321
33368 36748 14158
12709 13604 28538
34249 33201 24892
39900 4724 22341
37061 27349 9136
24220 18423 21282
39196 10118 39924
15235 2674 29677
5693 11523 33937
32674 34426 4774
34325 32995 32118
4015 24610 7660
4974 8907 14144
16502 26750 10525
18528 26960 3388
10727 30141 12697
31328 10385 22942
23384 2848 10329
4728 23672 11291
5336 15408 23651
35307 24429 23933
18105 10013 27336
34412 22829 17661
29653 15037 1148
11402 1026 7339
38795 29512 28335
36361 34909 21429
20658 28104 28718
31827 11843 24789
5166 24292 31947
16991 5917 15796
11332 12726 3135
28304 30220 11663
19453 37204 12492
33252 30232 19682
9343 38456 4298
6319 39842 35640
19131 4855 25655
6781 2460 22993
20405 34734 15972
8221 28815 16835
5925 35097 39711
2532 26186 35987
21103 14639 16943
38457 39844 9433
32029 11852 32008
28332 26017 16691
6066 32174 10631
8044 4116 17442
1080 22301 7009
29800 10221 16905
20185 37055 7439
39070 29618 12715
6253 15018 6564
38514 13017 16686
850 24448 34528
36427 19408 6314
25635 30873 23829
35599 29462 1687
7166 8923 2389
36156 31932 34277
12510 31532 13276
6072 24431 36486
39602 7663 36925
11162 37089 12089
3406 12920 18568
12093 33524 25507
28300 10903 22118
39077 8318 18687
31932 38524 25449
21707 4679 19762
1147 22091 33354
26058 35213 8018
34457 26838 17937
148 29261 3238
32727 6251 10273
2779 14780 6772
16365 38425 29487
37078 39484 17242
32225 30882 8524
2208 12361 13590
19937 18115 5841
28796 18374 24680
5216 28720 27169
21522 26821 32382
9330 39762 24957
10665 35752 34010
30561 2441 28448
37552 14639 30732
18747 31806 26867
5981 3738 32709
34513 37345 23096
26610 4978 350
27621 24009 34953
1462 11547 23870
16065 5650 23039
6819 36549 38554
24181 34810 33515
33952 9824 10540
20029 14044 17717
28691 20198 34706
28731 35634 3830
13584 31841 18756
10834 7763 26747
16369 14971 21897
27 18909 15161
16818 4808 19675
14115 10528 18526
9088 29838 36829
12801 2833 9424
25387 33087 11998
20336 33190 12226
6184 16748 33734
36910 31741 35813
23937 17373 19685
29291 1101 31348
9269 9441 5187
24354 12800 2189
32159 16437 18733
30462 34852 11416
38500 1178 19100
34029 30690 3267
25533 15171 11629
38822 14824 22964
11809 7776 22858
26590 15656 30668
11301 39356 20808
34605 7977 20960
30102 2805 17660
9551 25672 20016
37145 33785 38632
10832 1812 29011
13221 11605 18620
14483 17476 10905
36825 21831 12083
6517 22740 24851
14654 2131 11638
645 5211 9810
31689 17750 26271
7439 27418 6080
915 19991 12000
28086 17122 16165
33911 13189 28137
37401 18181 27013
37553 9784 31933
30779 37369 32410
11522 26511 10667
15668 4707 4388
25137 25602 12101
1561 26465 12689
38942 14876 9748
31078 35741 22374
15764 6671 34856
36311 7347 16132
33597 38958 7929
19576 18298 14116
37877 16322 5368
35110 30132 17059
24081 8302 27280
24883 19202 28349
8031 4653 27884
12663 25677 36883
1973 7066 29572
37503 21067 34844
4423 8264 16649
39009 28254 19341
30962 20758 748
1569 18713 15085
16476 17043 7203
4213 14202 22360
30757 19476 9758
39767 20839 29220
26050 25169 11274
13160 13173 11372
12933 6378 6377
1179 10763 2482
25190 5099 11977
10533 8737 7147
18123 24439 33832
26745 33726 33166
15028 11621 5392
12853 6689 32581
3508 4793 5497
12117 1281 3940
37420 32200 36282
2835 29660 431
27048 33782 19605
8069 1252 25508
11290 15829 2289
32089 8346 10376
20165 21197 25986
39759 15144 28465
5164 7145 4406
1800 23732 36945
39103 9696 21675
14024 18381 33261
16933 28666 3397
37952 15853 3663
17510 22889 28057
18001 36783 12518
3256 33141 23645
39238 11431 5960
23058 10526 23555
15479 15697 28775
25784 10491 21286
32435 30776 39775
22179 10826 17928
13871 10500 34213
3892 34943 18228
27398 28579 16725
3881 19698 31429
4532 34666 34380
27433 31302 7536
2384 38634 10469
24042 18600 5641
6726 25307 18862
9559 11778 11295
5759 7561 32578
24587 38584 38062
33991 29553 32528
19004 19476 31043
21842 34502 27768
29903 7285 2442
25211 15272 8729
32102 421 16933
33569 33259 4709
17667 25255 31114
19301 22310 29792
28139 13224 23292
35790 32349 3292
24386 21276 8487
38402 5153 31897
32189 24630 30384
20948 36623 15965
37405 18000 17339
23467 4325 28260
6754 783 38912
39794 33559 1467
13467 28417 15988
30931 4733 32954
10439 22321 14091
12092 18986 26323
12711 35228 1840
13730 1458 4540
31099 37727 39666
28422 39147 14572
37647 6662 9841
22005 14456 29346
12289 7353 15011
8182 24998 15161
13361 2576 21423
10363 4719 9861
3911 13947 33209
23854 33570 9583
16377 39682 28692
17974 33869 5073
19004 30620 18695
20635 12573 11724
20429 18315 35341
2131 10529 19091
6 8652 27131
38245 4761 9262
17682 7371 13827
1070 27387 24355
8344 15122 39912
16251 15260 3476
38097 29765 9777
687 25775 17207
35562 5449 22629
35713 5181 8764
36410 13932 38039
21250 7809 25036
33610 36861 7770
15585 27234 30753
16913 3152 10005
13247 8163 17913
39960 26414 30817
53 8654 34520
8110 14509 17499
29790 23202 14042
36183 17513 4881
31764 13855 2191
5414 2649 2117
38493 9256 31709
28519 32071 9887
27336 27293 873
33936 11793 10700
121 33699 33909
1303 12556 19110
17363 4278 26177
11370 25703 543
16398 14347 7393
13472 29029 269
17825 32718 9282
22882 39570 27351
2196 19529 8288
18996 3781 17488
16791 37435 11304
24826 34329 4369
24958 3451 28924
23293 10469 9184
5694 13399 7710
16011 28645 4575
18809 35548 22200
11050 39903 18348
16979 19702 29756
15987 20843 7327
10439 8137 38047
32555 9071 27786
28662 11775 8676
13970 27259 32053
6398 15783 26290
39109 21838 502
1526 38688 19392
25654 12144 15579
34921 1193 22582
35848 32115 25921
19838 21601 28386
4063 18173 19230
6914 5750 24352
12198 15279 7758
5414 28321 36673
10341 36376 33196
33490 24432 10342
28326 37613 511
28640 12839 16468
38846 20749 39057
32046 12375 8555
22974 5003 12021
20036 31193 34197
7780 21162 23049
470 32084 30863
9159 37088 2685
21699 5328 27933
7900 16650 12278
18547 3931 9945
29266 20499 16590
25837 31252 10207
11610 19017 10299
9078 36208 29962
22367 18717 36471
27112 21035 26123
33160 1163 36905
39121 4371 8007
39862 31524 37342
2358 6804 5128
38702 24433 3230
155 3518 20843
23958 38780 6572
9705 1627 406
7027 39778 11702
37005 15123 38063
31123 16835 14733
19118 23116 21063
36490 8761 8353
37659 10268 7870
14020 23584 36700
25275 15441 23584
10289 35545 27035
9144 31794 29729
29538 5600 9827
11167 23136 33944
25308 32082 17474
34417 15880 5772
12276 9398 21576
12077 6805 2421
21687 36278 38090
25453 24905 32460
3182 20629 18636
35276 935 37063
11409 9349 37652
12871 17316 27798
28066 22708 25846
14629 16446 23242
16860 27641 34277
23314 14128 24949
23127 1191 37845
8946 25769 28133
7257 29495 31162
27631 13619 31064
1342 29085 6699
28008 38134 25729
5465 13532 35776
15892 16645 5821
38858 29890 24046
28937 2210 22159
13350 4007 16617
25892 9882 30790
3943 3066 35120
145 6072 32034
18569 36752 7203
24814 4069 30494
39435 32000 2278
23811 37182 33453
7597 34861 3370
9997 6689 8976
26096 37793 34510
25431 31313 1185
5737 34245 6918
16930 882 39853
24236 35105 9010
22090 28571 20271
17956 35068 17047
33656 14512 8544
23839 34417 21522
3850 35491 29534
38169 930 37459
33661 28044 10328
4883 34258 29159
27397 714 3984
9347 14495 2970
19873 11283 32665
21354 36178 32394
33493 10718 6430
18203 17351 12968
5398 25688 9703
19576 34921 19900
