3300000 1000
17840 2388 39703
18144 3926 208
39988 11188 4353
19147 3733 30674
25389 14668 20939
15641 16762 5404
29548 21290 38968
24171 19383 39587
5591 8033 36814
31159 2945 25474
36641 19751 35779
29309 28140 12255
31974 21969 16150
36591 22172 9565
14650 38628 21142
38274 3 2435
6067 14134 15217
33313 35794 10408
32888 6242 33288
28428 36999 9676
24749 13122 9446
5575 17041 34983
36088 3507 22732
23735 2848 8422
1843 32412 30272
12161 19111 11480
36573 4525 21959
6924 27038 6839
30405 15011 2932
24966 20310 7774
27731 25589 1411
14588 22813 12241
8669 4677 26976
3824 24909 7603
31414 5676 9162
37822 11019 7291
16803 12290 23036
8044 6396 15696
1626 12544 26773
4366 34637 3235
21510 1035 29397
21894 17927 36131
39212 10010 10347
27147 38984 31978
38829 10746 31484
24085 13091 20789
12606 4519 26575
23029 25027 724
31317 36534 29575
26128 12102 6623
30761 24334 3866
33737 818 20562
32317 30701 13750
36405 35904 2735
26515 23925 25520
37761 23318 4982
21252 1845 510
36185 14063 14755
31960 20024 17046
10803 17097 31483
17116 36104 27370
13594 13080 11530
11405 18799 39464
37581 24094 13878
543 34787 28261
18917 6362 19835
17960 7010 22128
24692 11630 7014
17223 24706 14366
23148 38276 635
10309 30933 36058
17087 2870 29211
3076 1538 13323
13040 31757 7608
36106 20402 8204
17435 6820 18189
9838 4060 17623
37102 20971 3812
34162 15200 13339
19525 22585 29957
17441 9794 3998
31281 10117 12407
21807 3238 30240
37991 31696 38056
33328 27104 3741
27389 28300 23181
305 28611 28849
27672 25797 9581
31482 25529 31024
21403 13934 31520
10380 29526 31091
6203 20473 5989
26913 612 30139
19854 5170 15978
34943 13932 22037
38331 30075 21226
1633 10347 18355
33241 39719 11747
4887 884 15776
4457 26889 18157
2117 22471 34493
10419 39998 33371
3706 33283 23410
37947 36349 3816
38205 15042 4924
721 4928 20283
15304 21453 15697
35753 31755 1573
6227 16049 18033
39830 38241 33254
7972 27177 21604
2350 11823 34737
39557 36309 16260
21217 28539 23342
5657 11591 26117
8993 39916 6505
7092 15318 24104
17018 14688 12925
1184 4793 36283
18743 31287 7975
25922 26148 38114
15331 35343 2890
16198 32227 19468
5406 15291 37713
25602 4723 20210
5376 28943 1916
2931 25033 28342
19647 1726 17286
22416 4441 14035
21674 21857 10088
38094 9980 15494
22936 2090 27566
19465 36877 16422
19934 5335 12906
29316 13096 19785
26429 25070 15461
11614 34055 10036
8389 33418 36011
5936 28549 9127
5233 34955 38540
2378 56 33176
6888 17713 23094
34398 20384 30488
10541 30259 38261
618 7469 5123
7610 34645 23359
29232 21581 23030
3061 13203 36657
19060 15756 38369
14217 5672 38395
15274 32563 25978
12635 14266 3071
19271 33202 674
24843 31486 21661
3345 14460 35914
10394 859 475
22761 23664 19740
19081 8988 31355
4918 26273 23671
10263 10101 17001
3480 14505 8980
38323 6900 37701
4185 19606 5901
703 39195 39300
22464 39825 2148
22536 20346 33446
27377 36639 10763
30721 7190 25968
26194 30733 4606
31592 10328 37313
1232 17462 21882
5359 3950 28512
26301 20522 2391
28736 39110 26514
13100 863 16865
37950 11984 37741
13119 38468 28584
18714 24061 24615
2562 27347 39199
16734 23186 1628
26715 36797 14422
19974 8402 22978
39579 1550 32729
34239 7962 30994
19702 23967 26362
31856 20519 33110
19897 7613 35291
18601 8165 2143
5828 28439 1668
20872 20292 9315
16723 39055 20420
39487 15404 2349
30180 31254 18048
28880 4236 6326
26628 2591 28577
27545 14249 23243
34964 33231 22595
35726 7124 1161
22603 22724 6756
32196 35648 28642
25030 6927 10920
8983 7511 7035
16500 23805 116
19231 12801 7292
26522 17221 39931
18172 16076 16885
33628 9540 4973
24027 17490 31028
33069 34135 575
5595 19872 14241
32602 31862 36138
26903 14706 17158
1751 30437 6995
36621 3207 16080
12417 3620 7302
95 5857 36540
35898 8934 20727
29615 8565 10864
13258 33666 8555
39624 39588 39290
31549 31268 25270
10199 37620 1135
31960 23473 24521
3378 10285 15982
15840 25950 34533
31774 4822 12792
10780 32691 27567
14433 37792 26272
31346 13569 19983
38988 21713 14544
8863 7603 1343
24065 39032 27546
17254 3339 11388
8557 31729 35924
16934 8246 3396
38973 27856 11324
36236 27396 19918
10934 1712 22426
19768 39146 16038
3458 18694 32615
33379 3938 4179
33819 14250 15338
9476 4242 32006
26334 14530 2828
30483 22977 22626
13753 36342 27680
38694 38291 38380
19128 22877 792
17408 16517 28261
28963 27158 4264
5073 21926 10021
3059 3429 13702
23682 5204 16766
4883 1815 32669
34767 36067 32754
22252 36614 2378
13689 8636 9357
30199 2876 20166
25004 24814 35171
917 12683 31453
32774 37029 1749
16734 22364 17719
28601 11656 17802
15092 33098 5170
17245 17019 16070
32965 9747 19721
27892 32957 30356
2180 934 28988
12798 36452 8286
12811 9182 10943
2317 26414 19642
7151 17335 13666
29642 20705 3186
14837 23752 253
37900 25410 37277
18413 2892 7432
17722 9996 16209
14502 28360 2925
18904 1590 24503
38469 39961 26243
26227 9654 9232
5352 30709 6201
32281 13382 22262
15398 28596 8545
33470 5155 2601
4824 2842 27751
24389 24639 37355
27946 28226 25755
4507 8235 15940
22137 5611 33245
12416 3499 32808
5423 16695 5344
38013 28727 33376
34207 39137 20986
14244 16864 18352
38426 32067 6023
13208 27036 7764
61 6314 33237
34857 173 14736
2994 35537 20888
21790 39392 14455
26262 23553 19166
9255 21354 25108
16541 2225 13184
38033 26768 13926
2821 25508 19862
26559 29603 12571
32962 15262 29912
5370 33539 4588
38450 14956 16949
20257 34793 32403
37955 28449 12313
3328 21558 30212
4762 10302 16095
17902 1661 7881
38877 28573 17318
2716 28620 20482
35137 12328 39498
26502 9378 1376
6055 14445 20925
305 29160 37144
21118 31312 26168
11556 27399 3243
10988 29808 20484
3201 1585 19005
19243 35853 23381
24366 405 25117
1838 23278 30388
27202 12139 15408
22385 27424 10421
15058 227 35493
32321 33179 27309
23831 7157 8227
5556 1413 21364
20818 6523 25567
18440 32576 9566
20066 32747 35452
13096 17899 17970
13608 28945 34221
2903 27073 22679
32574 23585 24317
6647 16267 27826
7885 18376 39788
2541 17730 26613
28435 30657 6732
1301 3741 14295
669 7145 31627
39508 31084 12465
4234 30539 6613
35947 23790 643
3677 17385 1470
24287 36884 4557
5608 24368 28691
2404 853 4500
34853 31197 13975
21192 24514 24229
27135 34002 1078
9696 31372 37060
31009 9989 31101
26733 27031 3990
8200 22114 32231
18363 16355 6692
24185 28858 13759
18222 34513 17237
20308 30878 5488
27521 36311 13373
18201 20542 20169
365 32881 3287
25001 14830 39872
9528 13066 18060
28244 2791 5759
11177 10436 26721
17906 25507 2962
36114 11220 16929
1834 11503 33582
21503 9991 33780
11095 29268 16117
30197 16638 37020
10737 2147 34791
4231 22444 12190
28531 15965 15406
13361 18839 11340
7064 36207 6831
17551 27010 26663
10987 1149 1026
19782 24743 37548
23310 28810 4953
26112 37177 28319
18340 17043 29529
30360 15113 17218
36234 19083 39357
32210 34379 34185
16597 33726 25989
22456 20509 18334
14764 8591 20105
9909 4222 13742
38339 14807 37353
16472 28323 3189
20809 654 23549
31943 30351 23625
35475 37396 8445
35411 19307 20577
12045 1090 17020
31220 2866 27474
30402 9795 12790
25502 16817 18494
16002 14715 27205
1910 7420 49
27576 27817 16779
39639 14221 10027
27894 3850 29130
12785 12202 32457
4099 28733 7962
26288 20944 22498
1793 8080 7328
24691 36995 15207
26215 1612 35889
35073 34675 17852
875 30506 14620
31054 5920 39118
3866 4082 11761
24752 31089 28557
37940 12803 15687
4250 33749 14760
23638 9531 33814
16069 9276 5920
33270 8574 6895
21906 5296 4563
1935 19869 13530
19222 39444 16984
24558 6023 33446
10450 34726 12046
7116 1307 9600
11540 17212 25260
36385 21694 16464
23092 38934 4102
22490 24256 12341
31992 6926 27397
33570 16391 36958
10765 24622 20937
16483 23612 39705
10710 5942 2815
29496 25592 12127
15056 23282 22607
25957 28903 31268
34436 26116 1856
24549 28712 14269
18309 38499 19176
7303 16025 26732
23791 35875 23745
39497 26712 19341
17326 29700 1550
18126 28203 15947
19779 1455 799
26925 35593 9544
11712 13633 4688
38518 28565 25638
39165 26219 38309
36196 30115 23774
18305 20721 19872
16868 3051 14544
26967 14871 18978
23060 18181 10994
12299 15107 7618
4095 21310 9877
12246 31079 36841
1500 21558 33001
36005 35837 16026
28390 23059 28764
21244 12504 39794
4630 27950 17443
34945 2535 24664
18308 25291 11821
21710 8230 12500
4548 10378 7187
33950 15247 17099
14023 22424 9816
29321 24800 1124
3919 15699 13874
8004 20399 13703
5048 32480 8446
15278 16805 1654
31155 23985 11288
34718 26609 36284
8045 23801 2290
25518 2352 29814
18495 4154 13996
9344 10587 35229
39586 8968 26688
15484 10517 4586
22977 38105 28930
26110 782 24433
39981 36606 23702
1846 22935 35791
2695 5860 8332
3374 32113 23810
30552 28984 21512
30392 34074 2965
2440 7431 1840
962 7155 2856
35090 27194 17078
37637 21179 19265
170 31758 10561
13581 5813 14906
17350 30865 7761
2331 1671 4455
6565 4635 36113
37529 2127 1688
34324 6988 7939
22938 27984 36809
11021 10669 33516
31273 36082 9312
32997 4957 3637
27096 17891 18903
30581 13073 9576
601 38771 10611
5409 15960 7602
22349 35615 31564
9911 2032 11999
2199 9520 33002
7813 11535 30321
22110 3688 6314
6105 27197 34566
6917 16147 13283
23960 3089 15224
3088 31745 34650
35154 32385 10656
6133 1404 30954
37828 1286 1061
24083 35967 19116
13043 9484 1747
24393 34308 32398
2442 12849 18319
23920 25570 17582
24617 16131 6372
15405 1700 20362
11221 32266 2834
10457 10118 28275
5287 30536 16518
3835 5116 24916
28280 31869 28208
17556 6271 10219
20329 16595 33237
21490 7928 14030
25851 1356 36315
10379 2891 7073
23195 7252 809
16282 2006 9999
24728 39557 19735
3067 19945 25182
34273 12297 5389
576 5771 11412
7884 22504 2885
28863 32719 23265
29048 35626 11799
17810 7372 16272
3024 31968 5635
1473 15424 38913
34690 16630 12762
3679 27120 4438
34991 25444 30071
1412 33668 29544
4200 14435 5374
22709 17147 14887
17850 25651 16499
3033 12857 6517
13920 31975 10232
15838 35070 9061
2718 28209 3323
20580 39631 30389
10006 2221 6110
36865 29027 27675
37407 4777 11371
4114 11418 23045
24304 3167 19227
39898 23246 34094
33766 15336 29564
16738 5767 28560
30898 27477 27464
4447 38309 4972
20988 2363 39790
725 27129 19816
27400 22816 4771
20024 21240 39671
26146 15501 38663
31227 14965 1356
28523 8381 5984
35872 21956 8022
3009 37608 39554
29732 11649 8126
34723 5601 2982
38949 6810 31521
4228 29454 17739
5032 38931 9543
38131 7141 37340
10689 11173 17999
25358 15548 32559
155 19437 24273
8411 13015 3562
4572 24977 7590
1037 8836 1626
27545 15694 3752
2559 35046 22724
16999 11728 12551
28917 38348 8832
21745 36236 37525
21870 18415 26216
2782 30911 14939
27089 27311 34150
26809 7493 30174
24965 37680 5681
12898 16877 7846
12923 1654 12418
33207 14076 14246
9402 34897 16587
28346 35012 33134
30772 30844 39685
27695 37576 28518
2813 29906 18894
31917 18888 32272
12503 2340 4289
24918 10543 24719
34561 2333 14191
39813 20613 21992
24816 40000 9261
22042 5210 29253
737 36977 30938
21738 27662 22563
34738 10377 37262
21523 17642 32832
27686 32112 38180
34529 1001 6955
18189 6909 36153
22034 5808 12552
21933 24270 25828
15273 8270 14901
38630 1633 18428
34957 20609 4885
26222 28382 34537
9145 14999 27955
9704 20059 24739
4269 33776 14410
13152 8643 7119
24929 19706 24793
36992 6579 23903
7996 39901 36628
39233 26552 5682
32130 28153 1110
10542 21295 3849
5110 33267 23724
24442 35076 3084
9843 26020 9626
18366 8337 11404
39410 20279 12398
34535 6 23971
10234 3005 15558
2206 22070 16169
8309 6148 2589
15357 97 8803
23597 31234 24573
3346 13589 17309
20765 20379 2748
3916 26701 9811
26987 33808 33357
16523 37273 10405
4909 21983 11986
429 20417 37419
5891 28011 13826
27358 420 7338
39233 17766 258
30014 8456 21515
25320 30882 8463
33624 39849 34368
15000 11763 6797
10256 4968 15886
35990 39384 6818
1590 8494 19153
1921 7881 17006
298 26289 29637
12045 37350 32331
10427 35171 34144
8428 8738 19353
13487 2544 1223
25904 17764 28880
14882 10794 36272
38486 11461 37528
8675 18680 23853
5569 16911 31321
9211 35308 16011
38104 33340 1099
3667 10130 2340
644 461 32507
5146 15260 27686
27412 3245 10754
6107 14793 12324
5238 16468 34667
498 852 9642
22341 3336 37761
5897 19485 20741
33393 22769 26505
32841 15250 20054
24298 15591 14936
11752 13578 9400
2790 23853 19470
13260 37718 16521
29848 22268 26469
19232 4027 33051
18750 21458 10651
22795 31777 1189
6625 19755 16304
35393 14233 6702
30486 28372 7080
36615 31316 7254
4013 384 36842
2406 4594 34091
6430 21971 5519
26607 25451 11896
987 34436 7753
18367 20944 35705
22997 17670 23034
10418 22878 1182
26268 34800 24011
815 37344 36873
17068 18490 3512
25206 29147 26423
26581 33611 30095
24797 27395 14785
37117 19968 19103
37807 37034 34964
18166 11288 26898
17423 29820 25693
12526 33389 15270
20691 24614 18893
16740 20207 24147
23225 2110 350
7535 8323 19338
30002 36252 20042
32647 30966 5517
30364 14490 1634
5397 757 31266
27498 5194 22118
1594 22192 19030
30929 2954 15515
27994 14609 39562
38463 31550 3126
30869 8187 13657
23405 8294 31650
29114 19839 27185
13777 6481 38832
13984 19040 4413
27207 26536 6388
32435 26670 5640
31536 33415 15471
19358 16203 16859
13918 9062 19197
24737 4950 31375
8659 35598 33691
8124 10018 10141
22175 33364 35736
27964 1248 2310
17453 4247 2158
8668 22969 19200
16138 37499 19232
11960 3818 25333
16168 38685 35226
34763 30827 14063
27196 9410 17000
22592 36848 17120
21747 36408 15182
29955 26061 20610
34640 10463 32014
87 11469 33362
27390 39269 16608
31142 3716 38811
1319 3746 32054
39188 10024 25293
25295 32157 8525
21888 9470 21925
10960 9639 3739
24512 24050 33748
35060 26008 9380
37567 34694 26800
13321 18590 20488
31638 38355 18397
31968 17381 28682
15803 37561 18868
20331 36801 3564
12063 34349 26078
18779 23343 33311
10596 23005 1449
33452 16921 18259
36912 30977 21243
28121 8791 5253
9172 28185 19207
38535 22965 4473
39881 11702 29714
33332 36210 23945
20538 4166 26088
16127 5873 19265
12948 2432 22635
35709 20902 10723
9703 5740 7999
4105 12390 524
8768 3878 32711
23861 36909 30624
38145 32978 5757
13583 16252 20268
3008 1765 38604
30946 1901 21543
11147 20021 21895
21337 6289 2880
32044 26425 20691
5701 23994 13409
16597 7266 2910
33679 1677 9442
38266 24322 11990
36783 23666 9915
27597 32550 20948
3875 31820 11011
21090 15499 1473
20475 28093 38605
21866 38953 6447
2962 25967 16992
84 15597 21851
4319 29286 12133
28600 8226 38692
10449 36039 2773
11423 31899 23065
15843 23009 3238
4685 15661 7674
4812 21159 2967
34728 37952 35144
636 24802 7763
34256 23041 8897
3026 1933 37511
37260 32972 9182
30906 11806 12529
21608 29255 10422
1301 27188 30762
32475 4372 2468
20581 24618 33744
3920 6028 34365
23766 30466 39421
36218 7327 31562
11118 5173 16562
26110 9119 22979
7655 7697 22382
29660 16198 37774
26505 18028 2701
20210 21501 17718
14352 36452 27117
36517 34043 21842
31007 33521 20659
1961 30897 10154
34907 38320 20393
16997 22771 17218
29290 14784 28506
23014 14593 21522
12596 13261 30047
18100 7462 19047
36898 19047 10430
4706 10124 11361
27696 36544 14804
39287 7099 5011
29467 33640 811
20632 26039 7427
7671 8878 13996
13878 6538 22321
34617 20213 6751
38263 21582 5827
31365 36071 13147
27808 2818 19377
16067 15631 16916
25581 6895 771
26706 27732 36223
8294 21874 1173
8604 31877 7396
32725 9577 39514
23642 6406 33368
1463 12779 8290
17241 32461 2189
6725 27052 39319
39616 38565 14871
8486 34122 11055
23412 21897 15517
13374 14114 23704
29908 9722 12252
25758 24732 10443
29222 5664 13936
22649 2275 29070
28540 20770 1604
837 6371 9303
5531 39807 37596
35539 22029 11160
39159 16152 7270
19837 28670 4776
12487 25075 4726
541 38970 4353
35141 35685 5222
18684 39597 20510
26910 11309 4406
29898 38227 7968
1962 31791 18346
3660 2554 32654
39977 858 34622
36733 18058 36564
1178 36067 33650
11691 13436 20432
11771 27429 5953
13495 2221 15521
12087 29193 12236
35720 17021 36142
29451 13010 12551
1954 16158 35506
13758 10730 18797
12575 10308 17074
4452 17920 35541
29957 12327 17076
8905 19880 24803
12411 1398 2451
11648 22916 7986
32397 28467 17043
29750 39523 5551
23246 38302 36932
13691 20837 23244
3132 14303 16349
365 18891 13560
2167 5203 27810
24427 1729 1666
38521 36918 36088
13638 8784 32674
792 4673 16192
19477 3651 14595
124 37635 12618
18897 21738 27269
14170 12040 18008
23682 2437 5788
5468 33737 26988
12025 10701 16001
32967 27466 22871
23096 26513 35863
32383 3415 33810
14281 1140 15351
15114 20809 20622
14476 34743 15495
3622 21119 1156
15831 14416 7706
1934 18805 4473
30685 24083 39721
6106 30573 24633
22725 3798 27436
16249 35980 30070
420 20070 15725
7678 16668 158
15788 5228 14029
13900 11746 27916
18862 31062 20123
8379 12140 28010
39901 9526 20662
28576 28616 36382
308 22156 26585
714 8727 420
1544 25481 30283
38664 15826 27507
37514 16690 10897
13226 26058 28603
28422 37170 5782
21318 15929 10922
28539 36238 7544
16807 20632 12488
15291 18284 17433
25588 10856 1991
23805 25030 1521
5258 13202 36267
3099 26341 9155
23162 17818 5405
14984 568 20760
26219 21563 1480
12117 12531 37899
20141 37033 15007
24585 189 13668
17112 16672 1637
18326 13857 25250
3859 17514 9040
27709 3524 8877
105 9868 8234
20653 15896 13833
25208 5756 13387
14753 22094 8276
25002 19104 12988
11924 23028 2315
15221 4649 11895
17933 11922 23688
32811 15241 12927
35479 2220 16398
19526 35563 18707
17193 8246 22188
26096 20179 23983
8533 20197 523
33805 37080 13345
