3300000 1000
17966 20891 5493
676 13412 29519
37559 39405 32900
19174 4693 6111
38444 34466 25054
11685 36257 25145
17220 27522 3480
36289 15687 27529
33393 28854 21171
11189 7939 9131
25088 36582 8338
23820 7319 18809
11805 6603 35380
8706 17172 34479
31590 21288 6247
6645 24884 12126
30778 9762 9050
4666 28213 19558
24688 37043 19255
6958 36780 20540
27946 1479 37822
29111 28017 10730
6425 18520 24254
14632 37138 18903
13441 6771 23520
4625 30139 7622
17604 11260 5041
882 39618 10885
16507 23303 22541
31048 25788 33819
26560 10667 18284
15610 22601 12888
29840 12906 1888
9749 17483 37465
3893 15297 28622
15397 5800 1197
15404 2632 6130
22868 10377 35870
11425 27064 21744
35733 5184 33947
9730 28848 13972
23896 7052 33848
12931 14556 12210
31167 6736 12483
27720 24914 36673
28691 16448 39738
802 2383 17853
24303 29410 27065
3334 22490 5658
8360 28438 32261
38638 1921 16784
5026 37964 30741
33679 15861 23954
24919 15964 6878
7372 39928 29561
327 28442 6625
17242 14438 9136
6860 9011 36591
32376 19776 29996
17178 39314 25447
6386 76 10235
34765 39271 32677
25867 15735 26297
37349 39320 11998
4304 24763 15737
29575 18145 19436
30053 4864 1632
31708 27961 3000
3026 5373 37912
39484 512 24017
33260 20810 20103
33949 1227 4179
1229 6764 18230
37330 24462 764
33019 29700 84
16266 3194 12931
35781 2165 13892
29763 21654 32657
26719 29095 35934
26571 28582 29569
10117 27316 9293
16485 22427 23212
33283 34792 9221
6700 21616 29370
26897 20015 8094
36509 619 3902
29043 14913 33641
22999 24348 33470
7553 9337 7174
13229 26522 35663
32262 37924 32255
35702 25433 31436
5296 17261 7429
5408 6931 1560
6046 5699 6344
10033 1124 35198
37274 38988 36170
6486 23185 12548
24210 14726 13860
33927 13587 32734
35211 7291 19164
30392 1843 14412
20211 10386 23755
7764 2422 37453
37243 35109 17827
39041 7797 4790
1715 31739 1507
7399 15776 23316
30208 12146 25864
36015 5635 24176
34602 11534 11573
12613 39245 5137
26980 14634 16959
18637 9840 213
1659 36357 20930
3399 29604 32200
10077 29362 12462
6055 8524 19780
17628 14032 14843
14228 16803 37259
3170 37736 4206
33425 19996 10529
29243 4356 1622
16324 15330 19280
34274 14885 12470
16604 19051 10418
11332 37996 12675
31257 31097 32918
3737 33431 1952
10846 37702 3038
20744 16817 32262
15458 10883 16763
37636 20161 16331
34341 37773 15501
6464 7214 16167
31863 3021 10533
12091 7257 11176
15168 24045 16735
9463 220 1292
25811 20496 11666
17637 35589 3993
23474 25650 10067
20302 30751 8624
5466 13281 24647
33102 6777 13500
23805 26049 36158
27810 33524 39156
38384 31923 16666
6109 20985 32910
26318 12843 32557
35729 6336 4699
17531 33788 21284
24618 30959 9843
16659 8805 39201
1186 19134 32540
6718 33979 1167
29621 14320 29146
7518 2844 4141
4490 32140 29400
17753 3681 12992
4601 24281 36358
16124 26350 17526
30931 34459 37171
18025 9493 1449
8487 37257 18160
31774 12731 23374
11232 25081 2951
29249 30746 2806
27127 1282 18833
11755 6050 4725
39444 32197 31931
29770 23700 12057
27232 3688 7236
1449 14608 2550
23513 14710 14906
30598 1137 10557
34928 12062 5776
20367 37562 2851
5 27088 8071
19748 26539 2572
37183 10112 12043
881 27763 39862
39903 24493 33142
24071 9841 29093
33733 26186 14946
28814 23521 36492
31751 22508 24382
39201 10286 22181
16979 20683 29822
20225 8402 6534
4348 37057 7218
9582 30442 33368
37607 12046 16074
8010 8308 34630
37760 21472 26518
21592 36309 35077
39969 16527 37208
26945 30889 35916
11871 18831 3031
31470 18027 3420
19611 20381 25833
6879 28928 756
38613 30991 35547
34121 29561 28486
28061 3929 28819
17776 17288 3861
19477 37743 23550
26755 29702 26063
6773 10771 6982
16865 4679 10623
4590 12342 7782
26269 4822 30714
19053 20740 37488
7274 30609 13977
2897 27123 21046
18165 720 32297
9118 12660 24583
16672 6908 32605
22711 21995 22375
12137 23624 4975
20138 5810 21037
28322 21560 17081
1574 36389 1021
8532 14559 10492
30479 4786 26486
23270 8579 26444
11546 28829 3292
16107 2446 7852
35359 21456 34893
5800 2626 26051
16200 20172 14338
21115 4811 24309
27476 18726 4349
29750 18227 14103
10374 18137 15448
5386 10251 6771
968 15572 1685
22627 27847 9003
8975 3559 27818
9167 14510 36442
10186 27477 4011
10894 13205 23246
36908 12674 3774
29720 15489 28800
18068 34112 27145
10518 13489 39699
2549 18158 38153
35904 7908 14988
12002 21867 5678
28452 17506 16848
15101 20886 20612
6930 27924 13447
24229 8096 26099
11293 30651 33282
38419 918 30180
16198 5196 38150
3676 27841 12759
5803 21897 31300
26157 814 29681
15261 6734 13561
1419 7111 37085
35119 36787 34159
37864 37965 30326
7587 25606 26075
13581 16601 34586
25358 28135 6234
37876 20989 4383
5193 24662 1726
26765 25684 31891
34333 28792 1270
12179 13496 20521
37862 11572 22522
29979 39071 5771
31346 35278 4173
14600 35407 14010
15441 14007 26106
38049 38641 10659
14160 8061 24095
26197 19771 39129
26276 38330 11308
38908 39337 7650
21431 15999 30050
28325 18698 34624
536 31264 22539
7983 7377 32029
20110 5702 9437
30353 31792 28885
13440 16958 9170
20667 36343 22841
17973 4017 18025
6726 14959 31744
37484 1183 14728
25299 18480 22163
19188 4327 8908
3596 31980 12894
27043 11753 38955
5875 17330 22345
16898 2376 32569
5289 37976 16860
32772 38181 30594
34456 31189 23579
18363 31112 16944
6445 27392 34215
34691 12708 6218
3475 27247 38194
10665 10079 12407
6224 4282 35655
17476 36038 37317
10046 35794 32329
1717 7140 36347
36350 7860 34196
16350 20957 15971
24729 25836 37744
16691 23360 14799
17147 36579 25352
38967 11254 1622
16054 7745 9846
8592 7877 35462
31658 27213 2683
4926 27328 27582
31575 3280 24359
7265 2919 39863
29040 27963 1717
25298 14990 33077
37857 8456 32572
30417 36938 17941
39869 71 25190
37494 14399 12992
37042 6189 9433
13742 17731 2098
20531 37766 18298
21302 32645 38107
27541 32276 33656
13848 39523 2903
18664 38874 18832
34530 7819 24680
39262 30336 2091
10447 33652 4425
2255 10398 3920
24813 3640 15099
39129 31072 39303
31969 12112 12322
39164 35575 39652
20714 13337 15117
36260 18542 3812
19189 28943 38033
37580 33020 8903
6314 24163 38596
23908 26221 30026
8703 36773 37689
10218 32650 9666
8829 39326 7396
24349 12231 15343
26441 4438 34347
14071 10799 38014
4748 9446 10780
17827 24586 7779
10338 586 17928
15114 33529 19066
25240 13524 26807
53 2054 4372
6382 10370 3838
1502 21474 30949
31451 39234 35109
10353 13709 39926
34897 4404 19621
27089 37730 39952
12480 8756 38253
10921 19598 15811
29761 28730 7486
32209 27097 12290
38536 26330 6330
21340 2838 20393
11951 28141 19919
28634 21279 4855
25922 21370 10248
19786 6892 22858
15898 4953 27815
28771 8050 21354
36655 27955 17457
10087 13009 485
2553 22546 8754
37087 12740 9750
17017 27429 7136
25528 5530 39643
30795 38060 21888
10407 22503 22980
15766 7733 26074
11331 22643 4372
22660 20496 9184
17661 23966 36870
10118 25780 300
30504 12921 24072
26782 13874 29403
18356 20681 9355
17006 39784 28796
39766 26682 13409
34178 615 4375
28660 14004 27218
17944 2027 27064
16608 276 31686
35994 3547 6290
9699 23429 26889
10896 4088 17181
23221 5296 20988
12860 17896 20224
6437 19016 20855
39204 25229 24238
37238 23010 15150
1021 16266 9738
268 30433 284
15936 33650 38586
2922 1256 16084
18328 21303 39468
25363 33877 7523
31213 7072 12880
19605 20867 5368
27137 660 30451
35597 15038 25525
24492 30341 30601
14255 23550 6747
339 24586 36696
23844 14738 9782
14908 38508 13114
4856 33089 26751
33947 29119 33220
31875 23894 5269
31341 5506 31933
9649 32921 29638
19398 297 14441
10269 36460 25412
26598 37564 32355
24558 17232 2688
29110 1605 26434
21839 25086 36560
15427 23325 38080
35023 20139 30475
27300 24813 33071
11946 11662 10898
19468 33244 2203
30997 14092 13019
24698 18511 2936
38804 13476 34058
24987 17771 14137
7193 2862 7010
31993 17217 25317
18324 39451 37909
11541 38235 35278
16095 21440 18833
39881 13114 11519
39860 27665 10685
21130 10659 24775
4434 20775 26693
1067 36580 15853
32649 11185 3190
38836 31623 7038
30865 20700 4997
32191 20438 10742
20694 31526 33073
24082 4126 12867
11630 16742 18608
21115 21606 30487
9304 16423 13649
22759 2804 8203
9855 25212 24765
12337 4066 11209
19172 17569 2627
33435 36695 21312
24725 29762 14818
36739 25959 31002
35186 30222 26354
10677 32758 18221
8210 13030 35486
3501 9618 37613
4101 10072 11488
25210 21483 24396
18079 32160 35035
12919 26012 32919
26860 35889 19864
2925 10722 25910
27907 25355 30708
6975 7690 13088
39656 17915 26759
1516 3483 38383
14807 16491 18973
36775 25802 924
30648 28119 7667
2668 25681 21459
13918 4228 35368
18280 12705 7020
35578 13909 21003
16858 26310 33449
17658 26651 33708
38970 9673 29021
16112 33151 34533
32471 16350 39883
26305 30997 14792
25191 3104 4387
22763 18698 37199
4246 33968 25655
38453 28210 14350
29364 30658 8699
23628 13922 20741
23067 1636 27710
19162 3692 8387
26995 11520 13923
15277 23641 6537
27162 3390 38414
9642 31865 8651
29871 16114 35840
30759 16628 31000
21042 10946 9509
12013 21537 1323
27517 29936 31379
17270 23833 11968
3278 2872 36637
7468 33733 27695
22500 19238 30943
30655 18017 31575
14240 28631 12759
1100 38262 946
8433 9293 15970
20666 37823 26510
21953 29574 33421
22527 33847 10372
13730 20670 7735
13170 32018 15213
8752 26950 38016
24029 31127 4206
6580 31529 9869
11826 33237 31840
8302 31349 8259
27226 6262 15898
19091 21419 38927
19202 25640 25654
25787 2292 23786
38809 37146 10198
26086 34374 27801
22360 18434 1521
18295 35376 28187
17765 25013 13375
17277 18482 4954
38355 2430 17665
36128 37574 13623
34120 2878 32515
22880 4312 13907
12008 24711 2579
22188 34695 31469
10300 13554 25031
11965 17703 29299
20648 29034 11983
27211 16164 6756
26566 4847 1392
3382 32711 35541
30818 30527 17447
23683 39596 35274
28202 7667 14406
39629 21874 32736
19818 18683 10963
31217 39481 39366
27585 36094 15547
22133 32427 22851
22980 16989 13153
37536 28209 12607
32688 19914 6354
4030 20750 27602
3618 33531 15600
32784 1777 37647
31418 6188 18083
35684 5390 29192
34064 1968 7237
35341 34124 7247
8572 27537 13634
38204 28550 4258
33658 19628 20415
21874 570 32392
28352 4126 33480
33157 14190 10461
39309 27553 18541
37569 18516 8955
21939 22893 13426
25231 36023 15188
11968 22094 1799
35113 28868 38742
57 34793 3118
36947 29753 9793
12414 39729 33730
11740 25474 31933
19048 7949 5565
27927 9297 2198
22628 36886 31620
19731 22466 19768
27225 6342 34683
19716 8720 3264
6509 39359 10494
25896 4018 14663
15650 36523 37058
17039 22038 33472
8502 22455 11105
2006 3431 30086
27561 16349 8693
30087 22214 34414
5155 34111 34289
32216 24480 22663
1307 12232 20769
25737 35098 8788
10921 12827 23998
7588 28970 35059
6466 20669 18437
28870 23710 10028
26862 22978 34234
26955 9579 29540
4732 34611 34747
24950 16386 5246
15891 1321 33323
25655 4739 19275
27664 3745 38840
24420 4881 14304
34715 3635 31177
15496 28758 576
26019 14209 39990
3486 14022 6483
6059 2495 10668
24084 35309 22899
37841 31211 31353
3775 16390 6144
17785 22550 39652
5378 13762 16055
14558 20692 29623
17506 24432 14357
6666 39032 5428
24202 6499 1518
38675 18731 39065
10797 25240 9031
20061 2890 10400
5268 11446 2525
27630 22295 10726
13888 30427 18796
2220 30246 20970
24499 36771 15765
21946 4759 36424
5313 37780 5500
33241 14151 1444
31684 39320 20611
9541 39998 10094
4558 3957 5165
14061 7191 14376
37616 1326 23900
37624 26451 7257
14470 14329 15665
1027 2463 18539
19331 11698 13489
21897 37258 24124
9020 7998 8341
14157 915 36919
24303 37190 8339
34707 8745 13635
39617 4919 32639
2165 21119 13247
31274 17902 2603
15695 1602 32444
24405 4615 6925
2540 28250 20245
37736 33648 29601
23972 10256 16987
5170 38258 17678
1608 3310 18111
12285 38491 367
25377 23673 2463
14204 27189 19558
6927 5161 12527
29914 4720 905
23763 872 5851
3089 16637 31754
10713 20555 858
19050 8678 14579
21497 35469 6680
32498 10108 4188
39065 33972 17320
29073 7696 28648
38236 29306 7519
19092 24927 8877
32325 27346 33170
9865 39522 9898
7236 29540 20315
2253 3940 3222
39700 29932 5457
8609 2842 11827
9614 1148 39779
22054 39505 19578
38572 5462 36154
14684 14594 8127
37089 23472 26077
32321 21640 13155
27494 21818 6832
29354 4570 16316
25863 26697 22278
26800 17086 8063
21298 35590 34681
8846 32602 36824
12256 1578 35223
10842 16787 15806
1501 17280 19322
16469 29277 32237
14073 16619 39179
3986 39363 16913
14330 16683 2246
13495 30755 28498
39236 36057 33476
26495 21698 34185
30757 35293 4184
33493 7925 22281
22697 15700 19348
7081 19053 1554
32426 19623 28010
20437 18164 24713
36418 1420 38367
8047 14693 12371
31820 31464 32934
16613 14580 17648
5676 36639 27621
15754 32383 33325
2091 22006 2242
723 26442 21840
29568 19482 33766
34181 414 14805
10694 27250 29040
19215 26669 38875
5032 15826 30248
37444 33706 3670
22118 22768 36155
36549 21313 7539
34135 32039 33563
12406 28897 6255
22115 1287 18677
22753 3959 20378
15450 94 6948
29409 7507 39566
16968 23683 22356
13416 30041 32700
6034 35937 23934
25616 25139 38894
20827 28589 39269
14456 16170 36892
650 24220 8772
39075 37009 26971
12928 35067 4384
20453 20466 16361
27245 12541 26069
8956 13996 25097
29187 37666 37411
12984 24864 1318
28889 19536 12311
7242 12269 38675
5244 39101 5186
1165 22097 11833
2456 16125 28132
19771 1078 25501
23893 6816 18947
29968 33590 31961
14837 30632 7947
23499 10400 39696
15600 38661 21744
17756 37978 2655
562 12204 33270
36715 19724 14519
29357 26011 717
1849 35017 10287
15007 36411 2865
30488 34009 32124
25104 8622 36785
24441 9108 12043
25359 39390 34771
25218 30972 22217
24071 7679 21497
37431 10554 13501
3820 5069 34109
35294 11062 32965
32402 38250 16224
27251 37161 17191
15923 23859 25799
28880 358 21106
707 9718 2802
35285 9579 752
29186 14153 12419
21312 1030 10152
32749 35140 39655
11012 8996 32150
20885 35348 19362
15424 17851 30841
23650 19103 17940
7403 37184 12051
24535 8069 1660
4960 29262 35113
36829 22500 35077
33041 10226 30773
11101 23923 11380
3286 32448 2000
34951 31830 12783
23962 31391 902
16054 10688 8255
2645 37633 6359
7965 20490 6025
38182 29986 10524
31975 13262 31821
11441 33481 24916
32503 19633 16962
5581 31345 7879
251 14757 24841
26740 20423 32395
33580 14671 27413
37437 21605 10013
17598 2731 6212
31497 33151 11210
33689 23680 7744
30520 28320 15979
27410 29639 2615
12746 6712 3753
16841 30506 18460
23158 2575 6083
9635 29148 12269
30448 2010 31523
36408 6795 30479
27035 25559 3876
1853 27877 37191
38814 20767 25948
28280 2023 4005
34334 16533 12754
38084 14202 609
27795 29928 824
6780 4118 2885
9663 18054 27580
15819 2919 6618
26291 8248 12380
10939 13680 4551
7467 23117 3212
20166 19052 33722
5880 10565 31308
6965 9759 31210
14390 28891 31255
15330 16414 15221
31682 14386 5930
29274 11271 18667
28029 13874 41
15804 19617 20245
22721 19233 37967
11281 36188 8122
31390 9867 39091
35446 14855 253
13379 9326 3921
37021 16329 3726
30493 10270 14684
32238 6416 14031
15654 7039 14616
26658 26944 10592
15773 27272 39913
592 15174 4087
27747 20542 18469
23373 17835 6333
7936 27726 1747
20179 36221 29769
31549 21489 26857
25114 23030 22140
37221 23624 38700
3401 7533 10254
19278 26664 30726
6007 28223 5847
32580 27362 27894
29272 22837 31846
18869 15133 13294
29838 27363 14431
15855 6789 16776
37773 23669 14541
8421 3554 15325
37225 39982 12943
35184 34971 31205
33816 19855 1736
7956 31675 1980
11959 33703 38602
6658 11960 29091
13082 5251 3809
39879 11924 29084
18484 30718 37544
15414 4828 17981
27426 32236 5270
4863 34261 2196
4205 22171 21043
14124 17949 22014
13247 3107 14553
39627 19673 7233
29801 21644 37752
38771 24043 33043
25079 10871 35897
3889 7366 5600
28075 33106 37313
20551 7731 24243
36509 28366 20775
37378 9790 19666
2908 6673 17895
13037 13805 2038
2825 15652 20763
20225 1340 17332
7950 24922 22859
17844 31034 31799
1577 35687 4701
15096 35714 29152
29220 11679 23213
22866 38638 8687
7741 8563 33768
37024 33591 37325
30999 30651 22430
11105 9908 13464
3561 39800 1713
9586 22678 1479
16730 15332 19479
13822 6871 19651
24619 34029 38157
6871 4296 17427
25445 27062 12532
8069 18468 19711
21235 10104 761
28656 12379 5611
23510 24933 5699
35443 630 7470
26650 12516 2364
26763 17236 8985
22780 30854 7742
30433 20883 25709
14899 22086 6960
35435 3175 37499
2614 14914 34464
15777 20730 3368
19461 29942 12135
22267 7631 21339
27521 14497 38364
11136 21830 26752
25506 13998 29040
5783 36032 20784
21720 27639 31472
39903 18677 36770
25049 19913 30337
1982 17729 28861
23996 18422 14688
27958 24906 10862
18576 18850 3959
13536 15072 39309
22875 8728 30855
35695 409 2376
9333 14606 21505
11209 3589 11537
1045 24431 19087
10531 35689 34311
21083 11776 5091
20016 8048 19551
35170 35987 29066
25468 32252 11904
20265 20673 39519
25062 28294 10448
13016 34159 26849
15280 25842 12598
30581 27857 27447
31270 2509 7229
722 5168 13232
39838 36052 31976
37432 15654 2901
20285 23937 30878
8371 2963 35324
9871 438 37119
26787 3079 4948
26462 28359 18824
2639 39506 28229
28755 39292 39258
12119 19532 27744
24525 31174 27850
21427 10419 13822
19965 14022 18752
21946 12156 13056
33774 4382 22123
24068 10742 18467
16646 37615 1386
20460 17612 25725
17074 31224 13642
30347 15137 9969
28866 30967 25075
26465 249 17827
16165 29700 19098
5401 36401 21944
38730 37384 11429
21776 6857 11437
28191 28233 16577
32589 36839 22740
19759 24222 29289
14866 36395 18181
35661 16990 3669
11386 19253 18883
32030 5385 28754
36430 1328 32305
37987 4607 18107
6511 19084 14617
30621 2197 20239
