3400000 1000
31784 6546 14649
32141 2506 17590
140 21943 2822
3955 25646 16057
37227 36039 31264
16518 26284 21003
24571 5688 5839
38589 7149 20657
30142 32874 38049
12755 5691 13748
26237 19799 25777
33349 17797 17358
3045 14417 5405
36978 15243 16001
19499 25768 27445
24321 21083 39573
26535 20455 12476
9626 16901 16638
32264 26093 19629
20079 20992 37013
30753 15947 15542
34818 15133 39288
38052 2374 34184
16053 11130 26548
6021 35211 6069
32852 4968 12754
22891 13119 14214
37149 21603 16029
21541 24643 9696
22265 21778 17739
14975 20222 35794
22707 30710 30417
12912 35293 13756
27338 29301 35863
24392 26000 10678
34181 14321 27599
37383 17581 20852
17433 25101 4255
38228 34134 36786
17599 29084 36009
29873 34416 9728
31202 12049 16479
14562 217 15022
34729 25200 37997
12786 35498 24170
217 21283 9699
29825 25840 12119
29767 5403 29877
9730 12962 39411
24601 12016 19047
20254 6993 30926
5524 28200 20755
23970 25924 33181
21678 18011 33617
23395 16260 13954
37347 23428 7589
10896 17690 13386
19656 14106 30676
6979 168 2408
31963 26916 11001
4835 15150 25738
27781 35436 19754
6364 16552 4681
30165 6923 16228
36666 24648 15419
6242 31146 35894
23868 35334 577
4764 8305 29933
7318 27591 25297
14406 33666 18941
28748 15946 12496
35209 33349 24537
38736 27623 17982
32498 31754 8391
33298 18127 26768
5313 26651 35867
24173 31702 27059
22737 19577 3743
27160 24434 23758
11029 21161 31458
661 16956 6605
36384 825 44
23091 30881 4798
17597 29683 16455
6762 142 25171
32003 18465 34418
39847 10436 18831
27961 21904 39386
31869 27670 30756
39724 27271 8114
25710 35410 33573
10252 29196 25296
36133 22091 32375
15088 32569 27042
19360 39867 428
16478 13557 10067
5872 35279 5442
28912 3412 29648
10229 373 3153
29557 14010 1198
37379 14097 28549
36585 9141 34017
20525 32686 21781
4569 2997 5980
39239 13576 21223
5601 27221 27242
2202 36245 10819
22026 35986 28532
31744 34322 12358
27446 14073 22513
5756 12365 11720
27367 5073 23226
11146 14384 28629
14733 14095 19402
9810 12151 29674
23013 21358 8653
9063 6503 39334
37147 19164 14361
13690 4963 31064
32817 5416 23473
30393 25596 29968
7900 21210 24232
35510 5531 39785
18859 14694 9409
12118 31508 9522
32470 24679 35820
12759 18708 30248
17736 30398 23611
4096 15278 14814
37009 30879 1570
23358 1914 21140
9932 13720 13935
38267 4615 17625
28318 20691 18760
13574 24030 17518
5609 36600 38286
33537 26641 2632
19209 39835 11650
22533 22855 32819
22911 34466 17939
23962 28504 29741
11492 17359 8915
12922 37659 25201
31993 23838 32536
1103 22074 14679
5625 4700 35646
10121 14065 34430
4105 26467 31936
1477 16585 18976
35540 27513 39807
4458 23932 15628
26888 17753 8581
6126 35847 2904
499 17279 20593
4840 38110 5664
9269 36030 21350
1186 5894 2440
20692 6560 27334
27086 5262 39785
23312 28979 10871
9685 39842 13594
97 6905 4518
24741 19247 1525
31067 19608 16972
29738 22373 32092
11970 17481 28589
16928 5368 12679
38198 27738 37195
13676 6398 35051
20743 1547 29708
4001 39298 13388
19997 35478 7381
2469 4645 28469
12792 1703 9348
32797 22649 32180
28422 6813 13785
4367 14295 31071
17667 29196 34690
26978 6889 37414
13924 3104 17981
13359 5233 16590
21385 19938 38818
36866 5036 25044
2106 12590 24818
24905 29492 20810
16718 12323 19339
13392 37815 12086
11685 9121 3804
3319 28381 9221
25732 4050 24427
18320 23110 28698
33523 20256 19810
8795 5159 26370
15867 27403 38489
37364 13682 20511
36896 2885 28384
30779 35430 19161
12463 8321 1421
10889 37526 22219
32764 7335 367
33651 22922 11934
15670 15055 25733
33656 21984 33594
28190 10874 8917
10829 18037 32298
17420 29997 22781
29233 14082 8830
12236 11419 1367
29878 6978 39674
31621 22604 23187
37482 1213 20878
32050 14192 33696
39570 4571 11324
22295 17988 34045
27022 30351 4703
22467 34165 7572
37495 34750 34225
20425 5490 6833
26234 20418 37079
15992 13402 702
37694 13333 11125
8900 30887 6872
34153 15192 2023
35563 15184 38490
5693 5495 18402
26236 23619 10295
15864 32670 8384
23895 14635 19848
38362 22152 21787
30787 31401 28259
19916 24916 5350
19959 18090 24790
15938 4401 4397
30771 22675 16295
35991 22271 24937
4737 2394 945
27391 34948 8088
14974 10317 15932
16386 26324 30139
29382 28897 20720
14767 12343 8947
34780 24455 17324
13101 264 34531
35376 34464 37956
23001 11011 13942
34968 25228 26381
17435 1921 29399
25631 22648 18632
38498 31713 31770
25791 22679 13790
11633 1435 37615
32361 26357 24105
16230 30698 29603
6575 9229 30792
27301 8544 22910
10485 21904 8250
39465 15441 32391
14528 37005 25212
32253 7567 32579
29883 32599 23008
32948 33221 19567
22745 19435 28779
30709 22288 11909
26851 15408 23325
19845 14320 15394
35866 34628 22639
22282 2745 261
20927 25667 25283
31271 23438 35594
34665 37811 31613
33693 12040 27478
16367 21054 8190
21864 20467 37399
18339 38058 34571
13751 36711 22607
14873 19898 14982
11313 28581 4743
746 32420 34445
4531 20445 25896
18250 22532 15272
37816 16666 1360
30605 29631 6416
39107 17182 17770
33332 8766 18745
13784 33112 16989
32737 2799 36024
3921 4665 17608
3852 28524 18591
35978 22638 8636
14882 20052 3235
35534 30242 33364
23304 6932 10755
25397 2715 11809
24909 36533 32098
35536 6243 27348
15931 38533 34654
11624 20162 21643
9606 15054 15896
23709 15020 14587
11798 21184 23591
12336 23182 11085
27753 32780 37626
17869 15165 20091
22276 6396 12767
19916 22321 13168
32440 13729 15339
21075 39156 11007
36649 14284 33474
11205 37821 17085
35559 32570 17402
20517 34303 28479
21311 30181 29266
15779 17829 17567
11663 35477 17537
5050 16680 6836
13654 27778 25801
4419 7706 24813
29366 6392 39331
27320 35840 27251
27438 15216 21923
37324 7436 15821
39231 28421 30826
36089 36017 23263
20475 2862 18766
25096 10308 33404
13115 32369 22531
18858 13484 36286
1469 1012 10359
20055 33571 1843
29012 14876 6112
28443 32052 8629
16194 37726 13306
1735 34626 22957
36122 17026 3570
11870 29453 6231
27394 28201 6638
28359 37870 2380
25972 18071 16648
2063 37709 17952
8861 38114 20627
13250 39367 13858
37869 35064 1039
33018 13317 11463
9340 742 35745
17 26236 26003
33248 4806 8878
36578 24339 34618
15242 10700 822
16081 17966 34976
28682 15318 15557
11367 5200 33643
17302 10152 2724
37339 34919 12487
12723 4427 1035
16520 38170 8144
1423 25969 12892
31386 5245 20046
13568 33613 26891
7438 38405 35632
34084 24075 31875
26494 10960 16295
19552 5914 38530
13329 34795 26016
5630 15591 6424
2775 29029 32118
36120 31938 1694
20060 6613 15509
23523 30095 28295
37509 18341 13750
5814 3448 5021
2677 13964 1052
9265 32710 10966
27092 30270 4162
27479 9804 21640
960 29321 18349
10427 21652 28209
13292 38045 8313
6749 29373 31443
17545 6077 27750
845 5800 9116
27694 37454 13825
32313 36724 15579
12712 16390 17371
37504 7455 15612
38243 26553 30068
12249 2771 32644
16456 30520 33810
17217 6122 25867
790 25090 39073
37430 19828 6773
16456 35659 29909
31851 7444 15518
4041 38404 7282
8965 12789 10041
23179 7854 33064
25542 31337 16989
18572 28658 17075
10560 32952 1084
14804 20976 9954
29156 6394 14726
38706 19091 11835
39192 29041 33832
13714 2511 11552
24159 19654 37350
32486 18656 18347
4097 12193 11362
28354 36072 9693
36474 5371 16222
23074 33732 7836
28898 13735 37036
11001 13505 23077
12826 11939 9622
11975 1016 36510
4192 9917 37601
21897 21566 26288
31015 1698 8777
11600 18689 17442
29774 33033 3215
23812 16294 23443
23308 20388 25268
15528 32591 2370
13435 29329 39678
8165 5594 37914
32335 1308 14565
7524 4284 14624
19744 18777 29251
28309 33114 6842
8855 7727 26020
27476 38822 34738
8685 18449 13320
32913 34555 4522
13633 38072 31560
29882 10163 30181
37111 13038 23651
37617 22513 28633
33381 24365 31392
2724 14759 17831
38536 34466 39512
5004 32189 29506
18035 21415 197
1950 32364 8712
21962 16880 38837
7360 28028 36643
9709 31560 1921
647 33126 5057
13082 28447 37137
13270 6163 21717
16393 19005 7270
14862 17144 19869
38766 2647 13866
29066 14019 31358
6124 27435 7286
13502 36384 32189
31274 36946 17824
15728 6541 38058
3853 8431 27634
12603 10675 28221
18189 9457 25882
33339 8714 11328
10988 19782 24074
11608 28286 22269
37818 4215 11325
16352 26066 14424
6966 36179 21223
25673 22977 24194
35502 16282 32587
32799 9870 22641
19391 14984 9568
29179 9361 5059
7430 34237 18983
36203 32613 39432
23715 16804 21440
843 24657 31881
21746 9667 32170
20072 28296 17037
35139 23459 12537
33627 24789 11319
1538 31301 17513
39193 12130 29623
24352 6460 34223
34121 15004 26607
25428 18412 29711
20580 4264 36799
21086 8076 36203
14017 15345 32541
8543 14306 32154
3125 17281 37618
37663 38360 7779
9339 36134 26710
25639 15850 34620
36936 26138 7143
4481 632 18666
9415 15988 31008
1221 39511 14295
26315 21968 29209
38782 88 36481
32011 36602 19998
10266 20834 23964
937 26627 3926
9704 20001 25218
23767 37784 39179
36825 5853 1417
32041 30396 20509
11591 4861 33069
27543 31920 33708
36598 22732 31623
23229 4994 3405
17303 35264 729
35887 2049 13643
31799 6811 19173
23072 32391 25858
25385 16362 10305
557 17321 22118
28445 32114 12155
37407 28018 12162
25757 28242 15088
10400 28542 37296
17398 16620 12261
10369 13521 4445
19394 28133 35986
4878 6415 34997
31819 18863 11939
28233 26982 9500
18835 14291 28385
25098 31557 26857
5865 6942 29458
1568 22546 35544
22807 30355 31985
32556 7193 21379
22615 10801 18706
38937 31082 13298
21660 10246 17057
28067 38457 22795
18459 21550 6461
12885 17821 4586
21529 35136 24295
14381 29316 6908
1393 1144 21063
333 17095 4177
39014 2988 18174
302 28454 27467
27154 29197 36672
18550 23774 35424
33888 37845 12854
5926 14554 14990
5412 22933 26730
28679 7678 22195
20774 35401 38688
27525 12482 21952
34892 33886 25983
34654 18330 17048
15986 33184 8221
11553 109 36969
4820 27821 32908
5258 37962 27017
14302 22819 30923
5712 493 2850
18179 31222 32620
6634 820 4865
12348 1936 32019
5016 29978 16383
192 2676 3177
17531 23265 28915
4056 28802 38170
38347 4336 5263
16682 10011 3517
7288 23397 20637
34006 35319 20170
13112 20426 453
11840 20467 20008
35106 17202 15043
9067 28402 33540
21701 30208 4225
19440 29703 9078
18343 38466 20416
14145 39687 428
4320 35627 4913
20486 22082 17368
3175 36006 37631
22260 17405 30233
27996 315 15769
29371 28451 5860
18714 13752 33487
7275 33942 39583
23968 7738 37883
30624 38543 9907
18967 9250 24988
10076 13106 6851
20419 15720 29017
2413 6220 12830
24118 32849 27842
15912 21082 1795
11195 26170 18205
26738 14294 29021
35485 34754 22212
33943 37858 3400
37372 38073 38946
35361 35666 38405
37024 880 28706
26297 1582 14706
9766 12476 10964
39039 27688 33828
22409 2143 26705
29794 29022 29190
7839 2315 5946
4590 33077 10755
7488 12175 21964
6344 38733 17150
391 29721 25757
11423 8805 3521
21837 16904 5200
7427 29243 3956
26898 35619 12169
1377 13479 33487
11457 37319 24173
13097 5330 18229
25272 3890 22073
29129 12674 16980
35643 12811 575
4683 39950 21094
13071 21106 7128
28869 32781 33958
527 20998 32068
27353 7999 7646
33282 2293 9514
27401 16004 21162
5833 13867 13776
8406 13617 6152
7650 8976 2961
10013 39038 7121
10776 35929 8996
15040 13619 19323
28578 33817 36596
713 27203 7609
3086 19818 15525
9544 25916 17249
8872 10371 10050
35366 8643 2853
9868 27043 36272
25521 33970 11528
21960 27679 28317
1483 26729 20064
33155 35903 10323
29904 11406 4368
4242 31800 19355
33433 12246 21564
6749 19746 25246
37735 38306 3833
15123 34705 20334
17835 5745 8683
35971 18655 38688
30631 3202 16
18721 8646 24619
2853 7523 4159
7297 17519 31862
30729 16009 33470
7383 12806 8240
31776 27753 6860
32332 38840 27461
38800 12603 30070
2152 37489 23400
7096 19595 10846
10476 1277 5776
38054 34448 33986
19544 8411 20657
3771 20849 23713
17148 39535 11245
3928 345 33328
34574 9571 38885
2038 34013 39765
33623 13144 39257
9592 24452 4134
845 15801 31997
25317 4411 36403
17046 20584 16180
6486 32514 2183
11529 27828 29338
3391 219 12072
16252 11174 28559
39075 29712 30408
4958 11092 28838
28643 7305 13619
19643 9212 25321
37739 17563 22557
18724 23970 2464
25387 6076 22118
18712 6631 34113
8885 21893 17025
10727 25961 22333
10836 12978 16702
16050 26371 7950
23617 13324 26478
11195 10520 2930
34064 39653 38056
17256 23992 20881
9830 25874 28001
5876 28926 1367
12464 36510 15833
35361 9419 34771
34959 6592 38673
13818 12073 24878
24825 29743 21585
9965 1226 14323
34776 16525 692
9155 38308 28874
37834 7046 14709
29714 3549 863
15250 36259 5110
14115 11476 36243
19375 22436 24846
20393 17646 3180
20503 9705 11647
16838 15415 34222
30285 35317 28138
24751 17149 36168
19795 29283 1704
23685 20096 29505
50 17282 38486
8801 17867 32596
2969 34494 7874
35166 27418 5981
14977 1931 35582
4998 8169 18454
3814 5809 26699
3142 26048 8765
12927 19960 27882
15449 37605 11220
25342 34117 10934
33314 10494 16755
26118 9013 10397
5511 17432 7749
20584 39038 29021
12635 38991 25962
36171 2981 10836
30747 32023 23337
1999 23962 14030
25430 19483 25743
17045 14262 34657
22402 35323 34560
3455 5310 27064
14987 37012 9362
5573 39196 31338
7985 8023 8096
34689 30201 10745
20405 37684 17488
34821 29922 9995
23787 10366 4328
31644 3624 7053
34864 3038 8859
20631 9955 28683
39718 21431 14553
30257 9090 7069
16105 5462 17370
13506 33695 7494
21078 967 31051
20411 12597 38249
33846 10471 38931
931 36208 24224
8906 929 15877
13864 20277 14940
8526 26712 30288
9750 22307 29865
38971 10292 19374
351 31645 30131
34522 13331 9317
3720 14763 18715
30380 35033 18856
34328 39159 24145
9075 21787 20440
28132 34489 37300
1267 30623 2116
21273 33182 32362
1645 12272 31842
13278 19759 2553
10335 18301 7256
4827 32651 20050
4504 32393 38555
13414 34044 37585
37946 31388 8948
35137 31926 17834
7888 22134 23610
1396 23434 37250
28982 34950 23292
31161 18267 30254
7730 24793 10882
38772 25882 24915
11948 4664 11480
12666 34212 5094
39222 6983 10689
14743 36409 20167
22664 1735 27214
8417 20846 21679
33699 19016 698
10623 14867 3385
24649 26938 23097
6065 22763 12717
39334 15791 10795
37837 5485 21025
6636 364 5083
39854 1007 7128
31940 23647 14257
1488 18104 31787
30193 6436 32917
18013 38608 3752
3446 5604 1424
31828 11529 23799
23999 11899 34047
21282 33325 36006
19484 37554 26904
14413 24430 27513
4393 23793 13786
17279 16727 7961
18705 4933 32682
11687 23394 6263
13722 34005 29162
12653 3030 16145
2854 18142 19744
13491 30185 19170
36565 15703 36713
33121 35146 28124
12787 18589 25363
14456 15551 24090
2461 8885 13342
37926 31291 15371
4943 24648 16190
20379 28146 22985
15932 838 7060
39385 5043 21352
17257 8800 37256
30644 27543 11043
23784 14509 1838
18446 35599 29503
12662 20388 2279
6456 27298 12160
25544 28070 30624
29702 31390 25421
1106 25836 9513
8453 6550 36446
26141 33710 7169
22995 489 33106
1451 10858 5589
25173 4004 32192
14660 11419 4805
31825 11097 36022
17249 29511 9654
16778 3225 24356
6496 15808 5710
35465 16766 13027
37170 1313 31360
28250 30200 28205
30109 26690 1578
5100 3252 16872
26328 23910 26260
22048 32878 19733
4887 14852 11871
16881 8873 16653
26877 32599 31078
8519 20139 18069
12322 36724 12650
7252 24194 37248
33935 28834 28231
15963 38037 38299
12843 3640 911
35700 24420 18722
39094 4964 25349
20918 26336 27824
4804 8641 15762
27281 38998 27958
19500 5763 5942
18956 1474 17453
27717 29170 26892
19816 5580 22192
7347 26157 21469
3484 28299 19296
7767 4469 36064
29427 34119 30943
16041 30392 11755
3195 21594 25351
31763 1378 7061
15816 27681 6847
10816 5790 9455
22214 5106 12529
13647 30421 5318
7894 31661 12517
35538 38556 9361
10604 17394 2421
12801 8467 33277
24895 12868 17167
32666 30830 23041
3486 7403 37208
23109 23584 33830
18717 10275 7824
25285 21553 25909
31709 14996 4296
5249 13673 12711
9820 1847 9885
24430 35486 10775
36583 15969 29623
10928 13137 37205
32505 31939 17471
18033 4071 36678
32709 18490 25757
15620 18979 2697
8542 29922 18590
9951 1528 25020
23675 20495 5974
16237 18395 12633
25698 35182 22574
26519 32852 11797
26517 9232 31132
26623 5208 32107
3752 28681 12992
8958 13010 30648
19411 11971 8682
35769 10154 10859
9819 1282 14704
8909 7420 12502
11513 34231 33013
34088 18044 17317
27404 38743 18607
5904 30539 36568
32126 8541 24592
20338 23847 19318
10545 32290 28277
36278 6985 798
26838 33662 11556
10678 1499 7077
2178 36503 21452
13196 11468 31018
9190 6351 529
24921 15795 38295
29050 690 10307
22412 10898 18020
28492 18088 2924
5349 22364 37671
22704 5302 29302
27482 9670 9086
17745 36891 13022
8723 19817 7323
25241 3480 20799
4887 6359 34880
36340 31913 36702
13169 8958 13691
10467 7363 13188
23318 6329 22567
11868 17560 30739
20837 32414 16836
20023 9469 25189
34164 22658 2863
25250 19113 594
3799 2972 35395
979 37040 5192
26060 23594 28793
4992 18030 36599
2868 31524 10117
21515 38027 20874
31055 22118 38542
27106 22656 22187
1111 21099 9907
37026 7311 21644
28218 27946 23945
28048 10454 32761
34251 9217 15618
3217 20590 11807
32234 22530 18331
6526 27129 29718
37109 5177 6031
10652 22933 4502
2194 32468 24624
38456 22748 35572
9173 10491 27282
10773 915 1200
7444 6269 28856
31157 35344 6921
500 19119 16369
35895 1819 6886
38134 6286 1673
12926 39709 14890
21919 20622 22205
18984 10220 13535
31603 27050 8360
33795 21108 28423
13274 26511 7874
19538 537 13302
32122 18757 37871
27459 35977 7499
665 33842 1535
39015 31787 2604
5372 836 33232
3486 3847 729
37295 22709 3005
3128 12458 25720
29350 16436 21888
14145 32483 20461
13138 3417 19588
26874 31939 28079
35510 29041 7224
38517 16985 9621
28094 23832 7536
21853 23563 15257
