3350000 1000
21736 23807 1664
10132 19806 31330
37408 17312 31328
36150 24247 2112
13950 37349 15022
23527 2769 861
34650 15699 14284
26305 24029 4422
14314 32175 20972
36255 7431 26606
34731 28502 37707
24244 9524 38865
30401 26578 758
31461 12613 20029
13626 2028 13916
33978 34305 22975
15838 9061 10442
11984 12366 26013
28783 5415 5066
23632 28655 17655
34781 16158 33287
19548 14578 20780
13049 35060 2788
31176 30446 5655
12528 5492 30711
4852 10444 23889
30703 1673 8209
29865 35581 30846
4371 21273 26806
9311 20305 13849
18335 17076 36552
29930 16719 2111
37474 37787 10099
2834 7436 9015
9708 29962 869
14542 6739 15468
10193 26591 20188
34906 38318 35039
38104 30897 9695
28200 24980 31299
33987 34433 8223
37484 15946 32006
36649 5331 35038
39028 34759 39487
17084 2579 26900
15635 14310 19776
13681 35687 10097
27926 25196 21893
34297 21433 33470
11453 5237 37822
495 30757 1829
10874 31188 4337
29032 17318 8120
20715 19946 23660
24025 31375 11706
14992 2825 22213
17785 7166 39798
5883 4078 13676
14275 28062 3127
1131 39508 6006
730 9168 19753
20124 25402 37113
1634 31448 23077
15806 12961 18459
11338 33078 1868
27669 8712 15075
38449 5556 24993
32251 23301 1659
4813 30740 30149
7290 29099 38635
26686 38960 15634
38160 17639 313
31942 27122 31404
16693 967 20611
30022 18424 21123
28551 16837 37351
11051 29118 3055
8757 12834 18988
9602 38330 26258
17730 15702 6189
7065 4330 20383
38270 37537 18612
33678 31699 24270
1816 31126 18076
20816 21991 19404
30293 2328 28627
33255 27608 4198
35671 6439 28572
641 39300 28563
21518 34049 8554
28378 21066 23110
18655 31067 2422
24011 39023 39360
7739 21012 4064
7877 6817 30853
16096 26263 4742
17549 19213 16087
7355 27391 19745
6141 26491 3073
11641 22618 14473
20189 25536 36022
38693 26357 16188
16471 28714 16915
20533 11555 775
10591 16189 22877
920 33961 24993
16843 39200 9574
14378 31160 24997
20920 8272 36821
8041 31590 3900
36667 36928 27499
25400 35852 35283
2794 15030 31799
35759 23679 21626
33433 33994 13616
32868 27265 26581
29250 36958 35852
12855 21160 24286
19055 32939 13334
24856 18324 21303
20533 28036 33435
20935 29295 7495
38401 2919 21993
33281 862 16602
209 34930 26888
14617 17292 20169
16021 34667 7058
38027 1470 14365
16854 32092 6240
26463 33629 29550
15068 23675 38000
2691 39645 25266
5997 29600 18233
25013 36791 19984
17137 7677 781
10641 39763 9735
10936 928 1983
30448 30046 14748
14534 2472 19636
30681 18798 27478
36049 36036 30354
31496 14173 18478
15910 17749 18856
18551 20568 37458
14103 22232 3987
17581 377 30412
37277 14185 9848
4380 13280 20278
298 902 14406
12140 16775 39305
829 37220 22837
6544 30234 36019
38080 36664 35546
21700 4261 15744
27395 13393 14925
35788 10217 28030
33175 24086 4748
32018 5838 36722
9119 7890 29114
15419 21731 33468
27666 34527 39090
30173 37455 36997
11480 5903 37211
3222 34396 26643
15976 35695 23132
37191 31006 4705
31958 16388 10796
36899 19779 31766
18688 28629 33565
11161 5393 7921
578 14380 17497
13904 24881 33301
32353 36119 8048
23473 18292 29116
7824 30294 39029
6648 12488 38535
28941 27979 4607
3219 9276 28711
32230 22730 30737
58 7553 19549
21172 859 16645
1489 30881 35728
22301 10143 32623
11258 7175 5484
25486 414 14939
37664 4112 11664
12460 37477 1758
2494 22855 15870
6859 5462 6360
26689 33349 27541
6316 22835 39655
24813 22033 33918
11308 13266 30106
15633 6783 18978
22207 12244 16110
3695 1057 31431
20924 15274 21930
38646 27925 18541
28883 731 6876
35364 25215 7120
25441 32281 453
31471 20142 39452
30667 37064 11648
19787 24397 32254
22739 27907 31293
21374 28374 14115
1861 30237 4862
3322 9064 18317
32439 6093 26886
15164 29428 8262
19198 13834 4007
39931 2286 33636
1933 18458 22165
7426 3041 6063
27738 36793 30768
6354 3878 2493
33804 9584 34860
38391 17114 15796
36296 4287 2631
24593 9413 19063
8407 14318 34873
15939 34014 6575
21515 38504 5127
34845 21653 4800
9425 25137 4516
6679 15322 34754
18332 31142 16276
13128 1721 7018
19860 14476 17712
19423 521 25262
39091 4190 8137
25746 18900 15760
37447 25449 18753
27150 28513 33751
6381 2711 4118
25926 11792 36909
13845 35847 31172
38220 37616 23136
8720 24840 17711
7350 28482 19906
8129 6104 13109
17734 32526 30693
22323 22020 36328
12700 6579 14953
13535 12926 35459
22554 8371 19490
30977 205 35364
5909 10115 13124
16998 24491 36311
422 21553 551
17636 17147 12980
35778 15791 36355
1257 22875 25274
34804 2180 39292
24838 32847 21701
3397 35450 38814
24685 36024 15004
19532 31501 5472
9531 2528 38777
36766 23151 17688
34844 17873 11129
16158 13733 30049
26628 25385 9311
7017 29453 9779
39455 32767 19806
5202 17942 32417
20149 15158 37638
25341 9028 25726
29138 18524 13522
24503 39534 14125
22911 4657 11509
6058 5412 3136
29785 4521 27353
37580 8116 1793
18192 30677 4478
1623 19486 8584
38488 6596 35162
24310 20292 17252
2974 3831 9976
3902 30315 29338
1799 7819 937
13703 36287 485
5899 25844 23698
29005 39057 20672
10028 473 35239
20911 7395 36856
5355 12547 33741
35427 23948 37171
11755 14499 6797
29963 35394 7737
12649 8415 25098
27565 27345 11373
36672 9206 17809
14030 16534 39938
5520 24473 12554
30820 29366 1685
33428 25048 14952
19416 19193 27827
15150 6400 25853
18283 2870 4173
27381 31872 25714
15066 30971 5639
15516 28790 26362
33745 29081 34531
32616 38076 10235
426 38740 34582
6625 16537 10645
33321 24441 2587
25122 19879 27622
19378 12736 22707
19453 17491 27350
3337 4712 28318
3548 30668 24173
28920 306 26603
22025 24647 22477
6126 27062 26121
31756 24355 6796
16849 33385 23967
29316 7328 12426
30195 2263 18332
29687 10989 8453
29551 5735 37896
25521 15679 2227
36849 6761 36293
30444 7158 28100
11020 26184 717
22564 24136 32951
23679 12891 2961
17747 19056 10602
2939 34550 6475
33317 11602 24999
18702 36978 23927
14764 26543 23088
6098 37187 10282
22516 23474 9259
12520 33070 39497
27677 29709 24810
22205 35992 26398
12019 28012 14490
34829 15442 31871
1898 12387 19316
1257 20114 13257
3305 8637 1195
39603 37512 34794
18768 36010 36721
27284 19572 17716
27179 30607 27472
31137 16555 31226
37045 33717 11190
21046 33983 7853
21405 8450 15978
25648 9704 27253
39294 26068 19214
7190 24102 32137
38687 36379 28063
7718 15364 36477
32140 36238 3935
4148 17446 12094
34892 6612 37520
30519 26377 3780
34120 3650 24370
32662 11450 34661
292 7944 37678
2592 25924 14678
34274 35876 38744
9850 28403 29073
38034 17986 22196
11818 31086 7499
21281 1944 37169
20063 13806 21271
22736 24745 16504
13441 33651 19089
37085 8117 31694
6200 13095 39652
25455 17105 29731
27064 4823 19162
7248 4897 14399
27575 24755 6781
23036 38569 11336
34530 5948 1967
35794 34251 31856
21689 38419 33502
7044 37253 19096
35862 5513 4697
32748 2514 32884
26843 34605 15417
5056 11088 39099
36808 18798 8111
19660 32697 36269
3425 476 24721
9428 39768 14274
39815 27339 5001
2142 37900 5962
14279 7023 8251
121 23038 29057
27359 4023 21192
3203 30747 16759
14191 18550 37754
13956 21184 6466
39380 29861 10312
21155 15833 35483
6830 19008 19005
17415 2093 10972
15744 32232 29100
36581 4889 9474
16891 26730 3518
33051 6124 9322
18003 36896 13196
23687 12780 32804
35645 10714 26049
25480 36465 32160
23149 35637 38341
3793 33250 26950
2807 4369 7342
34051 1670 20480
32802 25161 31653
26284 32036 1925
30555 29798 915
25695 4474 36786
35154 25779 29369
11096 23796 8698
15088 18135 4674
29959 39344 36665
15467 5294 22141
36162 4745 15487
24554 16194 37644
36080 10831 35146
16709 12568 16616
13307 4881 7000
21517 19001 8608
2580 7946 1535
32801 8031 7834
20301 13516 18229
36293 31804 27659
31073 18579 31985
36742 20543 2347
16304 2441 22300
26253 35208 31444
1657 31273 16108
30336 30959 17882
4258 37769 28460
34818 25108 27196
24347 37314 7365
37374 10274 18966
4701 18038 6341
35148 26021 19992
24423 13471 21198
24911 1009 32052
21611 38342 3595
3248 30335 7252
17096 36468 12401
6466 31454 32822
8412 23865 39890
1597 22915 8845
37042 249 36193
12064 25788 39740
15199 20148 19357
26969 34335 38673
33939 18712 3381
21967 14451 22930
6518 18113 12295
10735 14504 4222
27663 954 36697
653 30376 16030
16779 30124 22731
31936 3532 2877
2732 39096 9060
13582 7618 3565
34472 7491 25126
32651 28140 27170
38421 25828 12310
29435 9296 34272
22733 22514 1123
35106 33231 23915
27522 11514 14626
19344 19406 9216
5730 6594 13687
26515 9785 33690
29116 13614 15853
39898 36367 6819
8532 16757 4436
37240 32610 22711
31047 3931 10595
15442 38204 7682
24836 25607 28418
36451 11531 22253
37281 34829 28647
13345 27011 28770
28002 10507 30767
15537 5362 34952
18672 13172 34607
7161 18132 355
7776 19175 30032
29555 1390 4882
32833 29550 7994
4181 17101 688
14730 7415 26536
8251 38942 5072
1075 23096 6753
34901 17598 36683
27643 4739 6702
13457 22531 34917
58 16633 18770
2369 35215 6460
23411 26277 9876
6970 37494 20425
14728 35826 32100
17569 22086 18206
15884 32578 2858
11497 10428 10670
16590 18318 3659
26238 16494 9998
38163 12075 23146
2189 15677 14392
8681 16138 26037
9856 15833 35578
17532 6295 20181
10239 17115 15456
7200 7498 30261
39467 12430 37962
38326 32968 2370
37519 7912 15341
38994 320 22628
37823 10887 22005
27877 896 29760
9842 37176 726
2165 20289 6159
37748 37529 16811
17781 2151 34521
19282 24797 32511
27842 17454 26579
34648 24575 26018
30164 13892 24063
4474 32633 10006
14645 32836 37453
22606 25209 11336
5248 16156 17676
26597 36789 16915
37433 19017 9206
4459 7830 24844
16135 2547 4970
35114 20376 13521
20713 15003 12179
22519 7578 5265
31830 5540 22745
27597 21563 26260
30649 16991 38738
5382 33665 39800
27632 25576 23639
37037 32032 3872
33915 38218 31160
31929 39658 24529
28999 7528 30818
18638 39787 15547
39941 4824 37055
33437 14103 3046
10865 36808 19682
4107 25009 2951
19897 1039 11717
29735 33433 8556
25465 39994 6123
5026 35700 14151
32102 21623 231
21649 28433 14479
10078 7234 3110
19619 30073 29556
16338 37857 25844
32668 13465 33056
35745 6484 38743
33022 11320 37380
32225 36889 2373
4716 19786 21798
23103 25552 22465
23153 23097 15551
22424 20849 21105
23618 10911 31687
20550 16542 37487
12371 29319 2118
23491 28467 35175
15137 4736 794
11084 14643 11285
4616 2758 36266
26621 24107 29661
11080 23457 24338
35395 2983 667
9226 11304 31214
28694 12887 16429
11023 2321 27793
22256 35577 27394
28824 7750 36129
25943 7605 19206
7721 23127 7374
22018 36714 4648
34245 8145 5667
22249 10287 35912
19069 17279 37228
34119 14970 3566
10920 32687 34234
34845 12333 28465
20778 32572 9698
39554 19401 14401
4068 1898 37912
38285 29503 12028
36638 7086 23112
31840 15189 28413
35611 5068 35828
34408 12973 33297
23898 6794 20941
338 33428 3638
23420 33551 13835
34707 677 8095
25613 20129 5114
7676 16886 34330
3373 38904 17851
39475 840 11150
18450 4033 21482
21204 3713 27577
21919 6092 38786
3024 10010 15577
15888 2561 27665
12750 6034 9517
23350 11490 9568
30556 1997 4928
27766 18849 5294
891 26804 30364
23385 9887 32399
39706 37233 27042
1368 9239 34135
27130 32999 17187
10660 16456 20900
14177 16770 25713
2737 28460 21224
31310 37111 6357
27632 249 8332
12104 13206 37384
29822 8333 35151
15894 32959 30954
23043 39100 27884
10469 13929 23839
11708 33638 10942
36067 20802 28539
15906 3838 36254
14966 28687 36711
22726 8113 36982
30061 18156 10930
37176 29027 29837
34473 12990 38649
18966 15126 29877
21862 33970 31687
6505 8897 4212
20287 19133 35951
5406 6579 24389
8183 10828 39214
1088 20466 20736
10196 27957 29342
2443 6659 8296
3537 34004 39317
825 21194 33736
30466 24154 26659
10334 9763 4971
20578 16581 19537
4788 10607 24557
33452 5054 16289
5231 31543 334
32497 22618 5601
10175 6352 19803
6302 36603 14356
13896 4404 20246
39053 35017 2962
20615 28022 38627
37786 12611 11080
20899 11392 14583
32232 28643 32714
2402 12288 188
19959 15950 32746
31560 23420 17897
21769 24850 16809
16452 8690 25501
30059 24295 18888
13517 13482 8974
6630 35830 26642
27397 28148 10368
28912 33563 31965
23604 5042 29446
20503 34341 33425
32723 28705 39485
29962 25288 1099
34851 39751 30104
19311 20038 38621
14657 13309 32649
32815 1478 6068
10379 30191 21636
2925 11025 9476
28340 37713 20243
6024 17788 31403
10464 23848 28273
39576 34030 22511
25838 5979 22018
32860 7818 3853
10936 36847 20152
13554 29424 18755
1536 25254 19029
1301 36694 27446
21067 21922 19476
24971 10740 4847
12889 5632 17504
35746 13565 39701
2575 21326 10608
22525 11619 27404
18862 37074 37159
31748 5921 1961
20342 15563 27859
11967 17225 37030
10957 12818 1377
36909 33937 27724
15949 27467 39729
32154 22872 1762
39819 23068 2579
21579 34145 4789
4091 15931 22681
5057 38918 193
36622 22310 6543
19244 5072 33795
13851 25481 32063
18950 8263 11273
17663 18714 17872
9729 17304 29885
7871 7756 4589
36271 36271 36107
19223 6214 22844
14221 32862 16031
35274 39241 3027
17263 14767 12360
18893 26679 3134
25440 13182 15894
20913 17370 9969
20856 21298 22389
20002 29100 18758
5508 35193 34324
35158 18226 5733
28085 4188 17126
17490 15023 21414
17537 39110 3654
34186 22916 16029
29918 4583 29583
22623 22149 38355
2884 16315 38699
15078 38666 16739
3373 17314 9582
24131 6670 9022
39011 10975 21382
27662 19562 5128
13237 25936 29197
15098 33008 12437
25477 28629 31356
3721 5883 12214
27289 2209 2795
15602 17525 11617
15589 26158 34114
3528 21806 7134
24417 32024 6403
17880 27389 6597
11389 39892 37621
33338 3344 33859
31793 24002 29997
28872 4694 11674
24328 35223 18836
39632 10996 18537
4380 22487 30569
33241 36591 17643
28968 16990 19410
14939 9717 18149
28190 17208 19203
29451 691 30040
21550 21364 34189
25095 34658 2699
11439 14731 21977
19414 33467 33939
2177 13364 12963
21179 19067 27382
14778 25278 15424
16344 19108 16505
24094 37915 30380
29784 9440 16576
21364 32095 38220
29666 7 28055
35590 10033 395
6419 31442 11527
10706 39198 17015
20648 28687 5763
7487 38235 19685
9207 8922 18847
18843 39015 29538
32908 11372 27482
23673 5512 7931
32771 14414 4770
6884 15078 16959
13198 13678 11300
22168 16893 1756
485 12218 21081
37603 34080 12567
34906 29109 24202
28634 5896 700
21145 35299 24269
19042 29107 37104
26486 1101 19000
36247 23366 24104
20520 8751 26423
21084 38579 23503
15886 20831 23644
24686 32217 13731
31561 6954 8328
14510 3945 4516
6054 4361 35138
13448 27506 13842
4886 23850 27614
22829 13233 28748
9187 6103 28882
19516 26239 12058
5555 13146 19148
4445 5303 9720
32830 6483 11568
5850 36985 5780
3850 9820 6541
17288 8407 24947
335 31551 30711
10827 1429 1566
6051 6864 34317
3957 19478 29641
22971 28588 16538
14686 23309 20378
23211 36986 32540
33912 10249 30667
12161 23018 28511
14118 12818 509
20427 36808 34488
19439 22794 14776
15150 39655 19457
23816 5784 32901
12458 8505 27709
19348 11353 22398
1827 2844 36010
7705 18118 3220
12042 1058 33844
13493 4254 14759
16584 17386 11347
29996 28289 356
1603 18835 39230
26313 17409 2135
2520 1484 32193
10418 20252 34904
9447 4191 18211
10022 8746 13242
8848 11694 22373
16771 4390 37497
38202 5313 10116
10709 22243 5571
6845 8354 12566
17665 17752 14410
30676 32738 12065
14990 21199 10903
23594 33083 21814
22628 14242 36859
13214 22335 39247
34887 36558 4113
38123 1146 7719
2457 10777 6401
7086 12528 13826
39535 1592 36711
20752 12141 27057
15052 23175 27663
38728 28812 26555
10945 23803 5170
18802 23072 26874
5965 25558 27941
21307 3184 10710
30780 36505 11603
22811 9203 30825
37527 7331 18061
5468 23655 27579
7415 17802 8826
34525 11090 24353
10805 23907 8815
17769 10604 9959
23577 37427 34505
25018 17803 3358
34309 11645 23490
10117 29204 2015
26733 39304 36318
21811 24706 20725
8487 17581 18090
11156 32271 19321
31388 6348 34357
13687 29831 25525
31863 23063 28713
24187 19797 654
15869 21547 12532
1906 17361 14493
1918 1336 29301
18943 30694 17735
9616 34682 37641
19000 4108 5762
26608 31405 31601
31295 33010 13899
20752 36179 29751
21141 15957 1480
29527 11686 30592
15191 4832 29451
3245 24855 15286
3003 19727 29889
19861 11891 11259
3996 20403 32626
38048 38473 8705
1870 6549 4013
32975 18162 26507
14710 33871 18613
26018 36940 17457
7575 20503 26838
37294 31514 32730
23014 6433 4283
35389 2 33679
8140 5001 39056
11143 26351 10411
6621 11877 33520
10188 8714 39280
7104 9534 33107
38115 18250 1361
26557 27721 372
1798 6620 19585
20276 33051 12350
865 26124 20293
32312 3959 34212
10684 34122 11115
33410 26032 17265
320 29480 24473
2250 4089 4234
13804 4126 3352
37802 9001 11662
14978 26258 34449
29340 37502 15341
16309 28499 4252
37315 14762 4117
28594 29903 7961
37759 20673 30847
29811 38330 4407
23304 35329 21409
33742 38371 19161
17610 82 7975
3949 20084 511
16196 21117 11275
6472 10521 28460
33114 29108 15987
29745 21453 13731
12259 19684 32674
21871 19771 36152
14828 29614 21349
35528 2180 16083
5151 27530 32140
14772 36566 6112
27489 22310 12254
17293 14173 20420
21900 1668 6981
1999 17585 20508
1558 35951 8499
28577 30439 29720
2057 31492 3323
11720 33938 34674
22245 6508 27795
35777 12888 34274
2060 17735 17226
17434 9269 1541
27333 39701 13850
8193 28106 38351
23824 6833 27042
2618 36755 11027
11970 8416 17213
11482 666 7529
15269 14338 24506
19837 22482 15172
28449 15681 15131
8870 4132 7550
15004 15082 38520
9120 22807 32230
29020 37786 38116
30708 17125 13990
14678 511 4647
27050 21100 190
27197 17271 24689
28413 3830 31722
39217 28183 15644
10741 13400 25280
11426 34872 19304
27007 12137 16649
27926 1528 943
3411 23746 38759
7061 19866 13970
24489 23435 11228
28330 33140 13402
9811 27657 23208
5773 4120 131
