3400000 1000
18830 28368 25601
10705 12832 36318
12926 37992 10695
35714 13801 12885
25706 13108 37795
36353 20725 37017
31272 39480 19085
13328 3408 32638
18973 31451 35249
3150 29005 16872
30945 36779 10516
29436 14809 10853
1444 14011 19893
34539 260 16662
24216 15815 8444
23953 9388 21242
34153 27631 3271
9972 12144 20221
681 34352 14159
32761 34402 36074
24207 28765 16848
7870 13654 8331
25414 18078 37593
7702 21961 2480
11374 27562 35124
14018 15103 16730
21307 7531 12635
23108 34188 12671
6310 16035 22737
17454 37873 7217
26834 20601 33188
18615 12216 1938
35416 28978 8172
2768 22657 21923
33438 2188 39560
34740 26594 19163
25143 14274 10036
23655 34766 19403
16860 1708 20787
36342 8621 28493
21381 6137 37927
32464 16081 21610
33276 6461 37789
36966 36272 25678
20642 22552 39129
6419 36888 13351
27398 6949 29161
14078 30076 29252
6727 28409 5020
25872 20505 15337
18912 13344 24016
21316 36996 23043
32857 35564 4865
21777 13291 3226
13044 9708 35263
24039 3422 14040
24928 39223 3396
15157 6040 21186
34615 39061 16074
5888 11182 15422
34718 5233 18511
22909 16534 11590
13644 10149 15936
1967 23274 20195
15940 6210 6429
35391 29277 132
25872 34161 9508
5528 29889 29853
13896 16577 16136
36397 35354 18006
36791 28938 24965
39233 25757 18487
27995 36083 8997
714 11274 11560
17372 38535 38381
5330 2960 36378
18303 7205 13907
6385 35050 15294
31775 1844 27581
31665 19731 10978
33597 17069 29148
7561 7762 8846
20655 22306 34082
3135 114 27206
25979 39626 4154
32849 25898 25598
1199 26066 39593
36476 3788 9707
564 20510 22275
11276 35516 27203
21886 18886 37493
26811 12351 11150
10186 2892 8488
9361 8817 9695
1175 39598 38872
25802 29737 15637
16702 4347 12128
33274 2719 9789
9631 7413 775
20714 22034 9657
32136 13038 1834
21487 11527 38899
21510 9006 25712
35438 20653 6297
27018 27206 39736
20118 2980 25500
21261 2662 879
9275 9797 34470
29542 38878 26095
737 17959 31832
4206 4624 18725
12132 2173 22831
33207 35081 21779
25340 24712 6377
38306 26191 35441
10663 11385 4497
11108 307 25993
5658 14655 16692
36100 35051 7168
38992 24673 27588
26200 36251 7100
36708 38104 3673
3803 22363 32648
11634 30668 21069
23447 36337 5802
17541 20204 8888
20542 27763 35099
18244 12289 16644
8051 28377 5119
5404 15604 9674
38104 28147 2717
8679 18337 31561
14052 37763 8231
711 1855 16736
18003 35764 4063
30586 21545 2000
13821 21357 28715
38416 17229 34755
6810 5431 34894
21342 6876 38734
37443 15422 16633
17408 31612 35952
22911 25940 13645
30932 17990 15239
4704 19081 38094
22405 27559 39159
18756 4420 7465
27320 10660 9854
18942 14499 15352
39433 16342 32567
12542 21780 22259
11617 30503 11904
38327 18026 15356
7384 37975 24193
20635 8815 20271
36832 23328 405
37872 20444 27039
18933 4852 8782
36237 12878 9010
15770 25598 27724
1357 25817 31752
3778 22215 13991
33479 30535 1939
8458 19706 7658
21319 34621 34635
914 4976 3225
39020 3191 8000
15583 14941 14647
39458 14692 34634
9110 39982 985
4176 5653 22328
13302 35040 23725
9539 4291 30716
35112 16403 26883
15199 13533 27616
24061 38714 17478
24550 8872 14168
35135 13465 2674
610 39134 20534
19117 22655 1833
5813 13590 37523
3576 36955 24964
30249 17640 12524
37610 11307 39609
29629 5577 18830
29445 11878 10421
10379 17694 26582
11649 9927 19266
33474 5449 5204
23421 33526 24285
26064 20572 27788
11973 37995 16137
36089 19894 2055
2376 27972 24143
19768 31693 13267
22608 15658 4791
29854 1496 15330
10349 17348 21400
18461 30676 2940
30810 12500 26538
32804 15720 10529
8386 14325 7770
33787 24860 37720
1600 38429 34016
22993 39911 13958
26743 24922 36236
27609 29574 16139
20571 2148 3464
17588 3170 34109
4487 32205 31767
15049 28855 3397
9538 14806 37487
9206 3208 9512
23045 39866 6486
32785 35396 663
35430 21945 35917
21077 18737 4606
23623 32433 34545
8116 27268 7850
786 11277 13042
4920 26548 8276
8634 9628 31839
17044 38648 37203
25540 10581 10328
23140 37932 27654
12937 27609 33472
16246 32097 35146
5940 3388 32397
596 10064 19255
33971 34665 18844
3696 21286 23617
17575 1948 3717
36271 30260 3325
7856 14478 29442
31079 11432 13978
15351 24992 26115
20059 33832 17953
968 29883 8071
32185 30957 22201
39594 16081 23594
29942 12340 5002
22329 4397 4834
37954 20077 14848
23156 38518 28524
14637 31221 38017
31755 30367 18025
12483 33540 30049
18003 38109 37014
38573 18080 23064
39930 30179 24563
15461 6717 31189
27534 7039 3902
39167 39129 25325
27270 24340 6227
37475 255 35891
30994 37320 15379
22712 38392 5651
866 31855 35572
9102 26655 13284
37618 33917 33288
37910 13856 18072
29504 34954 21278
3123 25930 38075
9730 17919 26276
11502 9605 18537
12094 14820 24653
18080 38165 10025
11991 29492 26929
8586 23104 18714
38071 5540 33329
10700 38124 278
23013 24781 13895
14616 24281 23498
27120 37605 17295
14876 7899 34644
21566 21034 18684
28421 36761 300
23142 11126 22266
6986 19140 26293
32043 6882 25330
21360 1617 19305
18937 14056 32438
9449 38309 708
12017 32232 4549
14274 26740 18217
16127 16200 37042
28748 4685 37337
25003 22672 152
36707 25685 12409
19823 8245 18281
19724 2980 37773
71 19704 8515
10383 15494 37135
688 38162 14044
38065 31324 18581
39846 38729 36771
11471 23830 11953
4678 10212 38134
33969 7808 36403
35357 31653 30855
38476 15213 28028
11296 6399 21957
33116 19679 33616
7242 36835 27578
9734 21901 26697
10889 21858 35097
24417 12829 15213
39004 702 33210
25451 16560 4339
1458 8491 17668
29106 5599 1984
17515 1237 39164
7690 11969 29691
21728 26989 28598
28683 10969 20004
30008 30676 29409
36078 20097 2645
19584 742 1146
15064 30333 5040
13706 13049 39810
13775 11072 1540
37387 12308 15833
22268 39498 3057
37614 20280 17883
22764 11261 27561
11167 20143 35026
9782 33847 11964
21905 17672 21151
6077 20195 22946
8228 33081 5307
21543 4996 31971
12484 25855 20704
30221 7465 3221
544 32250 9280
21304 27299 28240
32404 33889 5665
18668 1037 10900
17312 39248 8318
23647 1103 8823
26635 27455 16835
970 39605 1058
33867 38763 16644
10184 28914 37230
23503 12866 22288
8615 21355 5469
37261 36382 26606
13528 34868 2015
23199 36496 6319
16046 30716 5693
1957 11864 31014
21973 19756 805
26413 3918 28141
5354 34036 6145
19283 29243 30209
15978 8879 25021
16483 23948 5356
8537 14848 19441
35690 33932 9914
7183 35449 5915
39486 23750 11443
23204 2921 34758
7414 27344 26966
7374 32380 38565
10952 27983 32665
4920 39409 9839
6161 3199 38301
37929 28180 7301
17918 7889 32023
35510 28884 25589
29328 5786 19385
19104 19406 6495
16518 23032 2098
6414 11814 13959
10574 39904 37045
18518 22360 25258
16916 34357 38730
24563 7180 34328
25562 6886 3355
32732 31185 2274
29920 14311 21067
34287 4640 5420
16074 31372 8371
9294 34998 804
32206 37084 39733
25183 11501 34555
35747 2324 32669
26785 28590 26331
15395 11005 27537
24576 3981 7093
37355 7317 35283
15175 16251 34719
3176 22481 955
5296 27235 38187
33238 30037 15877
23154 18566 24869
358 15456 3342
39226 12417 8151
6033 26428 3544
27773 16974 6040
19141 3008 3577
34192 12191 37178
15158 7341 7749
38064 2164 19663
1546 37237 31588
16677 23613 26220
3861 15927 12307
33066 4270 33824
22196 1466 23879
37210 7199 25274
7652 35378 32954
13026 2638 35994
16506 16549 18768
18205 39851 16176
30027 4845 13596
36367 32439 15576
6571 28207 18422
23449 25768 12094
29974 4491 16105
9070 25828 6200
6698 29529 8807
15376 4318 28031
12992 34997 22230
23722 25692 33651
11597 17074 26643
6669 7502 25885
8544 9650 13442
8030 39549 28367
23514 15358 2587
39742 36757 27160
3579 38492 16238
11646 21612 14264
35814 20538 36001
33894 29481 29743
38318 13236 20127
16349 29599 11828
33170 35011 26869
28600 3895 23582
37054 8604 34907
32336 33424 17085
31979 17564 2657
35080 30688 6030
27526 2797 34373
4344 32135 25841
3686 35926 12699
20899 31063 28499
33541 16614 29470
1700 35082 19693
2686 4499 21005
4422 18401 8918
19657 3981 33121
29533 31467 34753
22515 29035 1290
28659 34352 10460
6596 30682 13249
17413 21174 1988
1767 4152 18583
37287 26917 998
38321 5014 1930
37663 22654 8143
2590 34934 15707
2481 22313 27840
15531 26506 18331
16251 6731 21199
23451 19402 22829
19045 13039 11870
20627 36635 29892
24497 7530 21883
16987 3052 7681
12662 400 25385
12388 5372 2120
5714 26457 23405
23351 9000 18486
32681 140 25632
29917 19011 1849
38952 9366 33429
11746 11271 775
11693 29153 290
38994 5541 15412
11418 11659 7121
12740 25363 8981
33297 21074 19536
11544 16773 4928
9338 17440 19104
9722 33856 26069
20438 9599 29079
36179 33647 26960
13154 25254 30909
1203 38894 16611
10922 3044 3732
35813 37227 8537
28866 38563 30481
9585 20051 35115
30014 7608 4825
3197 6772 23257
5693 9222 24329
38305 12350 24376
19255 31276 27797
9218 25424 27438
28729 30513 17550
38816 12670 3363
16008 24836 27865
19619 20097 6039
10942 19366 7963
17747 29930 2145
14185 10846 36733
39301 6434 23634
20671 5528 10800
20714 4995 561
29800 20677 4456
23952 39893 6746
12924 4120 9069
23097 25916 35689
19237 6970 39223
7198 24032 25028
28369 1248 34051
24507 16290 30181
13220 5767 34686
10569 39008 12414
3792 26823 7435
22061 20383 34068
30722 22216 6707
29912 23901 32427
7056 32329 27073
26316 8865 28646
22610 19776 17328
38222 33221 38374
21906 18683 16851
36212 14112 24798
11017 22748 1951
20183 10684 21594
15681 10512 35099
39581 31493 16312
35037 15247 30201
3671 22745 9539
15904 11027 28724
24698 23598 27646
12532 20882 34031
11033 7603 16204
4360 23274 39024
22008 28374 31797
24832 11071 20403
29978 16802 24589
13719 16395 1071
26649 38042 35943
38448 38994 1175
12728 39882 22888
35053 17670 13524
24691 15007 2966
18377 26756 3163
3266 20569 11271
15256 29750 19482
26193 22488 37764
8220 11660 35533
37285 1049 8892
24152 11405 27787
12269 11564 31785
25304 11067 14865
15352 14121 32254
28229 24451 22872
8656 30781 24379
33927 39612 2249
26221 25678 17412
4629 10660 23500
27855 14795 34011
39199 35821 34454
31133 34606 30025
22786 17979 21795
3690 29311 24489
14838 8165 37957
1846 2341 39523
36561 38439 14208
30667 13069 13807
24096 33483 34829
21324 29751 14408
5429 24384 30787
36320 14329 36459
19101 16792 32445
37954 38766 27687
34651 1134 10304
34462 22146 30083
31538 33522 27323
10715 11974 22248
583 38351 22485
8475 32357 26001
5154 14957 16432
26729 34571 14728
39140 36426 27931
22096 19905 7504
5437 39015 28552
39705 9548 38108
27554 33085 12997
16241 31968 12651
37854 37191 24221
15393 31600 3240
27264 22663 7823
1329 18526 13097
37178 4890 1212
24848 28910 5603
38450 38651 21781
797 31403 33279
28763 26963 17992
1656 19809 29651
740 6059 16971
32668 30450 28666
33909 24805 22723
16130 11586 20616
420 34389 2324
33994 4005 1615
9688 18823 3316
19415 33272 14078
10407 33524 34740
12407 35800 5001
35787 26701 31658
31406 13139 22620
3818 19373 21736
27527 38098 15510
32513 37926 34471
30143 13854 27211
27201 7132 17373
1775 15531 15543
38700 6654 8160
22924 31705 11388
39990 30531 24006
25042 535 4042
39096 16761 19177
37647 13710 19586
27536 27671 36942
20415 6537 2942
17947 9426 11703
17483 4035 38096
25403 28719 1653
30737 28476 12186
33296 15126 28550
19194 7446 28631
9230 27218 20159
5417 2579 22899
2282 16521 23073
6681 34734 22536
20656 15588 8463
18706 26473 38128
20300 24988 13576
5652 469 35178
21276 18996 28891
11834 22956 20035
8831 4816 8308
217 9452 22815
19021 11757 21568
23761 22186 17391
1317 7027 38846
18437 33215 18624
33531 95 382
1737 17142 121
16594 10173 13799
19245 31422 26907
27660 12978 27974
22001 16172 30709
25602 16207 21433
5970 33429 22670
16335 38767 14135
30774 39385 8565
39597 20560 29266
22124 22363 31177
26153 36850 1264
35456 31806 5016
17791 24429 19082
36250 34798 10093
21659 7608 32839
22510 35580 31285
10220 51 29363
24875 14119 28292
35619 22729 6815
1206 27538 9643
14631 27026 12357
22676 6001 39333
14408 33291 5216
4388 36874 32975
14331 5177 39460
28983 30973 19822
2682 5611 24969
17525 2298 38329
3450 10897 27842
22165 33689 11813
15454 34416 21096
35927 2927 3443
35227 6625 9703
3160 27494 1204
21040 2405 31025
35080 19948 37894
14953 32005 3351
16263 10800 18951
15433 16107 2932
34450 1112 36587
3997 28178 12827
11022 10656 14540
21001 13473 24433
17319 18623 38356
21781 8785 20384
1265 3285 2000
28182 22201 22542
20837 4663 17309
26150 26782 14788
22166 9177 26425
38027 18273 7409
14128 17004 11995
16532 14054 9336
30772 5879 25196
25141 34643 689
21488 12350 20551
17194 20482 30023
33380 33330 9348
17727 23426 21806
36462 39630 12558
16941 32508 37310
6283 28888 23988
11254 32745 27016
34199 24416 15872
10802 23524 38188
8873 22205 23491
32302 21625 37876
3413 34723 16475
10455 21909 32849
3721 1036 34347
23436 3687 4915
16973 9364 33340
26391 5714 4188
5965 17024 4821
10022 30744 13733
16002 18185 16554
23038 24896 30548
477 14520 8763
15565 8114 37314
8205 1554 21255
1669 19080 4961
245 19376 6242
6579 37576 15153
3134 19907 284
14719 29523 19500
37840 20500 443
4336 12842 17208
17178 20693 29383
15737 34473 30505
4029 11447 5726
39975 21583 16539
26490 18290 24652
3048 19054 19646
7748 16746 619
9998 3112 3402
7941 21143 19197
23875 12163 13828
13117 23343 22661
24787 10506 16827
3026 8284 8975
33530 31678 17074
1461 5076 1588
32866 15103 23711
16037 25241 6019
29190 24973 10978
326 14949 7263
28492 33778 1143
38221 32745 14966
4647 1462 22515
32186 26434 12395
21706 14398 26126
27871 11673 4942
3252 1387 5334
3364 15320 28732
28519 20698 7369
13530 38050 18378
36628 12373 6573
35012 30003 35150
645 1643 17443
34335 20826 8236
32403 13160 26390
27676 4024 567
27006 4910 26430
30227 21361 4813
20632 6117 35342
1820 31672 37572
20659 30536 33115
39836 8608 30086
35707 21049 6841
23406 37928 10294
18538 10739 7025
39036 3173 10878
17980 9657 10311
33895 30709 24160
14680 28240 22691
7894 4721 17757
10582 33728 30712
7315 29181 30502
26631 24844 38292
34820 14955 25621
37498 26349 4104
38564 544 20188
27610 1913 37214
36313 2902 11279
16096 2309 8815
26943 16061 6210
32756 23730 26216
25281 3542 12929
5695 15017 32712
19755 12801 6241
35519 16626 30749
26746 37401 10450
10405 18876 26906
32607 28961 27404
16913 30586 17344
25526 1561 16879
5034 26845 571
31214 13553 11580
35185 20389 12773
3352 32325 9462
24198 5764 12248
602 19476 30544
19263 850 15235
11536 23944 7301
16907 132 20762
12347 283 16617
1210 30708 5357
4251 24426 16678
10037 30757 5100
38162 23411 38311
2660 37058 680
19746 10971 21025
10980 27876 28704
16822 17150 16971
3209 14719 34782
39799 25879 35174
31220 27728 7287
2402 34571 34288
6437 27565 15224
25263 7915 13597
7916 1994 25096
12066 18153 21871
2219 23707 16146
17256 5982 6869
5274 36257 34752
353 26014 34136
23915 10640 2767
2144 15860 589
7752 13521 23696
34776 13502 29775
5203 29787 18005
8117 15316 19370
22991 24351 11885
1372 27231 9681
21599 3392 25692
37000 30994 6718
35025 31706 25209
29068 10865 5004
20180 28809 21992
3504 10703 7929
14156 23673 35336
20958 18866 27293
174 24687 33245
32741 3781 4984
8146 6612 14789
24397 8967 7538
30626 6828 2810
16884 31399 5486
11997 10313 21436
39914 29678 21635
29382 9831 28965
22368 7021 17659
18183 10869 39609
12740 7320 31478
21205 25794 9965
2852 19702 18000
16927 11859 24405
36349 39452 6999
216 21899 7831
14987 9295 1028
13472 7805 21465
1011 27278 29433
18215 19654 37720
15025 11672 31038
30979 3718 34756
27792 22453 25205
39317 16988 10537
1633 31823 20999
10108 13496 20784
13495 8292 25541
39857 23594 896
21394 21165 8883
39433 16760 4121
16723 18216 16133
24369 33776 33698
25800 13044 10740
1774 3195 25157
34437 11624 18125
21299 11548 16157
26892 19218 38340
5702 33708 36232
9394 24146 35830
39268 28859 8604
38224 37864 26230
10364 28261 3303
5678 37945 28593
26825 31044 34332
17450 10284 31136
32992 34894 26789
37713 36997 18566
9316 32777 36419
24692 28149 8942
28828 21598 14947
24542 27339 7734
3895 9538 4760
24517 15326 6093
17677 22516 15912
38610 25731 20151
24429 2304 20501
12118 20746 2491
5238 24601 19081
8663 31775 28816
37983 37747 11424
26940 16974 34480
9816 21726 7723
34381 33216 15257
4346 2209 38945
7814 22453 6003
2214 5845 13228
8825 12 2650
1478 2540 35253
31740 2213 1604
7324 16757 34856
30229 164 1478
3721 25286 17865
18747 23783 35945
10935 20950 26655
11324 9721 39195
32275 30076 39242
36215 1484 7776
3464 33358 4284
19961 8774 32800
36380 6564 23296
16407 4212 18920
39337 6575 3385
22131 15393 37954
39632 23916 20995
34607 18545 39796
20890 12198 17191
20351 20531 27795
2419 12872 25229
19941 25104 7414
37485 33274 1042
20809 17934 11433
23720 14976 27830
16043 5696 29387
36708 29414 20169
37416 12262 17112
5204 25501 23751
11229 3604 7184
6116 30108 21764
10694 30559 35284
31591 20982 31725
9151 11115 30602
11915 32416 39
15601 26510 8878
8580 32163 19479
30493 33591 7667
16229 2117 9196
20490 4100 1073
36542 14917 5475
34055 22307 21293
37699 11279 28581
8143 37132 5089
17483 21560 36602
18735 11926 25743
9012 37868 16039
27983 18877 32153
15486 8543 24323
26538 36573 39183
2005 36441 20939
38321 35890 16134
8948 5394 33980
19593 36269 29012
30092 38294 28758
38313 37151 7628
12441 17518 26797
37530 13006 19489
39194 33358 33025
29441 24262 39676
35275 8385 38975
33223 14684 16872
7894 11023 8667
36232 34767 33207
24804 19992 12081
30033 27184 34993
37438 10345 39251
23777 17597 29675
29534 33519 2867
32433 12580 19565
16880 16173 22106
22963 18117 21424
6232 21373 12179
9172 3580 5027
27198 34188 19693
15985 24577 33798
381 18658 36315
890 9448 38718
