3300000 1000
3381 20235 11463
35416 10804 38889
29653 6786 12197
25089 38313 21583
23714 11655 39890
35114 22117 33453
24355 640 30490
37586 9236 30458
12623 38472 28230
30552 34119 11072
34980 16231 20206
2132 30501 9438
37160 5745 18605
27547 9539 5407
31827 33589 20234
39983 25534 30461
35515 10240 8744
28182 2768 2285
7173 12142 7225
24343 20924 37528
14571 22986 276
31176 8466 16526
4330 29674 29602
22541 9886 36767
12747 25947 1742
17941 8459 21095
13178 37121 23005
1149 14407 11324
21391 2870 34591
28791 21745 23357
31669 36509 2473
10302 36390 35652
164 877 27515
36174 19495 14767
23563 27938 6148
26857 27006 30850
34663 19044 13228
4490 37008 36890
24867 26308 7387
14176 2247 10218
26619 33775 8340
19577 3333 36496
15808 29102 36392
14180 36731 14112
39163 7629 38872
23481 19567 3773
3653 35026 33955
10841 32246 7338
5527 32841 14753
17475 26296 37343
18978 34586 17817
23073 23166 13697
21507 25716 772
31322 14499 33703
2511 26354 27489
36250 29417 35191
13202 37194 27594
3928 35971 17850
15486 36280 36214
18942 37796 22798
12137 38311 24850
13403 1745 13510
24150 8457 25894
29279 37784 20829
22616 17068 29083
27609 543 28106
18786 11057 5296
22596 22703 17447
27787 8315 16102
28485 6001 14895
21265 26487 23923
34988 28349 4738
28454 26771 19073
18853 18099 36100
17118 9546 12683
33253 24258 1705
11191 24786 3943
19450 17293 3105
21721 18132 19134
29328 31252 7399
141 1549 8523
5651 16410 1826
38597 16611 18780
36540 15906 21289
2990 21590 8124
24950 4480 26247
37417 4086 39278
12196 26204 27110
25581 28435 37995
6132 12002 11821
39467 29874 33165
13967 27895 7541
1634 24830 34320
13072 25208 5556
28638 24744 10906
31563 1429 10420
2620 33029 18355
3796 34312 39414
26341 19786 18005
5454 4489 25625
19961 12295 35726
9849 22773 3495
2488 24627 33615
1394 38656 21407
32189 32496 6680
4216 509 9878
6924 11161 8322
15956 4356 27031
37896 25850 21990
22202 24136 35016
9048 8088 24455
11088 27939 36496
31306 6922 28083
34720 9380 12212
12731 5668 37359
34148 15221 16620
2201 13804 24071
9272 2262 4200
4481 9362 36787
28006 36227 13512
24907 20403 18812
3397 20946 27518
34637 12555 14478
11820 4684 6224
35046 5431 33060
34034 32211 39299
26329 11671 15027
35135 33513 8037
36668 13108 28302
29403 22989 27245
28576 74 6944
27587 35480 27892
23772 13316 15024
1855 37832 16384
21670 17494 793
10991 18654 16157
27436 14274 37479
17934 35087 34309
24534 38069 25913
7085 15630 324
31770 28100 24482
27476 5325 29678
1489 31097 37227
4694 18480 38656
7737 7227 23781
35911 1025 12625
36687 10682 13950
20181 26243 34790
11888 34864 306
12667 17168 18759
27046 931 23070
37597 18027 11641
3734 25062 27850
21159 21696 16489
880 28065 22695
720 27182 14712
36129 8399 8538
4636 23181 14511
17810 23217 23516
38198 26144 35980
39557 27893 29881
6474 24476 2286
22304 36493 8573
16223 31272 21780
7906 38447 34966
6518 17557 16884
23525 27643 6591
5023 16291 15575
35742 20805 14200
35204 34325 31370
1094 22139 7965
25772 21484 782
19353 11945 20197
37989 27656 20238
27406 20563 31636
20894 23877 9556
9671 33179 19629
19621 39773 30004
35149 29376 14900
8202 21720 27379
13216 22496 36167
7196 23451 13792
27811 15427 23833
2628 19295 1876
37434 1831 33249
21559 5593 13481
5089 30734 9025
16248 19626 24266
36224 12034 4414
17130 28307 37172
16471 17042 27136
1901 39431 12164
4803 34820 13888
37501 18144 10034
32624 31598 36695
27294 29573 12885
4598 13316 8462
24056 35720 10049
8257 15678 25003
13693 729 31210
14656 31477 15384
34997 7995 14499
20586 27782 29273
653 22442 33488
33970 13287 17981
28040 8676 35430
12252 27586 4143
20643 13744 23079
4959 21799 32982
8853 11364 38041
33538 24211 13053
38209 12607 31727
3859 23352 6036
4982 930 28462
20611 5392 16146
34328 23211 32117
2468 25716 27405
25104 28743 378
18539 30830 14091
18913 3468 23395
26029 34570 22813
5178 33680 1229
6834 13206 19789
4575 36969 25321
24545 24413 25775
35664 14981 5943
2780 30154 17307
19836 19066 4116
19076 29309 27619
22626 35278 21985
30152 23291 34251
39173 20878 38706
27645 19149 10322
9916 15917 29644
18061 29811 1562
23436 19475 18982
29263 22714 3830
22106 24398 25969
13255 15970 25256
25505 3516 14422
21038 28636 14509
28915 17282 37117
27321 21327 36102
22133 10758 13751
36790 26355 38245
29479 26194 5231
13267 22821 27187
26004 23643 36218
31615 9160 20249
20430 9848 1625
3995 14879 22830
8133 36640 16029
37269 25446 8002
28070 27889 35000
27503 20825 3502
7304 32915 1625
25484 37499 15250
36640 25143 28345
29297 24637 38452
31604 33108 9323
9720 2200 22562
35664 24275 28497
9156 23503 1865
27444 5389 3594
36289 8331 22452
20407 8023 38656
5628 20638 21260
33380 28532 812
24541 22557 30490
14647 22897 35498
6171 26959 23979
23061 23158 3709
5536 14516 26494
603 1314 12059
38398 34319 13371
6689 36215 20581
15606 32909 34756
30729 3222 3550
16031 35102 2858
26868 9148 13565
4088 32158 35475
25741 20759 129
16123 4411 38809
23649 24178 8534
14436 1743 2745
23370 19938 1327
37148 5560 29646
9253 10575 24174
2287 24284 13300
34056 6242 7346
33146 20066 38671
6404 20767 4088
11966 13073 33621
1373 29442 141
13635 37908 23315
23365 33378 37455
23866 30825 6536
6081 17189 10491
15554 32418 36826
1939 26073 33023
1864 12684 30327
29307 23865 5327
16740 26726 21348
23866 15657 6967
11808 32428 37653
16809 35122 33071
5661 9264 8647
6211 38494 21335
2301 29571 38591
13624 19035 33526
2994 13655 10082
4661 19481 20827
26939 22452 15045
29161 527 15598
35417 9566 32694
19697 28813 2089
29127 29635 18767
9924 17614 29552
21443 10573 32923
28913 8939 29317
28919 14523 4002
14628 3506 9761
8899 9174 6808
4390 33639 9942
20226 26211 20618
24294 29320 19985
32207 19368 25172
14452 39450 26140
35537 36901 14299
1527 31939 16634
11243 4892 39217
10067 25806 27385
9533 10372 17176
30273 18516 12890
557 21697 23936
18828 28897 34914
7706 29056 11006
39098 37469 5558
29923 9166 38743
34837 29769 21224
23481 1104 2145
977 11597 29749
19225 29676 16262
33362 30910 23087
24307 36676 6780
11710 38670 7005
8128 23014 8369
37425 16446 30386
37160 7358 14350
3054 6241 10421
32242 12790 14400
2281 2611 10425
18383 16723 32808
592 27155 7295
8152 7029 38522
35031 8247 28577
13552 31178 9037
37254 12368 23449
38772 5350 10999
8830 256 24718
4661 5561 11961
14643 18269 17848
20739 22631 26364
25826 31967 26104
35558 28096 4170
34790 9899 16584
38595 23934 35497
22728 39082 30039
16443 28204 11780
6760 7055 17580
16795 26821 34454
32212 22850 38388
32660 20593 21367
20656 11671 34261
22497 26106 20676
36872 23096 29846
5133 15371 1987
20137 34622 24649
30525 6957 37687
6557 36305 17166
36532 20474 15237
30820 18824 35515
34867 23566 28137
1544 29681 20263
5796 35745 31506
30056 30705 650
39046 28570 20641
22099 20444 310
30260 34435 16936
1754 29063 39905
22976 22122 38954
16478 13472 26369
22992 14114 26221
3923 32287 15281
1751 5409 7272
58 25431 23319
25520 7292 1368
23365 11949 19862
22898 33528 8588
10857 31185 22325
815 16043 15668
38545 23476 34315
15569 26288 27248
39484 13910 34200
10876 38177 28939
29297 28005 10515
16276 29403 17479
34130 2066 14060
9524 4229 1576
24133 35469 33775
37402 29519 9203
34353 17746 6359
22616 4086 4413
15300 2927 17726
22226 19249 514
21642 179 15403
5409 12257 10604
31816 30008 1598
27352 38434 1274
24151 22818 37935
762 27977 38889
21438 38168 27173
26429 8784 11288
17361 22086 32465
11342 1308 4165
12850 23861 38306
20017 18788 5536
472 4739 19250
5128 35317 20430
187 21507 39934
32517 5387 37974
3564 27297 19734
24929 26619 2650
28752 9081 12177
21586 34539 23763
32457 17169 29678
30811 30364 22635
34543 15524 4716
4606 26733 19706
5740 33944 28748
39252 34734 1397
23405 33510 2250
13157 30442 22034
25576 8908 37483
2430 2859 17092
13160 15297 16378
35293 21563 15030
32748 14340 15584
16243 22224 33665
34573 21588 32726
17306 7336 2224
19613 35861 19561
11246 217 14171
33998 23344 36960
10040 15669 13676
29202 34751 27545
30748 31651 1355
32427 29196 9415
13920 8652 11537
9336 38063 1509
23512 38503 35320
36644 28 4669
21386 18707 17649
7692 22950 11798
2814 12695 20098
8577 37192 21562
23785 29012 26152
37751 24447 33748
991 37151 32418
30343 10368 14490
20013 35659 13259
3795 23702 1235
15834 5634 2423
22783 23989 16151
34282 38167 39104
26240 35789 22821
17108 17879 22693
12076 9578 23275
2974 29640 33331
33322 12400 28771
12742 2024 17438
8721 12529 25038
4952 31562 19056
16545 3905 34817
1916 11182 1035
23461 34746 31312
32381 29875 11988
38493 2134 22774
33957 38707 14796
31645 32526 2202
25005 21623 32294
24982 31847 6221
8398 38412 15587
3291 10146 32462
29259 1645 19659
25797 34988 31635
1137 36858 29815
7488 8398 29249
13730 20869 16478
29762 27500 33957
2546 21477 22845
32532 39012 1306
27883 6417 26213
24962 39257 30365
13682 12733 34618
2711 9829 19409
23603 12597 25384
25523 24927 15265
19652 15094 12012
13741 10007 2573
19426 18357 34532
9214 39620 21968
36741 17254 19343
27954 35067 31587
25695 20897 1702
7009 17649 26514
5136 8068 11715
18208 32035 15535
22936 28008 36987
34799 33240 33347
6486 22280 20691
17825 20520 27353
36646 12926 20812
5166 26870 15364
27540 11362 28377
1278 5441 36527
24469 15027 12878
5908 28224 25639
19495 33506 29638
28778 22391 24162
32649 21211 14239
30630 1571 2557
33346 2027 32455
3827 5053 13864
27525 475 30004
25141 13420 4997
11783 28827 16585
1295 1124 6900
37710 29918 246
37823 15567 8763
15612 18690 2341
7303 16308 9692
7925 6428 27125
38630 10123 39746
16220 13381 30623
23563 25566 33424
38010 38732 15293
35160 12274 23928
29078 3352 6225
27482 1303 3898
26260 26863 6477
2884 20303 37085
24475 37405 9518
32340 14855 26304
2262 1920 23214
12348 18153 39464
11096 31269 31145
2214 7910 3099
22580 25859 16296
948 15533 17966
30347 9 6395
8793 19631 39002
12779 3249 10775
34655 9969 37880
2938 15532 4684
10048 15478 11583
7815 34374 28772
6313 38363 5480
33158 31831 18098
28100 19869 16061
18822 17007 32920
14046 20968 38735
26214 24186 4125
11158 32812 22292
7715 5403 10002
15966 20433 26518
19960 33859 35228
33016 8071 6993
10550 21541 18018
33602 6736 22223
12218 36901 30400
18224 11648 25454
22910 30372 17270
7190 14601 12512
223 29808 487
19731 31957 32778
8841 7895 30777
11772 524 148
25796 33872 16860
20210 29436 23245
18611 21624 6851
28706 7679 6214
31114 35372 17890
17771 5858 27940
34707 1892 23987
4776 15266 37426
22021 3364 30360
29398 19324 2717
37756 7020 9505
4954 12531 30050
6490 21167 1919
16915 8380 37351
21736 16836 35703
3725 4600 25785
27120 22103 7455
8821 25132 13936
7287 12877 2535
8801 9250 14760
13445 29147 17872
37590 36960 9379
27165 30537 22848
24410 33239 35508
19560 38760 32861
26750 11213 2629
35874 14627 38114
12260 14481 19880
13582 26940 31691
17720 28223 22131
8396 6240 27864
35113 10731 26980
6278 20639 24384
15996 13808 34819
2464 32622 10829
32281 34691 10249
39439 22407 8007
18683 1021 317
19149 1872 29918
20799 4353 15303
4625 29520 34552
7443 31098 9853
7986 1451 22231
25475 18174 38798
11888 17053 4861
13783 8621 14319
21566 25336 38401
26504 14537 21270
26116 8407 31735
449 11871 12398
766 21198 34592
4587 14091 17107
18094 2248 8776
32511 33110 37697
9789 31763 32515
30174 466 36033
4429 21468 22579
30751 10024 15356
13644 9032 28925
24679 6068 1680
3862 26300 31270
27809 5234 12088
33641 21239 35704
18689 2514 19828
23753 11343 3104
20512 20846 16247
24261 7809 37104
28374 27908 15763
24391 1046 16501
27813 18218 6624
20134 39888 197
26974 5404 31380
15753 33707 31223
27024 33885 4506
23539 26398 19250
6048 7818 2441
37876 35231 1911
36716 8732 38735
32918 2920 9698
16331 3688 32641
32656 14710 13554
35734 14962 904
30724 19579 27498
32377 32279 15092
15263 17864 1232
20625 37398 4456
19361 1057 20377
37000 18063 23252
15507 31165 3470
39793 2302 9039
27976 37424 10035
14621 19964 37045
18400 13933 35203
32297 5848 15060
32559 24631 13957
62 34572 3616
30072 10907 26504
34236 27425 21415
19247 38670 33946
32532 6286 30978
27997 39893 38009
33349 21654 38729
36265 15169 38100
386 11517 12084
4313 21362 4129
7532 30992 10994
18508 8673 35230
31342 32163 6894
20753 29999 13115
32558 2229 6278
20668 13679 36101
2066 33760 28630
10111 27119 15835
13263 21264 11067
3029 33326 34927
19654 39058 11879
6278 17237 7603
27750 5002 3539
3670 33932 29803
34837 3928 4552
27687 10120 16890
37069 24762 22394
8289 38965 26800
9729 22263 10098
18010 204 13424
30124 19231 1732
9063 29053 23530
30 550 28485
11713 19392 7173
33130 32502 19085
28137 21999 33078
15759 7022 27248
26366 24192 14111
21111 12846 18869
34338 19455 20470
31400 3569 26563
8940 35936 28226
35457 2560 37631
36425 29008 24583
3048 16915 39131
17075 23754 38931
21881 30884 38222
9594 4906 25943
37401 30335 11633
32444 12030 27902
35849 31974 7939
37437 25669 29212
13390 2505 39879
24652 9325 17343
16028 13407 37567
28646 12915 39592
18817 36282 4088
3574 36153 26692
12242 5192 4664
23460 16181 20576
26832 25329 15972
2864 11155 17143
29831 6065 3523
33375 30884 28947
23003 10156 37053
22927 19897 4385
23175 22552 2470
2305 27202 19183
9028 11374 18105
6678 7571 23667
1944 37596 26271
21853 4581 7319
14090 21508 3549
36400 33649 13671
38764 3544 38846
5365 1415 25113
33674 30248 21418
21895 33772 27660
2793 32981 21795
11038 34165 3779
36124 1807 18990
27381 8800 21416
12447 39648 32284
26439 29530 25821
12430 1095 32241
5984 34826 24254
4494 258 6695
3871 39920 35065
2504 35968 30467
26090 8074 24759
16602 34325 32839
12957 6539 16943
34245 14644 13351
4173 2687 36261
21588 25404 19149
20386 20681 31149
4658 17706 18854
14221 38786 7722
5166 8435 34286
30081 22370 15731
28206 3868 571
38224 18313 20672
26243 30286 30916
12007 38544 37412
12261 25793 30878
27216 20514 6811
1736 35717 35691
4189 32355 832
25425 29998 10487
29432 7377 20146
39259 20660 33025
17459 23980 6070
33174 13085 2281
25749 34768 18979
12142 5608 36610
6208 7179 4190
36930 32792 23809
39211 23017 21309
22104 13149 6215
18829 15136 19789
13926 4344 39810
36336 31673 22879
29313 9869 5282
39960 33875 20297
28125 30030 3862
25502 13836 36101
26225 16042 19935
10428 24776 21604
23391 36395 8219
1769 20056 11372
9852 9844 34657
27766 3115 1645
37833 12100 23952
35672 14944 6868
14739 19054 21279
30155 22811 4105
24629 7285 4770
39544 8175 8107
14578 24691 19970
8909 34366 25512
23288 25135 34271
23155 27061 39505
35498 26285 34469
39429 36778 18331
1861 30325 39295
15432 2698 11453
21330 5229 22193
12276 38067 24844
9124 2888 23250
21084 14150 10119
31639 18334 27356
13370 24478 14862
23511 9644 3218
13365 18882 10504
5861 23707 22788
22880 39593 36506
1299 37386 17998
31630 6646 2597
36025 36137 13812
14393 7293 30499
29982 29053 27448
21326 1206 4594
32397 23879 2747
11756 18425 4424
37202 32752 22548
14619 23634 13625
27238 37225 6380
23829 16228 22705
14646 32684 3654
18388 21074 30817
16070 7308 34879
28433 37750 3645
25916 7929 38974
22628 25876 1652
11249 32492 37323
7009 8396 735
20515 22307 9418
25274 17739 4162
20135 6169 29861
34479 9135 37457
31026 10788 18305
29980 20061 10666
2533 3119 24993
33396 15559 38696
11287 27049 20432
17443 34912 20607
3104 37740 9707
36162 37482 12878
15331 9397 13291
21642 32312 6671
14408 11812 11721
8550 28739 7191
15531 13674 857
1192 30553 38151
26364 24983 10296
13614 2792 27634
25157 36334 8804
39365 21149 20348
9495 32108 1000
14097 23941 12681
15843 18418 33508
19408 2441 7563
7455 16767 17502
437 29286 4843
21528 24023 8176
38134 30890 14504
12302 9373 7598
22610 16429 16942
28142 12850 23464
31702 25038 17340
14728 28952 13530
23932 26009 1562
15464 22839 37610
34010 32234 16624
12576 11902 10450
28166 38455 23560
34914 25467 25175
31592 33039 37903
6543 37355 29649
5834 4656 15378
33994 7705 26312
509 14864 22480
1850 38470 9049
35470 10423 16491
32194 38270 24923
1571 22268 36090
29734 25233 3347
38026 36309 31190
10844 18121 15772
8385 21499 34984
32643 29090 1550
1420 29146 316
21818 11155 10458
10776 784 28468
10330 10934 17819
25668 34538 15647
12680 20373 10640
38422 11378 39865
30941 37228 36426
27300 10666 691
34784 37167 4212
37066 15120 19129
10770 17111 7499
17512 3023 36308
33921 18573 14696
34816 38888 9190
25955 13877 2156
36349 25929 3417
18867 28013 31299
1198 13708 7748
1485 15429 30451
14340 17881 10320
5507 19460 33282
31124 24761 12276
4459 16637 36768
3838 13684 38155
1375 24967 2008
31083 3931 21716
15846 13280 12362
1930 218 22496
23317 15118 36248
19323 20969 27403
39684 2166 10523
18385 31744 3638
31733 154 31363
31512 26018 23529
4691 10974 1329
20620 25439 32067
36873 2176 1787
33391 18986 23859
19768 1862 21979
11300 5663 32666
19254 31014 6922
3521 16140 16452
4512 16706 34742
37887 10475 17577
17721 39347 32344
21882 15061 36376
16522 13570 23147
19107 33051 9608
2696 37324 25072
31779 22226 18475
37239 19365 29133
3772 20608 14261
37131 38977 31797
39547 28142 4999
25015 4148 13019
16128 15895 2213
7293 3407 4782
26028 7219 16099
10970 8241 14167
32891 27605 7548
17900 16519 34995
15329 19427 35695
4664 28950 11594
13165 17107 26853
18706 21 26939
29628 26107 5749
25701 39650 13726
6743 5919 34948
34135 3875 8460
35437 5068 1121
31932 11797 22687
8861 26472 11600
23212 12835 25031
13095 29439 1962
5967 14596 39765
23885 715 25798
26957 30516 19925
13621 9004 12689
21873 14927 21833
20294 23430 23105
1243 14692 9210
28593 36189 31567
11688 28664 20699
4733 24449 8365
36637 23773 31164
