3400000 1000
21479 21919 29037
38550 24570 16992
11767 2118 34797
39984 26766 37397
31547 38675 35721
16372 16059 24320
8080 29402 38477
33896 31002 25945
23023 33446 29969
26396 1519 35908
20179 37439 16251
16359 24658 3979
21588 25113 4891
23437 37857 39473
15732 35793 15328
15393 33565 33600
2935 156 11769
17427 23721 27618
775 18931 19940
26537 8072 6959
37111 16169 8965
7001 38368 24388
23401 35710 6275
4369 17865 35391
24183 31748 32965
10064 18747 34619
28230 17485 10118
2727 12903 7476
31292 6613 24240
19715 13500 3224
30909 27567 36886
35989 1661 8958
18650 28587 9430
15425 14220 37885
37030 23858 33203
12701 30373 28326
25232 406 870
17774 13356 4438
3324 39632 8459
21238 14585 4637
35900 30248 30674
27503 25618 25724
27422 12481 11245
27663 20797 9195
20657 22032 11221
28984 2521 36720
18936 14822 28772
31526 12386 16249
19629 2076 734
9212 1496 441
14471 7701 36392
11148 24108 39364
12014 31826 11085
26808 29405 26084
26626 13966 18040
13248 2555 9830
7148 23345 29090
31524 26618 990
35549 25024 29644
33965 2863 35147
30569 37522 34622
18751 32132 30776
36719 17537 18351
13066 16173 30773
24621 37662 15625
34174 29220 22718
39099 7825 1201
6101 30599 16308
1302 20851 18811
31769 10959 38205
13077 14801 322
38452 10497 14767
14420 27488 21055
8634 35736 5784
1443 12877 20130
30449 12342 30287
12666 30081 11130
5195 33068 37902
30091 31979 15548
35992 225 31894
34487 17728 17202
1635 31525 23636
18996 22840 28123
21880 27200 12868
32365 39858 7506
12757 13184 38161
2861 37334 8829
30651 25500 9513
31969 530 11859
4573 20145 21443
20339 2124 25291
6443 39084 2004
32088 3301 38781
3440 2846 11444
21911 5618 14578
1802 9695 11423
17098 23859 28242
13607 18417 25185
32772 29567 24467
5268 23489 1693
7416 1253 1428
22799 7694 7600
31014 16569 1822
29852 6845 1705
8225 25417 3622
9816 6444 30484
26414 1152 10310
19337 16586 4884
20058 3174 14230
26401 35080 13832
28410 29183 4949
20085 11241 14387
1027 35141 13699
20965 9276 20205
603 31864 39080
9065 38802 1355
9438 12678 17378
24012 39670 13001
951 38708 32701
25023 23543 21218
2242 3298 34211
22296 22221 30949
2261 11788 27823
3613 18537 16492
15157 38860 21752
14962 13878 28298
19584 14367 36876
36626 22879 11926
38175 29926 28606
36056 19036 32352
10059 3864 32965
31319 27870 24379
22883 19178 15357
30958 38166 30124
10235 38179 4045
16236 10939 28073
15760 27359 11922
3174 26810 18284
27402 6324 33157
25812 27075 20374
1086 4477 16757
38166 29207 27097
12176 7356 9947
31735 15300 22508
22844 17574 11740
7453 9992 4225
27973 14002 8634
26716 30445 13175
36845 9098 16967
30137 3499 2184
12459 27521 23972
17481 14425 7855
16570 13598 12702
32304 31225 28162
27151 24924 24420
10047 9522 36782
14186 16065 15549
2465 39480 15925
32886 39331 15528
11038 37305 4920
7319 26420 25368
494 33748 13112
23196 35705 22836
19161 15146 26538
14018 36860 24385
26384 38995 14764
21152 37035 16376
32478 22981 39049
28558 17631 39439
4544 1327 26012
5637 36679 38667
7630 38319 3185
7057 12160 30306
30534 18950 13054
25818 9855 25465
23964 5311 22814
4941 32672 16074
27752 3765 14029
9921 36608 5695
39245 20766 14562
36167 19577 32462
12216 38348 31816
27093 4316 31071
30355 9678 27435
20663 6785 15312
6210 9442 27540
6509 9816 9622
6542 27604 37432
21094 17857 37270
28889 32720 28466
9157 16667 33843
24681 2361 15136
22813 23832 20716
38661 20931 5926
36101 15868 12618
1238 14386 22920
66 11545 24686
29075 12146 39340
12706 33903 39950
22511 27240 1191
11973 29188 18218
21954 14071 21472
28457 8724 32708
12273 2842 18432
20031 4396 6506
33677 33090 30386
16674 2596 795
25246 20966 10531
16804 39406 12184
4834 20081 6219
12378 14208 6370
10422 25840 22312
36695 11601 31299
29414 39363 30216
38913 1951 39706
38554 37730 25330
23076 25416 33606
5994 20147 16984
22650 39709 6321
32134 25818 21028
39123 27720 22800
2998 34730 30076
2042 5731 32472
32369 31530 32555
27423 29839 14727
25209 19861 2020
2320 35263 25076
19083 32513 7855
23950 29499 31182
6610 34717 25769
6156 13385 25272
22555 22511 95
4066 39051 3630
647 39549 37940
6851 5110 9884
188 33614 19743
30902 7165 35289
8968 7990 39537
19638 14470 22318
17146 1925 21273
10924 5580 29010
16422 5541 19896
36507 1037 7950
27477 37487 486
27338 525 22769
32541 1150 36929
28540 6247 256
3802 33504 23776
5357 9901 35531
19651 15065 26442
33924 18309 34849
9314 15440 1806
22493 13074 7095
28501 9266 336
5152 22807 17028
31345 15065 25331
27912 11604 3763
36261 7351 35055
9674 18333 36190
13556 15203 27963
20882 23775 38766
22698 31362 223
26666 14678 31973
14430 11816 35339
34450 4271 26983
4843 36782 5075
27678 17804 21695
33000 26009 34988
26975 28463 35323
17169 29965 27064
26210 10817 8606
35756 19303 26203
20369 39479 23300
27409 22015 10896
21521 24323 2929
34854 11239 33784
13580 4200 4197
28475 21927 38833
19665 14096 957
31567 27414 10322
25022 11631 22443
31722 35904 23910
20309 34350 4819
27102 37507 1555
36529 27675 34646
32209 31828 9385
17220 27922 26914
34148 16658 5397
2564 4964 13374
21990 23764 19075
25855 33586 436
24779 12068 20745
31804 35649 8985
25653 7627 14984
13001 23601 12735
9012 35165 3336
30335 16620 12514
32524 26549 27259
22408 31279 34649
34099 16070 16769
12777 35454 12763
34630 17525 14210
32240 23539 15830
34992 1882 16133
31807 30314 32699
5247 36075 10703
3208 32958 38390
35684 6052 28474
17544 1312 21931
17115 6892 25684
6284 29365 5182
32757 33550 23394
16579 21063 10547
26875 15443 6056
34489 21362 2353
5559 10429 28431
30907 31455 14779
20101 7868 22723
37168 24689 36511
34184 17440 37486
16895 17849 38068
38551 15897 18331
23419 4826 14307
10767 4305 36981
23734 27101 9821
29329 5926 7907
32180 311 13938
3289 37787 35571
791 34175 5865
37764 2559 14694
5259 12604 7574
8920 34786 26938
16702 3302 12039
21186 3672 36940
6446 21558 963
13698 18984 23668
21217 37282 30466
11211 30740 35376
2571 37722 29897
15755 6259 31879
21226 31599 19791
24601 23287 25445
1401 3443 36399
35400 15381 5870
10792 51 5614
13777 7166 17996
2366 17455 1832
3560 28236 35230
550 31386 23344
37967 22 6427
10546 18639 13927
7831 337 31641
9380 4242 19103
35797 36658 36341
22217 1393 36117
33849 12981 21723
14956 15215 10116
17624 20669 3433
14135 35588 14955
33096 25069 17575
11844 18916 16010
18927 11447 16401
25972 16144 38755
12052 14775 16821
18058 36130 9545
39713 21732 24657
37735 16167 9872
24478 10654 3458
6821 20122 38117
5458 35815 17393
8423 17844 24533
4248 4319 10236
27424 23443 31389
36369 38198 17312
101 15334 10875
22851 23478 34001
15641 12911 18344
36617 18094 11342
21871 28417 34916
38957 14908 31643
21663 8711 22082
29003 33487 16620
3990 12233 13988
22094 14447 13874
21601 13992 31053
15292 8778 22220
31095 23700 2167
29447 37084 15574
21707 26546 19675
34280 36030 22296
27678 10100 31445
19455 20385 5055
39796 7573 19601
16171 4810 22457
37391 2565 37674
3106 36883 3212
5498 36144 23021
27391 34884 28621
21287 22945 19562
2816 20039 17677
39286 20302 30513
6191 7695 205
10089 30054 3848
9670 38773 30645
23827 21574 10720
37280 20883 13569
27739 11113 36175
18340 32511 5287
2818 1590 22318
21375 12047 16937
3799 39874 9489
10115 11223 12195
17041 10852 13437
21395 37841 7731
7654 11067 39621
33129 23431 16533
14881 9786 11785
5992 1677 36251
5263 22238 33782
884 35859 5379
15102 24484 494
18012 30035 19947
25526 18594 35549
15993 36673 24410
33489 32144 15112
36562 30883 2584
30504 19513 19416
27647 10945 25627
39481 970 7489
18617 18275 36221
3579 7745 30716
8867 7665 32303
9152 7099 7921
20864 16953 32063
7578 334 23117
23506 23680 3277
17521 29317 24869
2656 5948 19141
29800 37273 11990
34277 33914 3468
35919 37828 28810
24334 6924 6683
32835 207 33180
39013 21355 27345
18408 18859 16684
2052 1353 21099
16368 15936 35700
12324 13925 10462
25808 19841 32160
2804 39656 14624
8477 33771 26108
189 13605 20606
19570 34688 25416
15632 17770 39199
3466 9770 30895
35505 29274 6737
25737 31761 17533
4992 5679 24939
15114 9415 14489
17830 38094 15680
20596 25774 28623
1385 8495 7772
29806 23843 3571
38469 4134 36870
35183 7132 35249
7711 34449 35268
39305 27207 10640
823 31500 34721
8998 140 37816
10863 37403 32680
35926 8145 31357
31556 27828 2460
34988 26710 31498
2643 26065 30047
19774 21445 34095
10192 19139 37442
19922 37658 35868
14779 29155 23441
36991 25973 22237
17723 11604 2410
20954 34107 29149
28348 8775 27861
8879 16407 15095
14813 39710 2914
14355 3521 33463
38753 13614 2415
21158 38378 10038
33828 11576 26241
2886 39763 15675
20819 5529 302
13506 11787 34138
34323 7493 36757
29335 13462 26341
21805 36563 30119
28364 2083 25850
25184 37555 33261
18991 37038 4477
31208 17921 36569
5377 7725 16061
28721 14757 10892
14813 3735 23525
33960 30046 1829
9267 25327 15023
1723 23417 7411
13829 21671 38970
8874 16460 17904
30166 23743 9655
33151 23276 22674
37624 5483 9049
6483 6604 5663
25439 13174 39918
11114 37282 32339
39659 10787 35020
26782 18581 29367
17999 38206 35409
465 29258 26828
27212 25508 32453
29289 17994 12504
29911 9340 26718
271 31783 3079
16118 13074 22735
3941 33550 33757
30556 32546 25541
15363 27186 21238
37005 13311 37709
16544 10043 5337
8674 34204 29438
11441 28451 27840
20588 10412 22370
37049 19000 34744
17485 4188 9536
27965 24791 9195
22467 28577 4600
24615 17008 8952
6346 5644 4441
22791 33044 36590
838 12787 24292
9518 24550 21067
35093 30553 23713
38703 12209 32221
14793 17051 36655
35944 17326 18708
26269 27999 38736
27885 39705 23287
17775 11766 26297
15156 22527 32258
5195 30204 18168
16212 37110 6167
20489 27302 29247
28678 6828 24405
31144 34108 30421
30764 7218 19645
36420 5707 38532
6610 27642 30963
11428 5926 35208
28849 5729 30849
6338 27813 35475
35166 20563 5423
23354 25386 8298
8949 37636 19932
7506 22482 34347
13611 12448 18398
17210 38833 20997
17046 29295 2010
15683 39144 31292
26504 31101 32926
33192 3143 614
16164 34835 27560
28956 39223 28054
21948 29837 21548
36616 12783 9879
33371 38750 12926
24046 20390 20202
37910 17526 29865
1924 7179 753
23360 26630 32881
23122 37551 28784
37915 9712 19826
6060 34734 23382
32866 3501 31840
27511 9985 14705
19410 63 7138
5477 17288 34116
31096 37863 21313
18587 35641 17702
38327 36872 6254
33957 9077 31437
35098 31711 7248
7011 7684 14981
12419 14919 16675
29155 3627 17835
13606 1440 30107
24845 34461 15268
20253 25829 28359
4436 3974 26488
4025 1400 14965
33802 36775 35134
39080 30576 39634
4696 21242 21571
22606 23552 2429
20081 33199 29147
13552 39725 3919
33467 1885 17607
11391 24511 39186
24406 5640 23765
7993 17553 10588
6304 3670 35005
24606 19764 37533
11905 38283 13310
22574 26133 33475
13697 32622 24921
7416 16635 9731
8514 5874 6950
24875 1967 7292
12506 11706 7833
17583 6480 14254
10665 8536 15105
29168 39396 9097
15788 9130 4033
185 16631 31167
36956 28056 38573
28396 33475 884
28582 34809 17260
15233 16388 15643
29833 1160 7321
2217 27764 39215
28774 21881 18245
18913 36735 12887
17923 4377 37386
25825 311 22992
29286 9858 3932
15681 11752 11977
33202 20693 30912
39333 5810 14129
26938 28287 28251
30168 4896 16692
24299 2109 13118
33710 25257 1129
830 2334 4767
13317 22705 12759
29542 38853 7534
23818 3609 30641
5717 4058 19243
34257 12333 2779
4309 26357 33131
27052 27815 12126
21204 11182 25408
36876 17977 18656
39705 3749 13537
793 5243 10623
34437 22945 24849
36042 30261 24492
15192 38237 22872
13235 37554 33499
19472 16240 35290
16258 31228 14839
30835 16400 19415
3180 29433 23698
5694 25509 11032
28426 22030 15005
36571 188 39404
29713 10237 25621
22366 36474 6620
27065 13846 18728
6859 17448 35151
21688 26822 23691
30544 37810 24705
34273 17550 34817
28569 18113 26671
8207 38380 24907
29288 37757 39684
1455 1671 7932
27054 21849 9293
34443 32809 36536
12211 11853 6650
24362 1613 29510
31260 8134 27596
29554 16789 12357
20062 6210 31652
32141 23600 9844
2967 13788 4883
23053 14969 30157
2108 9334 167
330 37606 37360
7620 28879 25426
5238 31426 9558
7022 6958 7905
5221 4628 33099
36405 36272 35433
15234 24543 3499
33766 25318 17630
23985 22515 10658
7294 4426 17007
13907 34734 26396
19533 23808 11503
27313 23960 28086
21801 1697 2198
26756 23960 39580
11 37072 38307
28310 15957 10965
16845 36367 7732
15546 24260 27006
6124 17807 12951
16090 13827 33638
34565 12036 39781
20940 7600 29524
25000 23779 38193
28542 22505 24861
30341 19296 14101
29719 20452 9964
36100 33680 22706
30381 7999 33028
19087 38647 15586
29353 30601 3824
26141 21253 38513
10356 22804 29034
9739 34730 37863
38928 20574 30241
38220 25549 4844
19365 12247 23411
7036 5604 25883
37574 22547 31992
34859 37080 25985
10321 13690 16963
1303 16896 7584
38723 5494 11298
36797 3309 18882
2279 27640 2064
21622 33022 37217
4839 26514 5023
14197 2423 23919
31156 26495 30859
11442 14053 10459
13258 17631 14975
27158 2162 16197
18880 6641 12531
19415 2177 9092
27818 18907 14784
16896 33784 29563
1225 38029 13951
15609 12993 22546
4985 4736 14735
26322 38708 28565
14247 8307 7854
24684 33589 27
13833 9751 13026
11507 36010 1114
24069 5581 30132
2457 27369 12898
11933 2674 11639
22516 31913 15592
23680 22994 33867
16820 5929 39226
12629 15040 21620
26264 19287 21870
3559 37293 27804
25938 9243 13899
7485 36289 27490
23293 8096 38017
10518 195 6481
38879 18874 9722
1979 6240 11280
23642 17730 39439
11639 17818 24448
34741 21949 16046
11867 23847 5769
31856 26432 10105
32862 26589 8190
3281 14861 1590
19265 39894 31738
20486 16745 36998
37640 20292 22598
15143 30116 2446
26418 7381 25963
19797 14028 39738
24057 1624 22796
19996 33679 12681
10952 31889 7712
28939 19778 9677
22264 19229 35115
4700 32714 12432
25465 13099 17812
7604 16672 36672
24561 17361 20655
3338 17595 9425
39818 6098 34010
35899 38848 20625
13678 21658 28552
1116 26389 8060
3229 34043 24345
982 19699 5335
7033 18757 17108
39441 5458 10287
31836 31087 31402
2888 22989 2673
13017 6513 32208
36098 13781 6394
2633 29386 7576
9928 35861 25696
18480 11602 37475
9309 20387 31877
14956 22540 18812
11400 3984 27581
4086 2393 4431
7608 36740 20118
8544 21711 6395
12312 2417 37965
35229 20858 24892
3594 29891 4663
20675 4256 27878
34161 1192 2232
39754 31950 14123
24637 3911 33149
23744 6771 34421
37655 16268 2080
21811 36832 31612
3816 19732 24940
19586 4983 36647
23902 13677 20631
98 18956 25636
20769 37099 10175
37952 23440 4994
5910 1667 23089
8141 37321 21176
2998 21697 11403
11559 14954 23083
22985 39221 32640
33369 6032 18134
6468 25575 37067
18609 10482 18729
6761 15567 3109
562 14749 26430
31912 27007 2367
36040 20009 26435
3792 39499 38604
37968 22107 21109
29403 21535 1654
29854 17626 1340
38824 38594 3640
14993 22628 39321
14370 3852 15412
21333 34418 10544
10993 22904 17222
30582 686 33423
36779 28061 33205
8654 12663 15445
1385 39369 4213
9732 8075 29837
23163 13426 23000
33305 13720 5912
14 28988 5866
29632 8719 11020
33804 2904 19999
36224 32556 15641
5640 16043 23802
911 30237 35926
11004 32964 12699
1592 1406 37133
29674 25812 15399
36528 4483 7471
26215 5104 18669
12973 1741 14327
4000 4808 20917
9952 11658 15083
25631 5214 26031
3377 410 21964
5035 13429 16990
1041 36883 24661
34042 29679 17722
38664 38114 39209
27535 19545 23786
30991 1636 13376
8016 8615 3209
29979 33395 4154
7319 29390 2018
11000 10185 11572
24976 8456 21828
29824 15587 21552
37047 35317 34283
20190 21853 33406
39088 30033 3551
36971 17060 27495
20183 26952 15735
515 23664 3292
39113 37914 1513
27835 26491 30939
29048 15752 6238
37241 23947 33483
32653 4374 30441
36651 25175 7757
18103 17800 1748
13660 29463 33143
24153 31469 17387
19867 13830 29823
17207 16988 39420
17973 26341 7559
25836 10043 19810
38658 35531 28369
4261 30698 18593
31350 36047 12811
20097 16881 8749
24251 3795 17086
10139 8787 20365
788 6276 4875
22528 911 12740
14065 3663 23039
34926 18246 33338
7692 31721 5813
3992 516 15541
15345 16163 20739
14540 13866 2157
14782 4835 36779
6513 26348 39439
32659 18116 19665
22469 749 34795
30568 19898 20015
31046 34284 361
36556 31081 15363
35955 10806 9739
28872 20832 26419
34519 1011 22211
13467 34912 28455
11452 33964 29298
37016 16215 10441
4355 19224 24082
16022 25609 28668
35964 18152 5413
5423 33593 27565
19324 35539 23202
12376 2727 22031
38345 24198 25664
26745 19034 15602
24093 14369 1117
35217 14745 18808
8023 32844 19021
13404 33425 27672
14686 2945 10544
14259 37616 18365
15043 29500 7481
21872 28956 32559
12400 30541 28117
25213 10659 20362
32564 21572 21352
15328 38953 12080
17195 1279 9780
33773 18279 28370
4067 13192 11632
362 505 21281
11628 329 19755
28879 17442 29582
35587 23120 27370
14456 487 34091
2820 5016 26805
38757 15493 15255
10565 39196 38317
4449 17424 16770
35283 16301 38894
10426 18177 27051
35515 33096 38108
35465 23443 26360
34044 12641 34813
29263 3546 642
19044 30437 15271
12377 36096 11367
33017 26683 36308
23016 22368 10642
23824 9759 5591
15395 35286 27009
22 26616 24794
27644 22789 30894
27618 9357 33419
27549 36141 10814
15107 26399 32688
32704 18192 36159
22075 36640 31559
28992 19067 19369
18507 35719 27800
38871 13751 39782
33982 3123 32243
26181 14329 20880
22313 9839 21946
6176 31058 22007
2871 18803 13930
14725 9454 9806
34882 24192 10249
37604 8052 22745
31133 23220 8304
37874 12684 16126
26421 4714 31563
23843 39708 24455
16382 26328 23822
28222 38400 3398
29654 8417 21374
450 26449 6693
4867 15140 20354
17999 29646 30342
16258 11387 16607
34587 5716 20425
3537 38889 21143
32485 9184 21156
