3350000 1000
14867 22154 21170
28043 17583 1155
7002 37191 36574
1176 30057 32189
2413 35918 16555
19475 12254 825
5375 5055 13615
33191 4091 32643
14997 30508 5421
11526 24648 35979
31741 3537 39991
19454 28334 31970
10653 17251 17539
3504 17899 5379
21374 10620 3301
32191 29955 4113
25545 16153 1884
21336 7337 39644
8214 11162 4314
18537 21192 2770
29701 28896 7155
24110 8091 34599
11205 738 14117
10714 21496 9833
1657 35663 12951
31066 4424 27396
27233 39715 35989
24552 1798 17636
22912 20099 654
9642 3840 12546
8793 15558 32624
4195 17857 21770
31168 21689 28571
32287 13580 412
31005 22854 9225
34993 23257 14057
28572 16210 30248
34205 13125 16537
9762 22199 14520
39694 36873 584
30220 30122 36037
6838 972 33992
23754 26680 33452
27495 17046 33325
8085 11614 16854
16154 35361 3101
25960 26558 37475
25819 38331 38548
24349 33058 4371
5413 29397 5491
17833 29383 15745
13590 14447 27381
1631 35395 8689
27724 39521 20198
7191 37344 27014
6931 34951 4665
38468 35206 14247
37933 29985 34197
21120 5019 39905
180 34302 7233
30618 27557 19796
4219 13347 6650
3260 39577 31531
18568 27100 36763
33510 23530 7812
20492 12321 21999
20436 11064 21175
10465 16187 1994
19036 34291 39898
36359 27286 27142
35270 545 19532
33944 28205 23417
17143 19209 4176
22772 30901 38795
31982 16440 33084
36134 9281 37124
27691 4326 13153
3946 37372 3042
9991 6825 25686
14761 21293 27883
18367 33482 29776
10647 32623 39616
17495 3732 20608
23864 25294 24860
35329 8705 29643
39160 7209 16335
15025 31198 9256
31468 36307 4451
20377 23036 8304
16094 17364 35691
19484 33179 7841
28597 22144 6905
8839 29393 34872
9633 32066 36667
14042 3299 8466
21917 34006 36910
8688 37529 3001
7468 17948 35893
2700 37368 3217
36 6169 30845
1434 39085 36173
11820 38975 11322
18233 32409 33239
25664 8243 3635
33217 9797 26457
1310 17198 5907
16757 11311 16021
21815 28028 20419
18826 11062 37937
10556 18025 30990
10727 10073 1068
1508 27299 24305
22428 20175 16799
11340 22053 39167
16363 32094 514
33803 18287 26465
29335 17111 6091
30862 861 33310
21407 6391 38263
15138 16614 20868
5796 37997 14589
4488 1038 7042
31170 23615 15103
32549 30936 15975
5683 11972 3014
39351 4040 13633
10559 6080 28241
3613 14140 8415
35723 29570 453
37340 30119 30381
17232 28259 34438
6902 7296 27292
34051 22397 6862
3049 13929 29299
19397 572 13381
36098 18919 26386
13015 28826 29677
15951 8226 24409
3820 7735 16355
5654 11667 10374
10590 38411 15633
25454 39763 10140
24915 14507 25936
21384 34155 9732
9696 35435 29772
24096 13857 29869
24050 27009 4083
36427 14815 15074
24973 23680 7999
39337 6249 3343
22061 6217 11103
23856 13518 23224
31248 25109 27035
38535 21497 4247
20093 16291 35687
13506 37073 19686
3081 31673 24971
6683 38113 14664
23350 17229 32277
14340 26329 36234
21218 7713 24118
10745 9072 1168
19948 11093 2496
9490 26236 581
9217 39198 17896
3610 7427 27691
12279 9316 31683
16987 37974 4273
25316 5444 88
23139 10175 34715
8862 28141 32465
3327 16082 14506
3859 38880 28045
13658 22823 8330
12249 16185 32046
16914 38032 39998
29942 31387 9955
28973 1297 30917
23607 29273 18753
26932 4393 11386
39247 1784 31922
33830 27962 23198
39654 24495 19789
23378 19159 6106
33673 20079 8726
39607 17026 38053
17049 4002 5062
38342 5816 15252
29687 365 36178
31014 21690 12107
33932 2468 15624
6735 15353 35466
26786 12082 16534
6494 3425 9308
20332 23337 4139
14262 11864 28627
18306 12109 16807
12954 8246 4447
7963 17071 21051
21830 35467 12397
32405 10110 11750
10806 17456 23317
28248 23788 17292
9582 31557 12489
29653 36657 14898
12060 20496 24467
32579 20897 18994
27389 14175 443
27211 2267 23471
23376 8863 23172
710 15617 17429
35457 6299 19077
3017 7676 16177
16353 19068 38663
87 5958 31211
21765 8011 29191
381 29433 38650
19893 19093 12201
19235 14104 29960
11630 18649 14092
9320 6683 26791
34295 5759 16392
33037 7523 22168
14650 7849 33788
28854 37616 113
35751 33384 13260
39901 37692 24500
3933 546 17698
9584 25541 16792
11526 27569 2955
14653 34360 25434
22336 20946 4770
2582 12870 19811
23973 21216 14465
33956 16273 10111
13662 17911 20673
39312 27323 8651
12497 23931 26802
8030 13054 32584
17093 14498 1752
4362 36647 20414
22950 38201 13285
36139 278 34782
17328 33919 25183
26535 13447 38407
14645 24794 21893
27212 9960 24230
580 29752 7386
1301 13357 17746
31515 7646 34846
8870 1379 28376
22518 31872 9387
2888 13440 12246
6056 34075 32505
21893 6053 34415
2175 7156 30651
19723 5977 20309
36080 34800 20573
30602 15594 25799
3202 35236 31822
25913 18499 39686
23546 32861 7979
2984 32539 28748
20803 1207 28139
30289 11798 18394
5706 39677 29534
34704 4536 2327
34893 27253 29101
37360 8313 38244
16917 20179 39588
33333 21804 3227
22247 24167 34225
36192 2619 28569
16970 7625 1124
25395 37812 14853
11387 2274 30500
3093 35158 12096
959 34753 37910
14033 28787 9515
34892 36521 3952
12544 11464 10540
23879 19210 1472
24942 10333 29282
37082 33401 36299
36675 25559 12780
31510 38074 37595
29056 21190 37690
25885 30566 11301
24525 33831 1804
18133 27812 35594
25535 5646 20111
32610 11179 32116
8008 36225 14141
12689 24937 30907
22313 28788 17406
18510 1543 13541
9461 22379 6936
35267 28466 10725
24935 30653 17215
7413 3211 22057
2529 34280 6985
17412 37765 30630
38230 29703 15129
13087 16826 37026
29304 11155 14671
23575 27069 28670
39721 7094 19001
39455 29200 15089
27199 28772 30888
23899 12956 18420
23282 9282 12068
1880 15339 4901
4007 11271 7954
8915 27587 9228
23111 39715 37139
34582 27151 33738
26117 1180 27124
31708 34186 15851
37449 25890 22566
8461 34571 39316
19559 30424 19427
23027 11762 10448
16777 35973 13560
5305 22722 33262
13896 382 17994
25448 18111 2231
20876 16351 25562
21915 26637 14444
12716 4226 1257
3243 16299 28820
21750 11131 36644
26836 34949 9361
4175 32259 6663
35641 27389 21682
27403 4011 6445
20072 19749 14918
3391 35947 5931
1131 37568 30319
5209 20217 8932
30360 10388 32032
5457 15726 11851
36900 7319 24924
4474 34480 38270
27301 22089 7316
185 24996 13009
3485 26422 2749
39678 34448 25175
38118 23055 13379
13114 716 4218
26775 37812 14371
18029 36885 30877
18381 11568 20324
20997 38822 31014
32357 33733 2858
14707 4203 18095
17476 7543 730
22055 27252 28663
219 14475 6043
2589 34681 13966
13926 34006 33435
1890 37909 31193
3998 11603 22439
15240 21454 10801
24164 22254 24834
8742 9030 9577
14417 39334 21637
3297 25012 31171
4286 3190 31738
31968 9663 6136
34146 29822 33713
23311 16216 37362
26850 35643 14543
27383 5359 4790
5175 36832 11723
9398 32219 5606
11630 22543 18011
1375 18268 9460
32641 15312 36816
20062 5313 24409
36485 14533 33874
15182 35426 23691
5795 21479 16448
4472 5692 23501
37465 18208 35186
24020 15374 39713
38086 8904 6420
30793 19483 21984
3453 19284 37843
5456 28127 32338
13125 12218 38115
14887 8476 4228
24876 21676 30095
19013 21025 15668
34168 3672 25113
24873 29908 38419
20002 31764 8214
19730 3694 7483
5032 35884 33499
26340 35199 2823
6557 4920 33241
9928 18570 12163
8022 19874 9410
20376 23344 31888
24249 27922 20249
12574 34275 372
368 36448 38331
33266 11039 27846
21231 20361 2451
16200 25259 35209
8025 20475 25088
34995 25234 3206
29617 8893 2323
28142 4762 27058
3419 36940 28542
38134 26865 13601
12459 15335 24346
32448 268 5408
17652 27241 13131
38231 11314 27894
31777 1382 11829
18222 10299 15655
4035 29816 586
29432 21222 39401
15720 19229 15524
39550 3298 13509
22934 10981 21990
22117 29927 30134
2250 35201 3307
5951 17974 8585
32153 7740 29552
9120 38311 32678
37122 10039 33856
18786 13450 10456
34597 33178 27294
20351 27933 15529
19417 23586 28954
23344 28103 786
6250 34246 3561
8762 34006 22924
35557 39427 27675
12765 28429 33114
19970 33573 36618
33929 3998 24457
5093 19778 8226
18884 6065 23099
19484 14162 31833
12274 30482 25284
16386 21202 34359
25972 35356 7342
25418 22803 28362
34154 4876 2398
34987 36345 15132
11439 20485 3456
8496 7920 20238
6810 30322 29162
35542 4149 22773
18683 19156 38873
19410 9574 36107
31689 25507 36805
5848 514 14172
14105 29851 23328
3649 27330 29376
4320 24519 2506
36713 29504 20235
2395 37113 37571
21225 2001 7232
19216 28155 618
510 20986 17582
31834 23702 32859
6722 15355 21713
18457 36062 7074
32075 29514 10061
21133 13886 13876
21081 35896 31017
8045 5250 463
16476 14305 26459
24381 9379 434
7106 29794 34892
30074 39162 19492
39447 3564 11943
17885 14842 10584
25701 13170 9038
39821 1412 5891
2265 27288 36644
32510 3192 15403
22570 10766 17833
24921 20252 35761
16819 8702 18271
3624 3122 19708
31690 35911 33475
4576 33254 31916
1672 26914 21188
29772 32216 13515
36091 27881 7942
1073 18301 19040
77 39454 36822
3870 15509 35279
37824 27571 13092
13656 25445 2879
5156 1061 24946
21640 32012 27227
6739 32622 25966
38364 1297 31798
31005 26281 27910
38082 9465 14563
28921 20833 36121
39402 26 20163
7315 18598 36379
22533 39082 8740
9320 8747 9045
22040 7685 8939
16872 27073 7491
32294 28770 39914
23903 32306 26962
20492 19703 22866
23910 29521 28202
15431 32465 35955
38987 39871 1176
9475 19328 37292
1210 6598 1981
6256 9722 33658
33945 13300 21386
15222 28426 31640
16406 7279 11522
37189 34858 15766
21541 6686 15616
26015 5157 30356
32682 39261 2684
29464 21784 13257
5701 10284 17095
2146 22456 27091
17670 14510 13568
2151 28646 18206
4475 15113 17406
30799 5389 10738
34008 16493 31713
39528 18428 38258
29373 36173 29718
32652 27969 26642
35078 25437 892
18440 11589 12572
18667 11735 26607
8025 12303 2183
6321 30237 20714
29948 13839 12143
4758 37183 31698
15987 7873 12726
13261 17774 6408
38262 7755 37797
25391 34415 20055
4642 38011 4550
10408 12184 15852
25344 39974 3230
36123 217 16349
12119 23979 10869
28861 32691 31215
20142 15115 13838
20952 34124 4585
29110 13721 25746
24316 13898 23193
4597 16639 6461
9748 29800 4004
20410 9615 16594
11042 15586 26998
26465 35936 31600
5716 26872 32316
22846 14445 7364
13624 13793 2747
6060 19521 18414
38980 6439 19998
27232 9684 23335
11698 34642 32604
26035 36333 33958
21799 28626 34645
25928 8309 34851
31404 21325 11958
11786 6207 15861
19492 9733 2251
5519 7357 6364
25868 16444 15260
22455 6691 22155
33779 25801 1251
2052 19879 29674
38584 39296 2760
3651 23348 2997
12524 5730 30775
30928 9959 15022
20923 11643 33576
30836 20922 25150
29811 24991 1788
16065 22262 11975
37888 22448 29323
18464 10694 38199
1481 17107 3895
32940 38343 25193
27954 2317 34991
27556 5556 31326
186 19880 9443
14133 29005 34582
11255 17937 29488
27194 37254 11620
17127 26138 26666
17649 6767 34287
33105 1104 19798
25264 34464 23823
14199 19529 13381
10547 24593 26347
31128 9500 10372
12861 39724 5958
11047 7024 25592
30507 12616 12336
27037 25478 7617
19382 14804 39859
19443 9850 27318
8307 34274 15686
24230 32651 17389
21926 13470 651
5800 1403 23765
29932 22232 16879
15882 34899 32842
14339 37104 34418
28496 39365 17334
30926 16793 13149
31346 5403 20844
35525 34217 34243
20161 1881 31933
645 28156 29380
6580 1594 1351
21530 21665 23027
23882 30084 30257
4799 27978 13270
20372 21065 3163
36861 20293 22365
13571 29268 35128
27083 12973 36629
29024 21092 32327
36396 10010 33250
3576 14503 2809
11684 24449 32906
20718 1942 27631
8576 38868 29231
17402 39468 14806
15188 39358 5276
34878 39962 27603
479 13914 33064
27339 27629 19084
30715 1479 14149
9135 29828 14902
31444 26594 31852
13483 34897 16178
35447 6170 34726
35048 38790 21296
31944 4075 25143
15820 25639 4820
32423 26397 28737
25741 1751 33497
977 23204 33580
15447 742 11314
11856 9609 24718
12706 18935 14362
23729 10016 34748
23328 31161 4576
20073 28798 13679
7432 10005 27481
2081 15483 8936
38517 27967 4163
12474 14827 21702
1882 4314 20041
38932 13333 26155
37958 24537 26798
27944 21728 38702
27692 9031 39444
27648 33585 32060
32825 13733 5152
34388 12154 32847
13353 14658 6318
38238 3826 13943
33494 3919 14499
39658 5106 3730
14990 1207 38848
5178 21114 23523
31570 8974 9803
33086 2379 2812
37967 32289 35446
25517 6951 36311
36354 31348 29968
35224 4766 11551
35469 4849 11949
5808 22003 8447
28262 26470 21328
33113 28427 13492
23801 18510 10692
37459 29487 21892
9368 16883 30957
447 27399 30220
16145 19266 11270
30292 37412 4944
15319 7433 35720
23179 19845 17453
18429 2366 14777
22226 592 39094
11516 29387 5280
8970 34058 34370
13774 35516 38159
2792 5056 9976
3585 5447 13266
13689 13273 1395
10139 31307 18479
19999 29975 31339
37489 19851 25910
34826 35135 11483
5248 624 30374
34819 32675 32702
29944 31519 1627
23564 69 30303
28348 11569 36472
20896 28127 8032
12815 23445 231
6703 34232 3876
22895 31732 24837
5837 4178 9928
9548 10693 34262
39661 34526 7329
17781 24204 9186
13550 18634 27350
16653 13917 24341
26573 28991 21019
24042 16539 33277
13375 764 14688
37511 15389 38210
20041 1366 17719
34372 19419 13940
33427 21956 26256
33335 38568 18507
11352 29659 8050
37455 32448 11131
13669 6206 19440
12652 14718 16041
3918 38199 27444
37072 10753 14256
39758 24390 30736
20791 8590 10049
11624 34635 24075
4608 19260 4102
13724 10073 28423
19321 27184 38686
2605 39780 16187
19947 38463 16082
17547 33807 23070
33999 38137 17173
10359 16135 17210
11502 23916 29245
3989 13436 32019
22628 25775 13501
34775 21278 4866
2642 3644 10830
39148 33707 33217
10780 35940 210
20830 20548 839
24144 35117 13659
30352 13631 31461
21280 6055 6510
38976 25595 7248
2538 39295 7637
11716 11247 25924
10131 21789 24939
6748 16624 12906
17003 35104 15861
20258 22181 36912
35096 7926 34657
8032 36015 16831
20932 24303 26511
10071 12602 7730
21701 1539 30783
5904 13360 30798
20107 15782 16121
33009 3352 12811
39089 36397 18833
14317 20101 20091
26264 28058 25824
33755 27636 21083
11422 20170 35350
35707 10984 4751
1542 16229 39152
33843 10095 37739
25355 38416 20611
34339 36966 20610
38092 15148 15910
38971 10897 2254
1120 11827 7905
34431 23025 16892
29886 18946 30332
3251 13737 33323
29438 2322 6279
509 7951 2787
24877 10996 14712
34319 38797 23198
13931 7125 3772
7331 2147 12694
6815 32614 39001
2956 10994 4
38816 13147 36276
11514 34590 20736
9523 29923 24167
10214 21167 3870
36151 1239 18478
31694 6924 20175
36315 31611 25950
10733 12572 26965
7612 5187 26671
19737 19268 3404
26559 31245 2623
34429 38409 3365
38807 2612 27621
38472 6709 35597
18932 35244 10491
28180 26789 38045
6683 5972 99
2013 24722 5326
30879 3046 16389
4037 38133 25419
6710 18806 25853
3900 38115 14502
32433 38120 7419
31507 20086 10877
1790 34188 11465
23691 18928 11677
39047 21702 569
14370 9497 35946
1692 16060 38522
36025 3410 25570
16102 16288 10242
29583 33312 12536
5152 3737 21024
34216 23455 23010
22552 33063 30036
21607 5602 32223
35113 37494 12936
35501 1082 13884
8367 5957 26959
30716 39712 34291
35190 36828 15412
24252 18749 6426
21212 4515 19657
32539 34635 4615
25686 37988 6016
38185 38476 34402
39091 332 17466
34339 7835 34677
15857 39079 1946
29650 64 39377
9286 23223 3719
38392 23829 8323
35258 13339 18660
24033 23924 36465
4900 38891 15861
37789 3874 12520
29818 28096 16945
4214 15608 39209
28725 9987 116
24999 13135 6069
7298 27904 21472
39722 8280 13242
28092 17753 25613
27222 16877 33303
7540 28252 32033
7478 26895 6034
8881 28680 1266
28678 31758 38273
15030 35723 2826
12538 10518 36032
27328 39634 38057
12555 19490 1327
3260 28901 20253
5602 7371 23119
27051 34729 24284
36963 9781 35470
8441 18821 14434
29612 16712 39224
4288 8913 21960
9037 1358 8639
4138 1590 2083
2893 5962 13944
25919 29739 28232
38591 20717 38211
35079 16011 14353
10234 15874 32264
26131 4117 33414
12348 360 32633
8464 29018 11642
31498 6339 2675
37684 4597 31686
28108 39787 15882
23608 32010 8364
32577 5905 24714
16158 13214 38358
973 21012 16046
28152 30289 8882
3633 138 15291
8440 29778 14109
16047 23024 34065
15930 32066 27056
16001 17468 17863
32461 27821 36551
7622 7644 1430
6121 12171 37670
35352 21899 35418
30951 18411 34131
35584 12483 20996
8154 31428 13382
39003 12101 35645
21334 20552 3138
39997 35320 27079
2785 13163 29691
2842 5516 39791
8708 15310 12069
38598 12023 13525
16506 37813 12544
978 3943 15577
33275 30004 33161
37853 3526 4537
10586 20614 23136
19028 4718 17704
38398 12650 23369
36540 2218 22517
29595 22217 1240
15115 29017 19966
18695 24697 31928
15778 12112 38665
3528 23842 11535
18084 17644 37065
38763 15248 14962
14799 15427 9433
16083 26248 39798
974 2952 37949
37711 7011 10502
19096 30284 25140
22553 9336 39881
37289 26265 3365
25422 10484 9290
24925 27314 26295
20502 31949 27370
37699 26911 36379
27122 5372 18372
23520 15254 13912
33586 39987 5021
18438 35940 2016
3859 36523 6520
20152 21810 23175
8111 35010 44
2358 38785 38927
3096 2451 11419
18284 14518 32631
23926 16368 15584
24479 31189 16820
26320 29740 24795
11874 28744 19203
20358 35302 32354
36116 29644 31746
10804 7416 35152
39614 30175 21748
30081 34940 18485
31067 22608 20138
7940 22479 21260
34128 29635 9320
5275 17545 4760
19501 19607 32270
14148 5374 35778
7854 26796 6101
28200 3034 15237
12001 18320 25756
13274 5906 8094
5992 29821 5491
32328 907 20680
4208 16115 13504
16654 377 20841
19681 4004 35327
39289 13691 36869
38556 12716 35194
25254 18319 2783
39363 29527 24612
22402 8929 19155
32754 21355 3798
16420 7806 5912
31827 21941 23998
3455 21508 15350
37815 16788 23938
12326 4871 2263
21164 19328 16447
18454 4496 39876
1128 21126 11074
27552 17767 4922
11663 15355 39995
16702 38668 8095
25506 10451 38023
17728 13723 23110
13023 28973 2631
36527 27568 4050
25001 19011 10726
32039 11084 21783
