3300000 1000
38463 17647 33758
22776 29668 36387
8940 33308 12837
13744 15265 6523
13623 18815 34204
7924 11083 33382
33978 14198 26333
26642 509 9400
28714 38289 2312
12751 5438 38650
17990 34159 9451
17145 20715 8896
30550 17915 21138
8988 33259 24498
39622 12707 36720
8325 12381 29052
29879 19288 13501
296 10989 37427
16130 19780 36624
34129 27448 26203
35646 776 29507
16741 2600 22479
33630 24417 2981
6193 12544 14410
5475 31181 30490
4856 28472 10247
3389 7638 9943
17871 30233 28732
39390 25292 29473
22249 3851 24932
24074 7134 35727
3691 25585 34457
7483 15589 1884
33453 24215 22329
20633 16571 19153
16373 36930 22991
27859 20088 23266
3481 12269 34560
13362 20869 36529
4241 39676 25146
4382 21374 3809
21036 1780 32599
32374 22367 12135
9583 34760 16057
5422 34120 23616
26753 58 2013
17698 29626 12292
13388 17199 6422
11199 6111 4267
19673 6893 14646
32121 30796 1358
1106 11426 35673
16114 25024 29108
35914 25392 33312
16455 34713 28975
21009 39899 37171
1249 35066 38365
25230 24464 29304
4744 4131 35985
27807 4648 18698
34325 11631 36218
22578 16989 32917
32880 26041 14414
30042 273 7086
31258 33068 26428
35808 20830 26695
16140 10338 25291
20160 13015 28895
4347 33582 12625
32852 9765 26933
19151 18862 22508
8240 2853 39296
31697 35258 16944
15200 8969 14170
10031 34079 6186
33225 7052 8036
34559 17440 31289
30309 14010 13987
23030 29441 28297
37348 35310 36220
16961 2453 12545
18455 8823 750
32221 13387 38062
1911 10373 11170
18986 4786 29812
37619 32035 6825
38490 24952 34133
11663 5445 34061
27508 39510 16923
16199 16829 35276
5060 23407 13608
16370 28708 12826
37050 7004 24710
34534 38582 25662
6804 21587 16947
29400 20866 16315
21001 1344 6283
11759 12005 22537
22932 32048 8828
5581 18220 24007
2333 10396 29749
6401 24222 34945
38620 7307 10744
25133 35139 20774
27183 21955 29185
11718 7465 39743
13631 17613 1761
14404 39811 25311
31347 2688 7497
10657 21527 22590
37901 17747 32747
23815 10982 14600
25256 1590 30156
39806 36279 36119
17210 15006 31132
3131 13102 27409
24080 38875 20174
6140 17453 15719
12517 7386 21827
5674 18890 29237
14792 34587 4065
5697 31403 11074
31867 30421 31433
28676 19737 27463
12089 21326 24014
5346 38338 19930
14594 17862 18540
4065 12626 221
6771 13341 31253
4021 23192 36729
39930 28223 32275
25560 21581 32419
23907 27071 23320
35070 3269 6560
32934 30393 34883
16580 20643 36423
39651 24660 37087
1467 27905 1859
11057 4035 38775
18971 23736 14341
18616 3939 6589
24532 14012 3947
19892 4111 8341
8436 32610 7894
15585 29630 17880
37610 26520 28526
18269 26144 22085
19612 19178 7810
1554 33399 8142
18882 10684 39445
20530 21916 30565
16923 26807 39815
20168 5062 7163
33495 28871 6355
3259 14130 32
6865 14930 39084
36094 38465 27616
19074 29612 14439
23302 31920 7780
17328 7053 24559
33989 36223 29734
4687 35492 11350
31500 1516 11513
27997 10693 9872
12794 35090 4488
20837 28486 5774
4537 34581 20791
24688 32016 39744
18650 39848 28887
8217 16635 15778
16018 21726 18137
34828 24312 29170
13624 30022 14176
31256 8214 15973
27447 5070 10869
23524 26478 8388
35991 24488 22320
30391 22088 7023
19985 37039 31957
6484 20994 18577
33306 19713 14336
33441 15225 16753
9550 36056 39591
15328 4631 15198
23328 3858 31669
35493 1083 37117
36111 10273 11864
28181 25052 20263
20597 37042 11847
17697 32 12831
7083 25516 29511
31937 13309 22286
16747 4962 39369
4567 13555 18265
16661 16211 3805
32792 18018 31017
4879 39122 9488
30227 30220 24455
34785 8570 37186
21421 18582 34541
9855 11132 16437
32318 10948 36630
1196 17465 35122
33746 25487 15490
18465 38692 28094
15306 15376 17386
21922 7149 28598
5845 39382 14827
3383 24946 30242
14146 21938 20
23906 36516 4919
16800 27845 858
6294 12085 34161
26677 11730 2998
26500 16620 38069
9589 14838 25815
38461 5565 858
25927 33716 28604
12291 1792 34589
13195 25411 18260
14666 28060 11151
27933 36235 10431
3454 32854 36033
11857 22064 27030
35152 24129 6028
39595 13618 34304
24417 2255 7977
9093 23662 7369
19597 24058 11261
14563 17219 20486
11753 23939 20686
7608 28097 9641
13567 23308 69
14212 17288 34398
9293 13425 22383
32296 38089 17361
32286 33209 16355
5573 2391 26741
26305 27785 25988
35011 11942 37994
22508 4311 440
16037 23554 35740
31068 14814 22360
28221 22973 31866
33905 1232 1516
16921 12019 17439
7074 27507 3323
25237 29344 10382
18443 23682 21239
35929 15198 12299
28196 9512 20956
27633 22675 39821
14825 29436 25092
21135 35352 35523
4363 10186 26302
39963 29105 13283
29473 23514 23865
19877 4174 15174
2429 15869 37001
34335 18485 37902
19551 37958 34329
4082 39512 37001
30047 27471 37257
12556 30750 5009
837 38293 15379
3401 13747 10291
14720 27042 18747
39244 34930 35579
1627 17602 13916
38566 19990 32386
33119 23421 12171
4201 31595 5467
34339 3346 25663
8766 8548 28608
23308 6647 31011
24485 6264 27595
9110 4045 30398
20074 26247 20714
38386 15689 31845
35772 36194 5278
38453 7900 37208
30008 28453 6246
11325 27768 10177
3521 8152 22255
16767 6541 36787
27990 39668 12647
20126 25188 18858
923 2317 12304
201 9127 38428
35811 24753 35240
6387 18808 11690
4324 12741 13972
21811 5555 33138
34204 26231 24394
29965 14263 39965
8677 22199 39873
11070 12881 362
19816 22706 10963
34130 37735 13059
34872 35925 10461
36227 32442 9268
14665 21178 17164
7113 19300 35511
3267 25328 13211
15943 34977 39491
38504 6532 31678
23293 36492 12484
533 17088 32747
31347 12712 21745
12484 23163 29585
19137 8715 26527
32615 30599 19620
2855 23369 38665
638 39734 29578
38426 15690 13303
17593 33949 21527
3382 36939 22951
6284 5323 4071
36291 22529 10993
21774 24783 31098
4788 33574 19779
21440 10185 24417
30034 12318 28663
28878 23144 27829
15667 17788 39188
33084 11147 30598
3136 28888 28536
35776 23451 12116
10774 38525 6231
7933 24239 2362
38542 7453 13811
11242 27199 16274
2948 9438 27959
18313 2926 17680
4555 9948 35636
25101 34114 11078
15173 19198 35023
24447 11534 29585
4539 16825 4969
25801 28321 14133
37746 10974 13587
27586 10938 23633
22619 36755 23957
22865 28379 14460
31503 13635 32470
37257 8507 29298
9735 13435 35371
36179 23151 28512
14587 19251 10093
32654 30536 25983
27141 34875 11647
37680 28547 14396
27727 34513 31480
280 18496 29038
35747 35144 34973
11099 5612 35470
35725 13662 2441
1199 33152 28730
8451 38159 17925
4120 32467 8871
22968 15636 17638
36133 12247 10466
23360 27936 35702
29916 26684 31029
17865 1001 31345
7620 23647 29131
34481 5121 3438
6148 21419 13111
38601 24358 2992
15583 2222 10230
29075 21273 28091
38716 13225 15749
35393 20714 31023
4865 23665 29351
17227 767 12531
2102 32811 7553
34710 12744 24970
24180 3490 24922
24785 5030 5320
39244 37210 5926
15355 28096 38543
3639 36120 35563
25649 2672 2304
13627 2613 17011
18118 3301 2312
30152 4164 4298
500 21 18632
3269 17242 24828
8620 25428 10719
39505 20803 36640
30820 35702 34223
8810 36269 28374
35856 26260 33059
3130 33367 1674
25396 9227 39160
24139 23576 37925
7422 28632 8751
11539 31224 31991
32902 17261 16657
33828 30713 3659
10750 18517 29106
13541 3728 20648
2383 12617 12777
30188 3490 13687
7115 30153 10450
5404 24908 21453
28190 28713 19686
36883 16706 16720
14954 10194 22962
25627 19733 34687
1603 22505 9851
25504 26537 22469
9056 27631 30875
20836 3622 23719
6419 17595 11616
22125 9841 19195
36932 25502 15615
39658 24063 14449
13200 30431 27811
22601 25857 12890
35196 19610 32417
11517 24640 11957
6573 32619 28644
6705 7476 36668
25803 1272 23513
4378 1177 1003
39671 14779 15974
7667 35231 32955
4111 29925 19324
16469 6822 6161
22616 5245 27081
4584 11767 1118
19280 25543 1633
38187 27744 3364
30590 164 30621
1812 3801 20007
10876 36150 27143
30448 15030 12672
20193 39919 20888
31332 25068 38085
15479 21406 38426
12506 34689 12061
15593 32989 27887
3851 34666 7641
14551 9403 15452
19825 14814 38702
25207 18424 34507
9666 5380 3183
37302 4280 10537
7324 14431 19040
5507 14083 411
14563 6892 20868
28072 36077 26268
13840 26146 39157
29931 29001 36943
30058 8628 28150
14164 5947 16982
16480 13195 8067
6868 6987 16940
6288 1564 18900
20264 31695 27301
33124 13716 5077
15153 36238 17922
1420 10290 10059
34988 27512 30921
39311 14346 38821
16681 37511 8259
36847 10266 28338
32831 37038 33562
10329 15579 7932
14045 33708 19510
10723 2165 19131
6440 29160 35342
21709 23315 33006
1936 30753 27089
457 38311 36479
4941 5152 25183
6841 16238 28094
22248 23299 21229
33653 13049 21932
1671 15535 11729
10488 11214 23250
36057 16668 29467
28879 11494 9238
21022 17416 29018
4390 7318 11996
20586 13420 13403
24464 26362 10271
9241 12763 10340
8615 3287 5454
38679 28377 31029
6686 7836 14413
5557 10767 32500
23772 12847 9983
21854 18171 25512
2061 22837 36527
37886 35492 21045
36460 4794 4647
29918 20494 24776
14971 16305 8307
15746 1451 6423
7347 39336 34300
22497 7933 28460
5519 29994 8399
17962 17964 32985
38929 19573 17328
28483 17615 30029
30422 15597 35089
19116 11227 24239
1113 24959 22609
27571 14393 16434
6338 12317 12686
28452 36991 32837
13212 10618 28868
26143 3272 24591
37449 16572 27180
4681 1768 10153
13530 25927 11621
37877 19633 4726
19999 37137 6549
22211 34450 35919
1294 9451 15814
1101 33215 39406
13656 10347 16768
18849 28195 34103
9755 37987 651
14378 28576 32936
4966 4108 31717
14449 8519 37042
24862 39580 22759
34280 16468 25175
10738 24169 14533
37424 13228 33547
39833 17288 17214
27256 20156 11879
16033 18454 31068
14505 24678 9544
8577 13333 31455
1230 17476 22542
15917 28296 34093
13218 6055 22680
28461 15744 10980
30244 35316 29958
3686 26874 24496
22713 3491 32079
36772 7630 29361
37984 27232 38181
1549 26042 27298
19477 38792 6292
29257 20450 34766
23258 3954 5771
21140 13509 23601
8064 6045 33829
24814 6193 29482
33856 27481 4482
33724 35925 23499
36571 7495 27897
35707 32219 2485
19875 39577 4460
13011 19523 33290
8113 28124 27788
4097 36636 36128
33747 22967 22301
4753 33103 6214
6389 32170 35008
36520 5993 1405
29741 38598 26705
6615 36101 28352
1423 20305 31271
14521 24477 16374
9469 33691 24320
36172 37763 17582
19353 10177 33510
2448 9562 22068
20423 6482 32214
23132 286 37871
30960 25305 32444
29034 5557 27349
8105 39491 38598
6231 8491 29333
29486 28964 4520
7183 24466 10066
33123 12557 35206
810 27618 7570
29692 23545 24432
6692 35927 20787
5886 30212 15710
21573 8101 3913
30028 18998 36935
12184 14723 22904
5459 31810 31777
2449 1127 35194
1067 12129 17295
16497 23975 20559
23787 24848 34694
20564 303 24914
34749 1828 34885
4923 20788 116
26701 4792 29719
38700 12484 31828
22027 37227 32770
31573 12539 27825
12573 15153 38160
18542 33003 3504
33407 32164 10469
27743 36092 7227
15336 33070 15884
4513 29461 34727
23608 5467 35863
21963 18141 34413
34116 1739 17313
11298 35229 29152
13504 2489 14448
19975 37764 30124
16157 2268 16659
34974 11445 37266
12386 26144 6462
2701 39431 24095
19667 23196 17709
32878 10600 5846
13601 4716 11756
18768 21833 33170
2887 17336 21171
22235 30530 36881
23755 32912 710
28171 39527 17071
14397 22590 22205
36023 25813 10243
37492 35027 20131
35439 22231 36193
23204 17069 33638
26077 33886 9015
26823 11118 4837
18609 14362 36237
6457 30626 26858
1422 19725 14159
35518 31437 17314
5494 10384 38966
39954 20132 11157
37872 17897 20467
1531 27303 21998
6244 35377 6004
11327 30869 4639
15020 36506 13087
15159 34242 12856
4302 16227 13465
30227 23869 3422
3243 28873 12110
12447 24143 17177
18500 28975 25706
15369 34749 33244
20084 21162 37838
38470 20006 628
27325 150 24893
33483 26069 8719
2158 39779 39146
37564 22246 36031
30826 7433 17532
30164 17435 26478
7542 33997 2806
1670 37237 872
13920 22846 33214
17661 34689 1384
14437 14175 5507
25967 6552 26011
7977 29989 2565
37085 30025 5113
34473 12466 23656
5060 18039 3241
31856 32578 22561
26066 9360 21981
16453 28776 38256
19365 10167 13707
24720 11101 38695
741 60 1455
16175 1775 1198
3071 12796 37068
10880 1948 14934
3795 22667 19475
37325 26410 2210
7006 28674 1805
14884 33338 6415
16430 15490 12182
12692 13623 13838
22503 21407 32875
5627 30168 21175
426 33783 12895
33349 28307 12194
8747 37088 516
681 12345 38067
7292 7556 25542
39885 9634 14216
12831 22277 14175
10089 5332 25928
2598 37392 31179
14081 28243 2133
22960 22691 32625
9241 20362 11990
2838 3011 39081
3643 36777 6165
28412 34718 24388
18538 34495 311
18868 30286 10321
21981 35805 26234
1955 29832 5371
19562 10509 29825
23363 3869 23034
25192 12712 13993
20868 31010 19961
1208 8475 13277
13095 19683 4190
11713 4645 17001
34444 10612 5032
31052 3604 14538
13198 4552 29896
20360 13978 29552
38512 33043 21277
30440 11259 16890
32242 6457 31568
30173 32416 6676
32003 6392 33634
27238 4772 2192
5890 13780 4337
36024 10721 15060
13355 33152 13012
28903 12038 16955
6377 14775 21689
11500 31495 10440
24374 8205 36211
29214 16756 36347
31087 33580 19175
38785 36221 26804
26513 32319 9729
33792 23858 19702
3588 25851 1435
31347 28501 23276
8609 23446 1417
29072 37676 17598
33188 32660 29807
37268 14736 35500
38194 34352 31946
27283 13707 16235
20444 22815 6059
22338 6724 3200
23316 37795 22580
11349 32616 408
18931 22378 27997
26189 1057 21458
31373 37311 28631
24478 22442 899
26477 2551 30863
2737 36245 4125
34353 17003 8484
11964 13492 15245
10161 36456 15578
12531 12246 37494
16022 20641 25876
8694 5759 11027
1619 3664 17056
39522 1798 39546
1644 19792 39405
29971 11087 1584
32820 32095 38623
9717 505 22368
15345 38421 5611
32717 28104 1497
21645 1457 37161
24900 17114 17827
6730 6557 23235
29022 33960 12763
32724 12796 6584
36461 39540 12372
29813 17955 17291
19884 27672 28348
26302 13213 32678
34764 149 10370
29859 23178 11326
19100 4388 26868
14699 28422 13570
37279 8342 30159
37034 29663 18660
4601 17362 1998
4455 24333 16646
23485 35262 30489
37728 7989 27864
34952 36310 23144
14677 34460 1966
29625 13965 17418
31372 3365 19689
14961 29228 33740
36463 17209 31978
8096 9372 39556
5246 33705 39210
39508 1734 25842
24177 24953 32572
1364 31018 39157
4423 33756 30222
13294 32173 29851
15901 1230 10213
5067 17402 17851
38666 27289 33587
14702 32748 23444
14623 34546 5057
30704 9760 23931
10169 5174 2824
21601 17263 23436
13400 21623 22715
25628 1124 33228
22372 18596 32210
37694 15283 1242
26753 30965 739
32634 8774 24515
23348 12141 25681
30358 13150 27607
22574 25368 17891
37118 19496 34468
16445 11218 10568
36900 30583 11613
7739 31819 23448
19464 913 2220
35833 11143 33506
37301 23096 15010
10635 204 11269
33761 32790 10821
31066 20756 5111
36733 34695 31612
4147 12758 26603
37209 34780 7951
38911 38353 35895
34686 19532 20602
38014 38573 12029
31172 15040 7631
25359 21638 18470
14685 26852 26019
27602 3730 33015
16153 16416 30143
8746 22054 30158
13963 316 8983
17464 39947 30358
35630 4924 25082
19588 39471 13436
9557 7041 37767
19969 7254 28970
23066 7868 32010
10773 27495 23209
12817 20795 26330
7501 30578 29008
8367 3742 18009
22452 4030 37057
5550 14785 18663
22573 28242 23941
29082 36975 3640
13514 7939 19144
14814 15312 24337
5297 14247 32988
16930 26559 35287
35369 12557 31840
32746 14717 15819
17413 593 38487
3714 21338 34314
7172 36272 33904
28443 7185 7920
28668 21226 34203
22828 7993 1916
32258 35232 8232
39880 10492 1990
21176 22967 37638
15972 18496 34043
33716 24238 18408
22025 25706 26008
22568 4532 37155
10237 6120 28007
8622 20517 21063
18751 7930 36086
11064 23043 32774
15610 25222 37185
22202 19209 18616
5510 36692 15827
31567 1657 31355
11084 6700 18900
32752 2740 39694
8256 33634 386
34682 37261 2976
5228 22259 12427
20649 27158 32489
6280 16415 29013
6766 9125 9818
19742 29283 4503
25625 5839 16049
6456 13780 6682
24307 33159 3949
4810 9841 15106
13828 30067 25352
21023 23913 27259
10853 37922 19949
19390 6896 12445
4625 33250 12613
26058 24864 19001
25629 11262 4697
12108 8139 18571
5444 23434 19491
27509 2917 37325
8629 3854 23758
2757 21175 1457
20559 4291 22592
16983 32905 35748
8817 20569 13537
13592 4462 770
36432 26702 10250
10256 12054 31038
13697 18696 10062
8018 7902 115
24605 33650 16125
30904 12228 22699
10795 22871 14230
30203 16105 25536
36419 6651 33616
39886 9746 36841
38606 24035 15789
29841 3534 29856
20054 14232 34934
7425 14840 2149
21322 27540 6488
33836 814 6676
16234 10328 14536
11110 13440 9493
19524 35887 14557
11767 7729 10064
19816 22346 29512
9919 14524 32439
23501 34947 28188
13391 5134 17739
16388 35383 11337
32236 31962 38449
5419 5110 3524
30787 11698 22193
29267 2501 19827
24057 32028 22988
6776 9715 1000
12143 11457 6891
36033 6450 39787
32396 39853 26775
2543 32571 28151
26493 20865 9360
38312 28530 16280
1073 33877 22749
205 21901 1682
8641 31197 31346
11012 10543 4873
16780 32980 19915
285 33275 9344
30264 36173 36623
35595 16483 8762
14819 7509 2409
37780 21651 18629
35430 5530 39259
37538 7515 35710
25421 8001 35003
37028 9007 29529
1106 9928 28143
12594 29906 7678
14979 7484 11196
29013 11553 23036
23784 37013 5976
26401 9265 36264
2826 37493 20543
11285 38022 14127
36658 28455 37126
29605 24743 34604
9986 10590 15403
39321 7470 7814
36538 26507 3799
4411 17330 8808
3605 35972 29721
23268 13550 16097
24647 13216 1736
13309 37618 37932
24840 19648 23572
25005 34059 19009
27195 18842 32959
30873 12525 34144
17696 31058 15733
19622 32587 32831
29710 4971 256
13797 4715 25354
36281 31831 9377
8608 2209 12511
12146 16324 3059
28568 11703 22325
11312 23321 20585
14226 27772 9356
37132 24898 25366
24476 24248 32307
7346 18828 34821
11840 19509 30117
12498 13996 12620
22536 29426 4555
31082 15969 25204
23936 2972 34812
39502 15905 38410
