3300000 1000
17670 34421 19871
1441 29100 7847
156 37590 31930
7250 3318 28535
15410 24344 2890
29192 8050 3363
20755 27647 20485
23382 14800 6327
29973 27093 5124
26509 12415 19885
33303 1819 16767
25250 21850 21839
14410 14676 39400
17575 35131 653
8296 5899 20517
20265 5806 2246
10375 25378 9217
22882 18717 24888
26679 24992 19667
20089 25405 3537
15061 20978 1971
30292 24641 38322
24564 32301 30078
12471 39155 27197
34726 9336 9280
20708 35423 5838
15274 33136 5191
25280 10239 9920
17677 26794 35439
31097 5789 8648
14543 5668 7283
8868 3897 16291
10129 35482 4432
16206 1611 35333
19809 13807 18112
17608 12261 30933
34531 17467 22115
11225 8311 3823
15282 16811 4569
5216 32860 4055
12087 4662 34463
9178 25759 24312
38029 37531 21234
38990 21075 5320
31671 36401 4054
23694 6539 1521
25721 24436 34870
28130 6715 6741
35098 36324 32446
14392 35333 36750
23778 32014 35621
7031 35088 26183
2587 25056 17427
33169 34728 18561
38304 20142 31044
5294 1462 13552
22669 37030 27296
39380 34780 16312
18328 11641 36532
35091 26054 30139
33556 2920 34469
17456 34860 30142
4679 27070 6124
1298 35695 21912
14263 26600 39516
7123 12022 29682
3429 31017 202
7964 24191 16905
39641 39730 34780
19672 31049 1903
36142 2376 21067
18723 27850 29971
3471 21311 37415
2581 28821 32256
26373 32132 20452
14134 4970 1869
18835 31600 32199
18955 2692 26567
39738 35302 21873
19331 39021 20038
39262 24685 19803
7987 23662 32242
1779 26635 20690
16304 20053 1822
2140 4064 15609
27434 31090 7521
34415 12974 477
15069 18496 25325
6337 10330 4660
5633 33383 15519
17837 10392 10678
11520 3377 12240
8385 32008 34181
37675 19962 16515
21236 30063 20227
25125 33455 9629
20773 38682 15246
11723 22489 28459
13237 7584 17348
33162 36369 3308
12417 3706 35650
14370 15190 16157
10963 39410 5127
25436 20452 17863
17929 31405 16361
5978 34319 22788
21835 26353 27009
3288 10476 13368
21131 16400 13256
28218 36946 21898
26487 35708 15424
7496 19534 31030
33856 2616 16614
21871 27078 6751
33908 17908 28997
6369 24023 4084
39556 30319 26673
39611 35595 25293
14124 24265 12727
19135 12062 30223
11885 9039 20039
5765 34283 18494
8375 18027 32570
30469 32717 15386
26304 5190 410
3205 10930 21268
39907 18641 5222
15067 19525 11791
19910 22126 33715
36946 27425 14124
35547 36402 10715
32589 15719 16987
5957 8334 15136
21266 9607 31799
11244 9350 33722
20806 10616 32719
27218 21562 18737
27077 24696 4221
39595 23423 32182
37998 34661 29287
14348 10635 9892
34167 11103 6712
23227 27282 14545
21806 18668 32769
20652 16259 26729
8520 3255 26065
8179 26981 25771
31174 24356 11364
30592 13640 23496
30306 19488 32450
26341 33372 2109
19152 3611 11314
21950 24899 25190
7742 2260 9489
19585 2315 21227
9564 28197 15348
18493 18589 31920
19867 27072 32429
2592 35266 9728
1456 6334 12361
19015 37022 13719
8453 12600 33903
18149 19193 5627
1251 10893 6579
14674 14315 14722
20933 28490 12791
25799 31 29198
34269 37585 39494
16086 36771 13066
17651 26812 21225
21362 9034 1839
10806 3360 19957
22720 2909 21671
30493 33242 6155
9044 16389 27471
2928 35667 10882
24077 18760 6384
7515 4655 709
15483 29241 32560
11739 22022 38155
24314 14311 136
4793 8540 38589
31332 15426 6811
7500 18691 20788
21791 1712 25053
903 27598 36501
4119 38423 19958
27458 36359 30461
24164 27273 14867
19784 8850 9546
37751 26077 31164
5471 32997 2792
38739 31655 23750
19070 16075 22066
31967 15505 38927
13574 28303 30607
10388 31884 18484
5783 3467 13018
35374 30104 24496
30046 38779 21128
38720 10147 3266
39871 20231 24963
4651 17838 36375
18346 20971 32446
22229 3266 18461
33481 557 4289
3916 28783 38373
33035 6477 9558
5327 9732 2825
17538 15321 18934
12953 2125 33790
9564 9930 2563
11103 26569 11839
32092 10412 2680
38070 1047 9212
25009 17571 6895
15933 26580 14520
4540 30661 7237
16262 31017 6983
22452 6013 2894
35233 3207 10575
11754 14609 37159
39155 31422 10696
26724 14342 29960
26007 34758 5324
14171 3590 30065
4243 37655 34756
9203 35576 34507
35768 17262 22531
23780 14453 15901
17454 30479 4813
13764 9347 24243
18301 7352 17763
8964 9989 6728
13474 17606 14747
34503 3216 39903
29365 34743 39891
19350 29060 852
18928 558 27713
5498 14888 35161
7839 30259 26687
19931 22176 38433
38872 2428 11908
34756 26939 28329
29660 3497 31225
12585 18876 23536
39207 38775 16078
15736 19141 21056
18884 35689 35331
10810 14757 30237
19417 30430 35593
22956 33812 27908
35552 1170 34929
15642 7724 12927
35682 28929 3599
39612 27821 14469
7422 34165 13620
19830 9429 9895
34255 11303 36357
2471 5205 31107
13160 5132 20538
27079 31733 7546
37650 10271 12815
39820 29620 34209
17016 5597 6074
15648 23906 23795
27108 29102 31718
37321 5404 35378
4366 16312 15508
5666 13580 29761
13899 7068 2638
14201 16175 11879
28649 20689 25629
30337 29938 27777
33668 22116 2092
17745 3047 35610
24027 10692 13184
8569 14711 27617
37954 34494 18812
38495 11000 9090
16222 5676 7753
33115 23322 39194
24156 22674 38376
807 34520 11260
5453 34215 11076
15223 8652 23056
28686 18371 12284
27426 27559 8314
21301 18289 23051
7917 4452 23440
7838 18205 8191
24668 31154 11923
10642 29794 25445
20124 31223 3758
16680 28965 4771
39025 29594 14127
38237 25550 24658
32046 19915 19457
30268 30916 31781
18668 35674 13589
8970 35392 32876
22022 38257 30596
8043 29911 33592
7941 4143 15131
37464 28570 17136
3792 37818 19155
37993 26207 20962
21246 39192 39089
35978 28629 26914
10667 18058 5191
32468 31688 11826
2721 1989 4370
19770 34137 31575
26941 38225 16887
668 22560 30033
27361 32405 16336
11796 13313 1045
20443 12000 19669
38532 35294 16637
10642 7103 30212
35560 27766 35549
23963 11488 34217
5261 39316 12189
2831 31067 36503
19936 24237 25361
37953 21093 38005
34874 22011 17526
1583 24962 9656
11994 19590 10233
15755 34154 941
17718 27170 36291
14956 18200 803
15127 21067 13544
6561 12062 27353
12506 11067 28267
8089 36082 29585
12441 17482 6084
7908 7140 10834
4051 5513 14867
12166 34587 4042
34707 21912 25835
16345 39328 23710
15913 27058 14492
8379 28089 36044
38658 36652 25401
36027 7796 33393
12708 29861 25200
5141 15574 24862
27105 20316 21614
31779 21330 73
15055 35632 1469
18505 18369 31102
4226 38847 1078
6557 20595 26861
29798 9001 23500
33084 8731 16108
38720 38696 22921
31248 23342 30282
3221 3583 2738
20483 13814 10457
10712 32962 24249
29969 17324 563
14878 2085 11053
35205 15840 27255
8096 3093 4242
20941 1856 21820
32293 34146 17298
24050 10182 21414
36503 605 7140
16793 19803 31994
16847 15231 16747
8231 7036 9473
23780 2762 26277
38752 30501 33186
32141 37654 16742
13736 2657 6475
17186 38369 38906
36657 1392 25667
9472 12092 20272
25921 33192 31105
8544 23221 18973
4970 8846 7977
37309 32724 21416
14786 24826 26501
33455 35210 15457
33037 17098 14553
13303 9720 18487
19550 18495 13676
3036 783 30745
3494 39420 2603
28293 39244 11973
6312 24900 15598
965 12223 22943
23645 20989 38288
34625 1064 3342
10034 17471 2160
2384 7963 21496
2087 5186 5289
2904 18217 24475
37515 35446 4214
6719 29775 33565
5772 9421 13512
34088 35549 13397
21019 33351 31218
3367 19494 22430
9436 7815 16206
17996 30802 4604
34596 25417 29164
26695 20212 38120
10811 17457 27625
20860 4931 17533
38944 26583 22230
701 4743 5997
34189 129 3762
13464 21542 30122
28602 10869 28085
38876 6098 6635
20488 9490 21351
15180 10524 7627
2419 20883 5429
2338 13343 15629
286 21755 8083
38165 2941 34585
8155 22904 26514
11021 21047 29495
27724 28361 5759
10090 7688 28563
5425 24641 7719
32085 24537 5926
24970 38737 15707
14462 33325 1521
11680 34063 4573
33276 29147 16380
12247 25189 21111
32363 21759 17790
20895 6407 35770
2698 26537 865
15144 33071 31584
32049 25537 7626
9516 26747 23179
17053 21664 3405
22837 30691 14560
21605 10195 4229
45 30511 4983
32677 5903 19947
1000 36567 18590
37293 13698 26863
3052 16254 18474
10677 38290 32992
20203 39285 14358
3759 29554 31731
37110 32867 27810
20860 22932 24498
23445 36632 28285
15058 5680 29980
34967 5276 36770
5212 23463 24460
25849 22333 35517
5541 23585 15399
24572 26546 30201
35802 39306 39014
18643 11928 4112
30565 4936 34560
16558 30748 10486
18811 29887 28171
35608 13967 21764
6563 30976 15313
14831 23241 39347
7671 17678 33082
35681 31628 35474
22794 31295 11516
36476 23429 4419
271 12515 38838
30524 38259 19684
16901 36875 32049
18214 10107 31233
31682 15752 2914
27287 8123 35818
19400 30468 7587
27157 4962 5247
31781 18056 4556
25681 5216 10784
9326 15061 19292
31522 27451 4303
23512 15080 22611
22823 3775 17127
1672 23233 19960
21145 32446 25594
3292 12555 9260
1280 10819 38725
21375 35150 2359
1809 1629 15427
21514 6762 29702
4254 36292 33794
7319 88 37044
19376 38313 19294
29095 38645 29846
37866 375 30697
30043 32829 35195
22343 33433 27003
24092 11666 38710
26786 71 39778
30561 34472 27390
24590 36978 37041
26442 10359 19695
26986 10507 17839
11499 30661 33455
4933 27976 11601
129 12334 8094
15733 3929 14354
15028 35657 18674
31024 33707 9104
27416 30574 30715
10454 29376 25665
34132 30307 7154
25333 15334 4761
29985 2073 18940
20079 27419 32907
5059 2698 37339
1756 20521 13621
4732 19295 20641
61 16520 4563
8131 34092 18351
39210 29391 37792
31443 38453 34258
22534 36224 30511
1697 33400 1657
5411 37378 6833
36909 37754 38507
23209 39689 6117
33570 25938 19367
37155 23939 22253
7140 28335 30240
2313 39631 7882
5122 26009 15292
19168 19790 1713
24633 36250 18499
11421 22616 30399
36640 19230 3819
19079 39779 37122
16398 35326 37867
30622 16862 39314
12031 37419 648
17017 36647 7611
38716 27457 34616
24854 8639 38261
6638 15221 22432
38441 32113 2842
20546 6563 27578
8394 31256 550
8911 29865 36400
6428 20074 9968
5286 26847 19960
39437 27641 13668
27325 8343 25594
17028 14100 22763
23200 18088 5972
16104 28345 17
14671 29253 14907
386 35956 14090
9977 19338 29204
36529 16177 26418
34049 23770 27458
39679 31506 27685
2682 11684 17476
14000 22797 29703
6203 36717 11491
25454 32934 34974
6920 3142 7552
17968 36167 22736
38578 15089 400
30952 12565 8880
8278 28148 4182
28080 2166 10981
26355 39112 18257
8749 26082 34842
13114 31869 26768
24494 17099 24505
16518 1002 29394
19451 9448 36912
33705 34049 3480
35092 28515 20212
35959 15544 23266
39254 21067 3014
18502 23239 24508
36170 18560 2163
21305 12330 19140
17755 13432 4674
38237 31679 36378
30304 11290 22053
19884 2073 12710
34249 1418 16966
11958 31266 3102
33695 32219 25932
12998 18994 13815
20630 26132 3519
5772 16170 33647
14323 20400 22997
23318 20927 33821
21939 9989 28949
17381 24504 16240
17087 10690 23005
32364 39707 1739
36453 24429 34039
37251 9738 36970
37445 24780 2953
14045 31675 7801
12423 36646 18506
2433 22558 5199
26744 24718 18953
26602 3356 25013
32488 31767 25398
8385 4847 28834
38312 5096 36913
38793 20821 17183
21125 36570 9941
18569 39506 26235
2002 18634 14333
31812 18562 28859
22123 37126 25281
13878 9141 751
23434 25872 17192
28997 32785 7590
31925 3152 26369
7632 2172 597
5133 28403 31407
11964 24501 38771
998 36563 4183
38277 9023 32043
9647 1762 4912
11232 6125 37975
39787 5239 2290
33401 4780 23072
9638 7031 26082
4378 21560 5640
23096 14197 35123
24643 37822 20403
1274 11533 16697
7112 38688 12588
12355 20097 2022
5050 28192 9537
6226 23350 31967
36389 15848 35829
16746 22345 32776
6902 31274 19172
30243 1362 5721
11855 17627 24530
7013 39907 13623
11867 9726 39807
29823 10948 2365
20137 23034 34376
29808 25036 33154
31703 39174 33375
17281 11207 31892
19047 19722 6055
38145 27730 7638
12084 18580 4484
22233 19941 22552
37808 20224 8417
33962 34140 25674
20049 1311 27974
27264 29903 35348
17445 18066 8317
24531 27912 29584
19123 39070 11547
7937 9744 31644
25545 22628 2161
9821 14075 23937
28608 7244 22589
4586 10148 16240
7810 14035 8342
18846 10750 9611
19412 24383 37873
16406 25326 11002
6276 16489 23357
24382 33164 37442
22579 21613 7403
5345 25230 28776
29845 30118 10919
34867 9648 16392
551 20293 25365
8879 10264 1903
34356 19248 33305
30054 37204 23715
38572 11951 18039
6113 34858 34534
19867 36639 26646
1962 33693 4898
13006 31912 38777
17054 29341 38595
10348 16623 26606
32349 25978 3763
19227 2181 5836
16514 13476 25021
19889 28362 1276
3750 37125 20236
14844 36426 8047
24109 28603 12806
33412 15290 6965
22290 39881 14267
17447 21551 11349
6386 38781 31980
19349 24817 2275
1172 30697 34325
32440 18999 23084
32098 33057 13331
25938 23612 14586
5727 22250 11968
37222 32949 9474
38781 7559 24346
23785 31251 20617
2155 13583 10342
9561 10149 38857
39742 28916 80
18033 638 26202
29833 4971 1982
25889 18731 31810
2440 38821 8025
5552 25068 861
15467 2620 4736
8073 10291 16062
1080 28231 25387
21630 2077 2885
7100 37435 31917
23377 36461 2311
21904 33741 11686
2063 15666 28926
22688 2873 30273
11395 28844 10854
18117 20898 18908
10327 13078 2494
3730 27627 31807
8357 32355 16134
22318 16710 35559
6094 6868 5760
7392 18383 22047
23061 31236 35582
29009 1213 4776
10843 30269 6423
14603 34927 32414
23226 23485 27829
660 14250 14890
39829 23932 35814
39431 18635 20714
23774 27416 38823
11014 130 19483
9645 13376 5622
33813 32348 561
1506 6454 25932
33936 14245 18667
22320 28493 33001
6657 22524 12109
33553 14833 27552
24707 30032 1228
23089 32488 7251
25732 38377 28310
13278 3668 31173
24774 6389 39309
32973 16612 7728
14782 11376 1868
13042 20224 2957
16740 23795 23451
37646 39126 15736
32216 27823 39336
29796 23013 5085
16761 23785 36574
15609 38362 36887
38462 35067 21958
20501 737 29043
27712 31661 4469
10091 28040 36992
30013 21481 38393
13659 11841 22033
13314 27938 1750
13862 22783 19689
24389 1521 4211
28578 31707 15226
17700 25776 25421
38067 33939 10970
19845 33013 3863
37979 3981 5537
37013 15510 10775
36649 18974 8294
20966 7399 36517
9748 733 36267
33883 9890 3234
20690 30185 29764
14639 38737 33481
19566 18485 2321
28034 27592 32685
17205 32126 2047
36476 3767 35785
5493 37249 19632
3176 9368 15231
4406 1172 13008
8098 13407 24530
2002 9008 22820
27952 33874 19405
37345 36830 36757
21866 14777 23782
39588 19532 23639
25609 4764 1013
9679 18424 23715
9009 7906 33004
37109 39614 20832
37090 4636 18840
21672 34934 33790
7393 75 34715
18832 5418 22159
6709 3177 16417
1488 13523 31217
37335 22976 29452
11704 14123 28110
7093 35747 2968
23589 36412 18177
729 34763 39332
14139 8245 9386
27485 11818 36074
7020 1407 25219
12346 703 15203
38253 25356 38776
9310 14899 38529
27923 39963 38357
11669 31833 33300
17849 22253 8986
32045 29567 9091
24602 26029 25906
554 7048 17625
4762 26304 36073
27951 20590 112
30612 17916 22950
37665 2966 38106
34479 35903 24821
13450 39672 7396
5330 26346 37290
17570 30376 35282
18612 31727 15857
20945 19843 2030
19367 21567 977
13846 17895 38655
38421 32577 30706
27668 16472 36243
6030 27100 5992
24773 28874 6572
11109 4493 28190
1994 38200 13868
37104 11329 13732
22355 24627 38821
36788 34803 39018
35491 3092 33952
26763 35908 2812
8225 7358 20478
9095 7382 35204
19063 28578 262
37429 33431 3168
18437 8866 16584
24105 11518 34457
20557 25747 38243
39878 28028 39561
24174 29622 38873
8743 16530 25463
30225 9704 7107
23644 32144 29303
25951 22301 1471
34785 30135 16090
32413 12844 14590
10624 32185 33281
7245 22661 21706
10756 34641 29581
32491 35140 19410
30318 36597 37390
16288 7889 3195
10076 21276 38383
12636 12459 12704
33211 29321 20074
15436 22879 29908
6670 8046 13534
23664 30786 4045
36952 23819 7356
9555 21996 19973
21547 24468 25911
1547 17741 14015
30203 1365 22492
21472 26204 27320
31080 32847 28995
27112 29824 4793
12389 17294 35402
5512 3102 7618
22386 13682 15671
30501 19071 26075
32711 24094 6785
20328 18741 12335
12327 27297 28891
15731 31277 2
18310 12470 35698
26719 30810 19121
31079 305 32722
28448 18276 14848
18470 25922 16085
37231 12933 12909
23697 17759 26690
11083 12491 15361
25995 18805 18913
10620 25491 17578
3090 15287 16978
30315 8269 23491
19938 6135 14500
4264 14986 10526
15391 34891 14680
22213 34605 1849
32167 16949 33398
38866 24448 9183
29643 36500 9693
31728 39999 3139
16329 34509 18191
34482 38179 20140
33468 37937 27329
4942 35642 30164
6512 26204 16961
32795 858 21917
22784 31939 29633
33682 19953 24936
35815 39151 35335
39381 30352 34870
34693 18410 30943
33777 18344 3177
27806 23499 26052
21149 23513 36171
9965 31015 11241
9198 13260 32742
35982 5217 16849
29250 15158 18520
39815 12694 28762
34830 5251 2807
31432 23001 18550
18277 20795 9321
29410 462 18726
36445 27177 32441
12624 20289 29057
13717 30168 296
7108 13919 17050
14626 12132 38314
13802 29979 2428
12174 20413 15632
19905 36783 18408
13230 27671 25065
3968 25289 25984
24725 1568 30326
7599 7099 10440
36549 8827 5204
18018 5726 15983
17978 33889 17143
20094 814 30146
37231 9300 25478
21237 38154 2951
2161 17684 522
38060 16040 36625
37862 38022 24819
10799 17833 28890
39765 19239 2794
18782 8406 39979
19812 34895 11307
32710 26545 34594
15299 4450 14504
5522 1264 10596
6991 33368 23856
37426 6399 14649
29016 3988 22483
12217 16412 888
332 17069 38269
32207 23621 27054
17167 35606 26189
32554 18534 2671
34854 27476 14877
29677 38745 5563
23298 16303 6580
27705 2977 30115
10082 28290 17388
34412 39525 28188
32900 28702 434
3309 34982 12774
35880 13680 2869
26439 3311 20994
3679 34815 7465
24345 33903 25672
26968 6099 1903
29178 33996 39980
15096 9613 38342
22538 18200 5821
5359 32947 12446
4102 30446 17054
28484 37967 6058
12327 25402 28899
39580 2139 18763
2266 3919 35059
30894 8918 29559
18526 32172 10793
1836 37047 16744
39124 17665 30038
33296 13355 19973
