3350000 1000
21673 9564 16741
29130 38418 33734
24948 18177 38494
9246 24610 23387
20418 23710 38950
18434 17564 37794
14179 37727 30344
38663 18835 34196
32978 34367 10239
24147 14981 3573
10538 537 3938
5591 11790 3659
18029 17541 1406
2027 3489 38356
36650 12343 195
11135 12097 23902
27283 3434 34289
25312 28767 148
13898 20545 39539
38170 4928 17449
24555 4962 11855
17947 36009 618
17465 6672 14369
33773 17963 12911
19089 6703 29438
29548 4174 17830
26968 17274 15802
16773 24179 36014
2130 4325 17526
6002 38244 38802
16063 2914 33117
29168 19010 39174
12288 29193 17291
15276 24947 27508
26463 10082 39860
36770 128 205
38825 13704 24912
28329 9172 10341
20045 37982 38245
16239 13819 22971
12009 17950 19295
17937 18465 29780
7271 28463 28397
22439 38439 7605
11495 7245 638
34199 1677 21155
7511 2288 13782
16730 33291 22656
38309 35902 12388
23236 23707 31460
3837 29681 12807
38000 5125 32076
13305 19456 4450
9576 29236 27769
24498 2749 19777
1900 4780 32482
12256 36900 11429
14760 30234 36686
4207 7954 17138
16005 19228 12020
39033 29114 8992
27559 36353 18557
18324 39142 10345
25706 9559 33096
29015 14834 20815
3162 23621 16197
32717 9368 18162
28761 20366 14472
56 16474 37470
35956 9149 28910
37400 34050 39875
37859 39304 22449
18779 5624 16433
37938 25399 5957
39082 26593 37916
2247 7203 17438
13238 24652 17285
8140 17541 16055
38072 39910 17398
11057 16574 1785
2317 7085 2940
39298 16957 9621
15897 22180 35354
16918 19967 36421
12901 23877 9983
3975 22599 32300
39697 21918 601
11254 31992 39955
18528 11954 38340
7380 9942 11143
3377 29621 25123
20021 4141 391
38699 31683 29175
5139 6720 16203
38179 31668 30264
36062 15994 37582
34970 11989 6718
13743 29106 33141
37771 192 37700
11902 33432 6759
22749 37328 27677
15805 10948 14267
30991 6311 16080
19105 20295 16275
36115 1994 17344
38673 11124 23492
18751 18635 18587
16501 36301 2595
27461 13631 10848
8551 26231 3534
36056 29683 14479
13569 28197 12964
14517 21426 6341
34868 15601 11172
5739 8567 6935
32456 19195 4273
34589 17004 1266
9490 30605 897
8547 6607 2453
39239 15836 23773
17852 31127 38631
2700 17007 9100
39404 36863 16698
16079 756 11204
18258 2622 1416
33684 18574 37497
32824 5992 14326
20361 5431 6133
17588 10604 35492
19782 3367 4289
34531 31158 15319
1676 6122 23814
29442 34407 20568
5217 26773 12614
12735 35881 26486
4325 17154 10941
6142 7056 38490
27082 32836 8974
20787 12363 3349
7275 35379 38046
28671 10337 8858
39300 33420 25379
17092 2229 6221
1989 7116 12062
16716 33739 27083
11704 6307 6028
12606 27206 38570
13762 35845 5547
11787 37297 19336
26085 16051 8178
30580 24106 20833
4124 28707 35037
29408 21389 36442
28653 12433 11994
35051 17611 14818
5201 27835 7429
28251 19495 25310
29700 18711 30019
25822 15710 38479
7269 1499 2841
27346 4469 30988
21885 28945 28580
21220 20309 11862
7169 14607 36098
22421 24538 5915
37307 2139 24076
5684 2084 29027
27370 12872 20554
25480 8646 26121
18361 10260 3551
31760 22139 12662
36647 33631 20589
37458 39535 21311
11007 4275 38513
22088 13127 8988
5946 1151 8259
30204 4082 14425
17001 37375 23241
12830 29805 7041
19584 25769 23311
4125 13585 12748
27613 27044 8892
33296 15756 35689
1008 9049 23023
19769 14930 37608
9362 39785 32620
6075 16630 6919
39861 29327 21160
27954 26617 34758
4736 25222 13925
38691 20659 26031
39729 19953 24470
13087 6122 22084
8880 4122 22555
11927 5818 35950
33943 8084 13429
9601 21542 14195
9704 9155 24906
39802 28021 3074
29100 30050 22935
29083 7656 9178
11770 27278 7282
32996 6967 24555
29795 14558 22251
32553 36964 21275
25075 2774 10741
2224 34117 30760
25691 13835 28910
5553 17252 9533
16484 7857 35352
19480 29127 23365
8958 23539 5177
9662 35399 34826
1558 29133 14684
39938 5202 16794
25535 35467 18158
14195 6752 35807
35735 1313 25151
24295 29275 36695
15288 12796 28744
20548 17264 29258
12067 35143 12634
24593 14082 12290
31207 2053 25479
28872 17224 39894
24505 25328 9121
22538 6080 36363
16267 1669 22205
2162 35846 35947
19972 27384 12410
5404 30519 19902
39144 28510 32384
17254 21618 14233
37034 8928 3139
37691 11804 25184
924 9851 11700
19248 26748 6075
27324 32417 21995
31239 22540 10205
34084 3643 31164
38168 28701 22785
13699 7717 8820
20790 17905 33573
15736 2350 14661
10650 21136 24206
10092 28697 11852
31192 1879 12830
6 1476 33591
14777 35956 19017
14232 423 31310
31355 20183 3452
7254 38094 17601
8443 21768 13240
13450 13640 20128
36661 24167 9972
27011 18852 4296
4728 5515 27087
31157 16701 35954
13576 38340 6616
12954 25902 28021
25747 26550 9999
4010 36134 11033
7591 32646 12997
7257 38151 38112
11155 37407 22417
31652 39348 29774
20384 13574 16192
31118 34628 9252
39635 1204 37354
30904 18241 11152
19931 37750 20455
32722 10267 14728
33436 601 26865
33700 26951 18586
33799 33478 38986
32169 23143 31375
2076 5735 1573
39546 14965 34633
7900 25335 36706
21824 14608 16102
19832 3466 15987
24433 35941 20629
8515 23046 16418
39947 27024 37488
37509 32639 6875
4625 33458 30066
13018 37310 28401
8961 409 30775
30684 29935 13690
21697 28783 18059
15581 19426 27330
5118 25498 18105
10834 27635 33195
23031 3515 6563
36327 6142 22978
37052 21481 26772
31630 11245 12047
25283 18743 15696
734 39377 11511
16181 16259 6103
11902 26631 1845
21377 31969 22942
34294 26593 28082
27808 4343 12207
6826 38804 14491
225 8323 15877
7828 15523 23267
5391 29354 32948
21042 37257 27930
16605 15180 12303
18523 13838 12690
27050 21564 17366
13787 22622 26792
18430 15433 35793
22668 5443 24182
18451 30671 21551
39564 11918 12096
31827 4851 32203
78 13859 38886
35934 4976 36782
30239 26800 10405
33848 20849 17255
11413 6774 24308
15924 2007 7269
2074 12024 31692
13511 30432 15956
35880 18171 18849
36619 26001 19703
31940 32534 24991
23973 8470 11269
8964 36824 9202
2893 11717 37290
34973 22322 19942
27571 18606 2194
21284 37736 33130
16395 27740 11661
11694 3594 11785
30104 7429 34865
17515 24100 858
23076 3714 13198
13383 9329 15289
38448 4747 11673
35040 13944 7195
28991 15826 21860
3855 18924 15158
29020 29373 6781
10144 25579 20707
29546 12183 20892
22013 31923 28466
30573 32375 23593
36059 14770 21053
11414 9589 2441
34286 38730 4890
9014 28590 5827
19325 30747 31834
17528 36527 3669
17623 35202 24829
3829 5955 27175
9910 35289 4557
4229 18954 26983
13793 18648 27917
34277 38907 25768
38171 27384 7325
11601 18774 4280
5980 2032 33227
16364 31444 8167
7411 10471 8123
12366 39061 11198
25683 34167 18312
39140 8953 5147
18519 7013 30299
26341 36221 34619
35719 15067 26319
31376 6878 17061
15353 17873 26791
22844 9696 35115
27072 22512 39335
39718 9903 26325
33102 37722 2838
32523 18036 23633
19397 29161 38589
35579 20137 37894
206 2504 28195
8803 33205 18214
19060 13688 28134
19095 11796 16154
20256 30765 22498
25541 29167 29029
23925 36684 24906
26718 28560 5594
31196 39028 11188
29156 26400 27134
20944 2477 19045
19936 19924 36853
34673 4685 23907
39807 35458 25756
15783 39486 14383
18758 1342 23515
6702 10618 21649
28453 28078 5789
13894 37718 26276
5345 39435 28478
31012 7617 39891
17487 15781 13590
25694 36996 26279
16089 18160 11182
14128 1846 23395
36316 3121 24969
29656 4518 23112
7223 39497 25110
30175 11436 6394
38324 21361 38188
24782 26093 3501
27416 34870 11231
16691 128 17220
27268 39611 22751
13726 10552 14741
28663 3854 3688
38475 26506 31285
2585 38562 29618
36832 1170 16960
3806 36851 35816
3495 16809 28929
32996 38431 1752
14206 23762 9778
2096 5068 8745
35345 32050 30001
21394 29844 18164
31786 38230 21471
36125 25368 26985
37856 22653 29977
14093 17012 15175
16178 1317 17321
1900 1640 10647
5726 30996 29166
38492 22215 34363
2104 38439 36749
19687 25389 18927
146 19650 26812
24411 33426 14104
29446 31561 7013
22061 33273 35708
24993 19388 17148
16928 33500 4808
24838 38906 34895
8545 37578 29936
20565 1014 13965
18162 27219 12817
4567 36420 20723
25139 39367 4842
1160 76 9985
18287 25302 8855
32643 10129 3497
27728 28054 35468
867 13651 28192
15169 36820 24978
24150 24131 26433
33843 5646 39039
11911 19588 14130
10373 12697 33500
20689 7287 27302
6927 33231 28044
25366 3533 6077
33090 32626 29527
3908 17566 38499
14495 1786 22881
26962 23292 20823
37065 11119 35783
15105 23616 10702
34325 19267 1126
34795 20560 8092
19254 14542 3700
37940 11287 32457
10724 5801 16001
14495 2726 29576
20234 15039 7682
18520 34892 9901
10546 5583 22005
16642 4038 2984
7403 26058 30871
39756 25050 13195
29733 12653 15643
16741 13264 8434
18498 17301 39855
7372 27652 16403
1873 35048 37251
9820 30030 29821
35384 25162 36936
32389 11324 4958
16515 31112 5299
26016 20638 21715
25685 9373 15918
34888 32090 18704
886 2255 37826
27931 38148 27626
37118 30708 28907
15335 31166 1245
12312 31214 22040
12619 29395 14010
23570 24360 23252
2661 972 180
703 30299 5773
11655 31806 22833
15144 6193 30266
32718 28874 18818
1526 20615 32419
31589 3144 16969
33327 7783 2484
30255 12192 2838
36262 1396 19498
5828 35724 3778
8427 1643 24718
10857 3508 35818
25579 23531 34360
39341 21297 27956
14608 20972 5016
38630 38632 15818
30396 3859 24714
12701 2422 20676
20165 25101 21078
21494 8889 11285
30334 28644 12994
32999 22110 13055
29695 32940 17351
29755 38526 5353
19054 19203 27653
9085 3776 36749
20799 23943 14940
9607 1154 25060
32306 38897 5881
31318 38390 7940
31731 2624 2368
18832 28039 23693
16451 19683 12897
18993 25256 27301
17582 36359 9926
9345 30944 26138
1024 574 2654
21951 21564 34604
15691 37023 26491
19449 27378 10451
34906 31971 28427
744 3300 20552
34732 22274 30225
20185 10767 18972
28384 39405 3004
24813 19788 12593
34643 23270 22830
23038 1080 21464
38575 4291 38043
30259 26343 31009
4578 31402 25495
37142 31542 1842
15871 12560 15783
21864 25245 23587
445 21970 17604
4438 23068 36733
10389 17944 34707
33350 27100 13456
1793 2293 32777
32082 2148 16900
11721 24045 10623
36413 29120 37921
6695 18177 30630
1134 17643 15141
20283 36039 15006
5238 3240 3429
13059 33437 14004
32825 24083 5342
8607 17401 12653
4346 38110 12508
23515 9461 18484
31777 3516 14002
37610 29384 33108
17978 3883 164
19373 24283 18942
17736 33575 34605
19680 15455 21987
32880 11837 7000
14600 23313 34443
1662 23600 36491
34371 10085 4659
14506 189 39104
12622 31339 13672
15248 31407 18880
24419 38327 19167
29488 38394 37291
39372 8474 6848
4613 28850 30425
36101 29369 26086
18947 28340 31776
25983 23948 23372
7346 24929 9736
4857 10383 23719
28046 27150 8892
13100 25912 19873
36907 22006 10694
35524 5362 20352
23714 12251 25822
19171 28286 19487
26785 27936 35866
38126 31014 22284
30625 29644 23173
23833 17651 34042
32338 9725 22142
9457 29072 15296
32197 28091 34563
1319 15171 28655
23971 28856 32296
8135 33132 38122
17218 39263 19411
33451 27575 37452
15571 33357 36463
29399 23140 25102
24398 31701 37709
19970 8351 17316
17681 8031 2316
33668 39237 23653
73 32911 6017
1960 32529 32727
19573 9595 19465
17818 9043 4731
36288 28900 2154
23221 15256 33346
21779 14261 9662
27934 11332 4332
13972 31036 10434
17917 2032 20432
19699 23716 17214
5753 19537 29891
31169 1182 26683
29963 36790 21476
23973 26691 32665
34057 13552 39736
29121 6688 13333
26114 36454 37929
20474 34030 18051
7500 7719 2381
30678 10866 11410
36888 34693 6144
278 14334 23643
33457 12994 27660
16111 12111 36814
19064 27237 21326
22121 10954 30862
12037 39981 5608
19115 32394 36788
17276 28111 24040
260 38468 29090
1471 9446 27637
6145 249 32788
25613 39747 805
21264 10420 29271
26097 20625 33614
28297 4360 31128
864 24739 11526
15586 20508 23920
26580 26166 26187
9244 11621 36702
7765 11831 19660
26546 15408 9560
18999 25231 20707
14750 18380 19111
27254 30418 6174
8946 13240 38760
9164 14147 15532
33252 18870 17973
11089 22490 26333
15620 13005 21710
11606 16952 39413
18745 21995 32827
18172 33837 13007
36236 31093 24080
29179 31244 38086
34820 20521 36022
5227 26663 26284
14060 10404 694
12650 38636 18813
14156 34616 28065
39480 3593 18192
14742 27480 27150
37617 2373 28044
1956 22995 35598
16823 5308 10438
35907 18264 6225
11110 4448 7323
7465 17213 20120
11515 4347 35765
11658 14034 12075
34936 5075 19198
12913 31718 16764
1010 28759 3954
16084 8214 34849
7706 37017 30428
36422 9601 11152
10593 27421 20330
14900 13499 1747
3987 8267 12581
31640 19756 34771
20676 16410 31730
30236 31189 16554
17645 20207 19254
38202 25730 31404
20045 39047 23541
6450 18009 6804
17216 28982 8595
8396 15816 26935
37824 24713 34882
32200 18710 10354
10018 11404 18184
25854 5755 16832
37424 11480 25464
12274 3225 8027
31797 24656 37030
36796 18043 29787
10145 37319 7638
8379 31076 30530
37205 36331 36382
16622 15070 8660
3970 26667 31979
8504 20562 36219
10085 23429 18884
1695 27867 6346
1614 24477 37023
3909 34323 34659
26173 12506 4458
20293 5721 25249
6023 13795 6628
12694 21768 1254
24314 29812 4894
18025 5596 31707
23382 26420 35717
33773 28227 31267
39851 7289 7498
35173 2003 12559
5130 5280 5713
38643 34469 39538
1307 37740 5680
5395 21129 26300
13747 14486 23276
6185 7837 10190
2696 28986 22599
22477 35887 958
13731 22152 1595
18949 9409 10262
28775 39922 34557
29655 13706 3624
28233 8497 35250
4706 29331 13302
39641 33311 33554
20898 17671 33082
26610 7360 21571
17175 35802 32555
3639 39546 21718
20786 10591 24434
486 2773 37997
35250 5602 3372
3901 22655 20552
39271 5808 16005
2660 13936 33767
39429 6939 29549
18462 29417 35987
4577 2658 11449
9858 12722 30000
31013 24722 13125
15532 19394 14702
6085 36603 24978
28268 1475 12413
380 31319 33400
6698 34074 19287
17445 5832 30961
9087 5083 23430
16252 33588 6039
19705 4961 32757
5509 33520 31749
26378 17509 37685
14587 26701 16011
8803 24471 38927
18368 18975 26913
2857 36358 21876
10981 24417 27129
38031 33384 36533
21649 34772 2485
4935 5572 24730
31444 10084 25673
34058 10716 17458
15158 32271 25888
9526 39179 37562
5701 2688 17159
3702 7860 3508
20984 39138 31338
13365 38353 5200
2860 33519 30259
10906 37400 2305
31246 22940 5271
38406 27809 32529
15087 30527 16605
15437 33589 1374
29543 5780 30240
13425 19453 24854
29880 28329 34608
36936 1516 24903
22415 24096 12419
20066 10852 14189
15787 17687 6744
37904 814 28685
35633 38427 18370
20195 2108 38532
34687 32249 36742
36997 23723 4120
28356 23060 32945
33215 658 15418
37553 16779 4504
35475 9328 8962
36041 38369 13680
13180 14981 4812
18331 23086 7711
27066 36377 9300
1656 38919 35265
8570 35274 3105
35627 20136 13569
6531 32612 17192
18435 20684 13819
19701 2961 24443
5368 2562 10245
35594 31148 7267
29435 3044 36452
34396 24972 37315
27575 9861 19894
32554 34111 10390
1879 22524 2276
26581 24408 20856
34516 39897 999
20562 35919 9849
29916 6318 5470
14999 4413 33979
14755 35010 413
31530 13068 33548
25375 31626 32225
27946 13336 1346
4541 30337 4690
18090 2458 38611
23021 12614 11589
36293 29473 31711
37872 19852 33246
21696 12902 17844
11412 36618 21657
25741 16335 3188
12695 1394 2234
38563 34011 36279
3460 13218 23936
23278 35039 25406
1809 278 30949
30273 6203 21153
34517 137 16356
30049 1660 31620
34708 12814 24303
11146 37969 20342
23604 24150 24138
5057 8065 35746
24105 23328 1948
4127 5003 19474
7521 11726 9676
8211 14114 13374
11515 3489 19625
27618 18285 11052
22040 32782 36397
17241 11762 24398
22289 22259 6898
37475 20967 29487
21849 9755 35023
39194 6533 25612
36642 10337 4477
27308 19344 32892
4809 28176 21128
10744 26174 20479
5456 19297 34520
36467 2292 34696
34367 16683 36315
31734 8044 9776
10549 29805 10981
29282 16912 12695
19812 12413 2890
21326 23190 23534
26273 39367 23871
26060 14566 15644
14906 757 21584
14708 37918 20358
32429 21904 32765
33846 29683 26613
34502 27855 16693
15346 9482 650
7281 1485 4060
19271 33222 19214
29521 39846 36867
16359 10790 8517
9178 34686 23617
3350 21939 7833
7504 27611 39709
4581 18446 37185
17311 38947 13604
23 10861 19888
5228 3881 37622
20655 22800 3325
27418 24725 4945
39337 31609 23056
4964 27471 15015
38357 1270 35575
23483 19909 19473
9735 25350 29563
5462 11169 16481
14644 42 12953
17120 27227 25454
27474 17251 28017
34598 28276 15306
8598 23803 25867
27912 9846 22043
6783 19921 11091
20222 26220 30317
34282 33156 27677
30959 33029 32058
30762 30910 30685
21948 31339 5522
30249 9396 32792
37563 15175 15488
10623 9307 14790
7602 6176 10036
12942 28849 6504
12060 15788 26620
29833 39757 766
29135 18482 18073
3255 6878 37488
31034 15376 16446
34849 35592 27084
20963 31760 6211
15269 24580 7666
11856 1816 25755
33532 24129 10250
2312 17119 39949
8086 19861 38753
16287 5812 8596
22041 31497 37703
12389 36999 13849
11715 7444 28942
21060 1720 26783
21454 7359 27328
1813 18402 39277
16513 4441 23667
20339 16672 36166
36791 37223 11395
2925 32010 18982
8448 32377 24231
21060 18151 7348
27011 4511 23656
27618 27462 24716
5347 3339 19174
27955 17419 14422
39010 38647 20533
36369 34009 34637
33347 26254 5764
23022 12775 9063
6678 2215 29206
4769 16623 1742
5708 8366 12407
39375 31029 27916
36253 39780 18495
9612 30892 10211
21818 13805 9351
35697 38440 7719
28033 30420 14439
7107 20123 5351
37688 33831 24219
6182 13995 20656
7045 17641 6569
34168 34233 36078
23709 311 26921
39759 30272 3141
25588 1042 25089
37309 24996 37599
34765 18813 26433
3468 11520 38091
24592 34644 10984
39954 28331 38951
23665 6602 28478
33371 17651 27061
2203 19776 4437
26437 35131 23888
14748 18075 32018
9477 20308 18666
36621 10309 18201
12794 1643 15737
19266 9993 24565
36539 555 34827
23324 39150 286
12434 4461 11175
6622 31690 10291
36296 3599 30299
20009 25518 33605
21233 15962 15616
18663 21592 22231
