3350000 1000
24003 39991 27637
11394 7844 1415
30347 25730 18799
20321 10340 33782
11828 9252 19623
6575 4087 32499
35568 5732 33215
23008 18679 10285
30542 10102 8658
5595 25578 6947
30737 25649 19290
34560 11911 35011
10349 36159 15784
25130 27955 33456
13390 38114 4495
33392 22934 35968
3300 34670 31399
27794 1453 731
8978 597 23785
16622 1493 7501
37555 11857 30522
27589 19631 20203
37405 35747 34145
19019 3210 27111
29399 11053 5828
38592 24775 27500
35363 24523 31923
36229 37333 3241
12424 23556 38469
32443 20103 29070
27416 15997 35226
14794 39380 26364
35080 26220 10907
33269 39620 34590
917 7756 928
7501 29613 15205
31007 27214 36018
26723 807 3052
10909 5499 10261
2960 9010 14324
22059 11083 9471
24765 31589 5762
21249 15594 38249
13814 18022 15053
31196 15598 22830
15085 20049 17604
30571 23654 1372
22538 18407 5469
34565 32407 33188
25757 8728 10033
28798 24851 21465
18392 5229 3106
32918 21549 17511
13796 37844 3390
1634 13822 9579
33647 8055 37727
13998 30789 15842
18709 7106 7506
39782 30732 10640
21945 19469 32099
19669 15773 36813
11052 32662 25194
39687 448 15089
6463 17000 21181
35087 33463 2226
12702 21046 19155
14613 4597 31739
17861 1335 13511
14548 32924 12819
15428 33932 15815
26429 14433 7631
22663 15747 23060
27877 37621 28144
28651 8572 27053
39274 28362 23069
9494 18107 34623
12737 34447 10796
6468 27197 35768
25485 14864 26904
3994 28498 10586
32701 35252 10072
26475 23308 9251
33605 39838 18122
32621 14540 38519
30649 4394 1744
29726 39939 24335
34784 4983 36048
19928 9633 23135
7991 39506 36681
10948 5776 26306
24967 30561 35432
15349 5505 6357
28430 22373 15669
18591 36298 12869
8833 15864 35373
14826 11134 37773
14084 1301 34246
38424 26854 9505
26646 39642 4461
4869 28751 18551
19713 16839 31383
19181 12495 26174
12124 5106 8793
20482 7032 22506
33000 10866 34288
962 34268 21089
20567 3884 30436
34398 24208 8055
13832 15582 31537
9994 675 27272
32002 15549 8879
1565 12068 659
17145 11138 24270
19288 33203 2860
1715 4883 1832
9063 10304 20265
27722 11907 9089
1934 14311 7387
3747 29736 30906
34243 24916 13570
34782 589 14087
31017 38493 16056
2131 25895 11175
31479 25403 38681
11358 24537 25992
17007 28366 1753
12435 32320 37818
11844 6943 5640
32594 26499 17954
21375 10496 14468
14500 11734 35809
35721 65 33297
30289 27405 25289
19900 4511 13390
11398 10955 5088
27900 10333 10642
23071 35004 29581
22429 17394 23385
3157 26861 23399
4680 21682 10128
35486 9430 36358
33499 15344 944
33236 37575 22733
8206 1128 2854
17572 19518 21140
6784 31099 18249
31636 16974 18014
24580 4051 16914
6068 24692 11719
337 15917 15838
32311 5551 30103
18987 28316 1381
2960 9269 16933
11424 11030 9969
2005 23097 34042
26745 17864 18317
35443 19700 24211
22073 27407 17444
8648 38836 2372
5003 5465 33161
25893 29691 15252
35119 38704 28985
21132 11847 12740
38541 26264 21617
21424 3177 30325
12938 5478 35507
36039 12678 24782
33137 13884 15015
17463 16656 4881
37912 13800 1233
37614 36904 37653
31185 33069 294
30637 14323 29113
4885 15568 14892
20688 26188 16094
7722 3434 32749
6187 38242 4532
25983 23950 18165
24245 1707 21848
31614 10898 27280
37538 33978 20204
22723 40000 533
14503 7654 27602
18829 18502 11939
15096 3397 15730
38726 10597 19048
8218 19637 29261
17592 6132 39820
15864 882 4385
35033 24696 37344
35950 9073 15479
1083 24630 19117
6890 30522 19942
33285 15330 39035
18969 32966 20417
18573 15521 32371
18249 2776 6823
8054 30864 10794
17002 29057 31248
34590 21475 3398
29211 6187 35657
23183 28971 19782
31792 5370 29975
28085 21261 7765
17634 31922 32852
11730 17006 36535
26242 8871 17998
16108 1143 517
8505 25835 17083
24818 13530 9964
16609 17349 24643
37714 8137 6590
20546 13585 4479
2239 17932 33146
36352 23467 34902
10212 221 36698
12483 8889 12281
25462 11000 30298
19500 1077 11211
27440 5834 7027
15321 20048 32766
27435 11702 11978
31055 37777 31871
35023 20165 79
2124 5372 18020
9627 14018 28935
30743 178 22533
16389 24105 34099
17034 18133 16428
29850 27210 7405
7164 12119 35474
25663 6045 29194
35384 2759 28609
35358 19496 15028
38759 18815 38108
39024 28381 31737
9898 15886 15142
28463 695 35279
21686 38516 32457
33425 27482 13001
18234 33941 26868
23028 31497 31851
7268 26553 28939
32380 6723 16248
12223 4404 25353
27106 19006 31370
15054 7641 25873
13357 16045 35620
24669 39756 15045
1739 7865 17282
22681 39317 20256
10909 35735 16092
8770 30282 14006
37066 36213 4638
10872 18994 6409
23939 35215 33485
26488 37181 36380
18895 20156 27416
2066 4773 33787
4400 5753 2510
12830 36380 14863
19411 16383 30392
10569 34020 19712
38222 31223 30033
1465 33889 17541
12193 21001 35541
31901 14675 37262
446 8426 20719
34799 4803 8696
22087 12054 35439
31095 14735 16699
29908 30303 38806
10780 6236 22637
22944 25289 1453
15051 4578 10267
28600 28429 31578
10501 38367 13144
26952 14466 23232
17501 1676 14382
10083 38659 12701
16945 34684 5539
30435 9174 6620
32493 26483 20025
28219 13223 22820
15391 4826 14358
26130 25184 38360
25461 33135 17663
20691 674 27393
27290 697 34328
188 19900 35946
18135 22204 17424
8779 35680 16670
16945 30570 20892
29884 18460 26121
5661 38276 9927
26761 35324 17461
3467 33461 1248
18549 20476 22055
36064 16273 17241
7835 4672 32529
23327 28238 16216
18167 28536 12754
1683 34069 31057
2481 2834 23624
26249 5499 4464
30100 13124 1263
7457 27997 352
770 3187 14912
767 33038 11447
20300 14659 26970
32569 23200 39129
13186 25642 866
37099 19011 23135
18521 26681 29669
13106 30184 6018
517 36358 38120
34204 13054 29097
10529 32611 39348
9362 13924 34254
5309 4361 647
5277 8747 20006
6654 25647 6778
13937 19602 2224
31571 31272 15297
35375 31739 24928
14195 461 16731
27587 24596 24785
7532 34232 10642
22297 30590 10656
12661 24107 22950
7483 1813 39850
37506 13675 15165
21540 29866 15953
10779 35848 1973
212 10912 11637
21989 3072 23290
38381 7280 33930
20075 31720 15596
15282 5446 38853
2710 15745 39366
30555 2174 13426
25291 23022 30163
37357 23474 37502
21767 2222 21711
21881 23262 1028
28362 35600 6489
26614 4435 20070
28089 12544 29635
37733 16946 16123
35025 14123 18670
18650 11629 25634
25146 32656 27708
14190 1361 38672
34033 34111 5123
28716 8900 15366
34690 27423 23634
8131 38857 37478
30353 61 1066
968 23470 24523
34610 15799 1285
17616 16826 5391
26876 22340 27597
11771 7293 36780
32945 19447 26446
236 3732 38767
25550 36467 15444
11526 9358 5716
23531 36724 37897
20149 5366 12551
7874 29344 13472
36938 6841 8311
22191 25219 27145
25284 18667 19605
4129 35886 6054
11654 36445 26760
33517 33691 9216
15556 23562 480
37840 25989 2162
8516 9102 34386
34898 4576 2321
2150 17201 10264
34110 1188 34049
20826 19686 35623
3720 2756 14012
31608 26726 7650
8241 37209 31874
8277 27630 34878
341 13967 3949
33051 28370 8186
38901 24344 18353
17144 31536 27042
20119 23941 33386
37595 26084 24889
2792 26673 3032
1514 19747 27916
39522 26927 31008
22753 27463 22271
15597 19428 27116
8055 38330 4250
12928 3386 19985
31756 36424 39475
20019 24408 28424
8886 16657 32225
19083 21252 14884
17446 35216 8173
16169 37360 14673
10000 35900 39653
37424 33086 17360
29946 38465 39869
4105 14982 19182
10280 28790 17777
1547 3316 3438
6411 25399 23501
14982 2041 22635
34078 4908 18634
21922 5616 10595
6695 24997 26922
4507 1897 23282
13558 36396 19717
9672 15044 27567
23202 34322 30120
16057 36108 25773
30943 31413 38592
5976 32623 12445
11815 2103 19884
725 7456 13764
33686 2660 118
16467 14688 12431
7217 36032 23756
37972 26056 25911
39665 12224 8180
19935 18975 20269
28959 3876 3097
19996 9403 31647
13057 1898 39856
34597 34833 37042
18605 13865 25029
12160 7200 3022
18455 20653 11008
27213 7714 20892
11143 18624 2152
12495 16382 16649
10671 20135 20528
29985 6918 1078
22208 257 7909
9987 22103 39270
37618 32025 16757
6149 25056 24524
33705 13131 1650
7433 30107 31055
38814 20249 35783
5271 6924 12402
23364 37124 3709
19130 24386 4059
27465 34073 2515
10608 13056 11257
12768 31217 7602
5469 37884 3148
10443 27931 13589
38974 7062 26231
3398 37881 35618
19358 24266 10866
5442 380 29964
9476 1389 20026
13658 28228 31942
38167 14839 23714
4983 33314 28879
4152 18550 20113
17669 15026 8106
22530 36585 9947
14246 25931 7813
6016 9875 10815
7574 31106 9709
34496 25560 25534
37796 24060 5114
3921 21154 14278
2225 13578 29932
23889 33129 20464
34914 24523 23189
1516 5536 8724
29671 16085 16839
18969 18460 12246
39574 24977 15919
26366 23281 3796
14701 10212 22404
14803 9832 7925
15553 20152 17157
18140 30789 36123
22385 17228 5464
37341 15344 3437
23251 27429 19670
10400 3612 37173
2254 9713 6861
2152 20567 33624
31092 20042 34319
1388 21491 2900
28584 21925 12038
18818 38647 28812
18916 30355 29227
4993 28671 36637
29146 17129 26022
23050 38647 30194
10250 39155 13920
37188 10206 32087
19476 11013 26775
25591 30786 21705
16275 33746 22844
981 2646 3960
30026 23950 9135
1421 18075 8195
33529 19805 1111
1044 39869 23958
14224 20925 31221
27174 18198 24962
21291 30002 26793
15033 4224 6256
3913 37231 32457
30625 28778 11960
468 12974 11844
29847 30600 16926
14342 34437 1194
15858 36266 39970
31356 32862 22692
22709 35200 35684
1716 19170 38042
12621 35227 15655
37587 31111 32554
2642 33786 11606
21429 27139 7333
17080 15463 2137
28117 17498 15599
124 7607 39088
16856 12231 18183
12917 10551 35728
11407 27455 36477
21077 6030 39805
27820 22340 20084
6481 21735 18663
19720 132 9058
35050 25068 8298
37304 7434 21113
22483 8347 37660
21508 9707 17957
7223 3842 9263
2637 30016 35848
35852 3958 33872
10474 7126 13410
22532 14789 38625
18692 26976 36185
33024 34035 24736
15950 39576 37434
7133 33047 3040
32332 28057 25076
26807 10197 31463
9105 13345 29483
34297 19404 22111
19875 33480 4052
16747 35137 1882
28013 34253 32199
17395 1360 3933
14958 39962 19310
11094 18675 3334
31317 15378 8584
38758 6444 19111
9387 14026 36632
35614 21268 20017
28673 25933 32392
19567 26927 21136
31819 9787 23566
29736 2546 5203
26448 7855 11542
26828 28273 2423
15589 19641 1110
30335 36882 12279
16719 24529 15149
9556 1467 15483
10189 20762 19339
9320 29929 19771
10015 8602 35910
8410 21644 20038
31435 756 13119
37579 3440 13097
4539 30736 25877
427 33406 30394
13295 194 18754
32904 7261 31609
5599 1419 30232
28776 22413 22788
22537 28575 1287
36252 2549 3372
20236 25274 38611
36554 36991 2821
11967 30118 24111
38646 15175 28622
16112 32216 29858
15097 11368 21087
14656 7213 7462
1122 38075 35921
8556 10231 18285
23055 33549 33962
4253 37925 30321
31705 20305 22921
7798 14127 30215
24567 30257 6203
31550 18328 19218
20140 10671 13328
3558 16876 5913
34468 13749 36309
7866 775 30539
23572 9561 11520
11604 1049 5888
7033 35488 17528
32776 24806 2759
4063 8780 14671
37286 27124 7999
13244 32263 34379
10138 34045 9567
6081 19438 30419
15216 27576 32535
18430 32975 28655
8977 2532 19008
32316 5156 36699
32381 13097 35515
28947 7574 13033
20819 18019 21682
39989 27343 28974
35827 31944 24104
10674 3000 31987
9857 34797 8444
25757 2520 9132
23835 11867 29656
14257 11637 9384
18892 10496 35819
2433 27119 1350
32519 5216 13663
12903 13112 25554
27823 32098 3450
29559 1115 36963
26388 29014 6807
38502 23355 29722
29376 5954 25940
23534 31604 4058
28823 12336 31229
24987 15567 11732
7976 24178 21565
18200 12468 27726
10908 33631 32998
15821 4864 26605
3066 3654 30744
8766 8051 9714
29522 30531 17619
4983 22941 9210
5031 20306 2378
4072 9338 6817
4940 10102 17386
17419 34718 35430
1239 31117 9604
17840 29495 19681
25193 13565 20550
27852 12327 16511
3227 23109 26342
13099 39574 10877
23515 32340 30838
19856 32242 20133
4807 26118 32135
22843 33976 20101
34445 3293 23306
4695 6289 34393
27301 38548 5337
18876 13829 31276
32102 21933 37329
19283 8345 13286
29516 12233 25458
4816 12516 5957
34483 9723 27880
7805 5155 9655
1367 38037 14254
11025 20947 23841
36906 16173 26165
28377 34804 12093
12282 34712 1593
13147 34010 23633
8977 19657 4345
32335 7045 23490
36023 24550 8753
7484 36514 33787
33924 2557 19019
36525 25957 663
17974 19231 9072
16258 4395 37732
23838 8980 10281
8773 38595 13919
25786 31921 19504
3495 36258 18754
29368 14462 30385
11816 1616 32830
36536 28596 18832
1571 32792 8771
21910 25347 34421
965 36554 37546
2954 14057 37051
18582 5207 26279
18472 2380 24053
17065 11803 33493
32073 4695 12976
19800 37911 38461
27700 32853 12846
17564 32809 6459
39873 7370 28517
8487 5846 39814
28249 19259 31959
37724 33775 3030
21062 18097 4365
18485 19790 13420
32631 16806 35380
29313 32913 21092
39725 1499 24705
3604 37256 26790
27955 38939 11532
22454 246 29530
38364 38359 26372
13063 6935 34354
11551 28393 23165
30744 3798 16495
13002 17006 9191
15726 743 31413
19006 38134 12790
53 24476 31439
18315 13766 37587
20949 13883 11963
1261 37869 35724
11947 24429 36067
23947 5853 36461
24610 18557 7439
26214 26191 31085
17699 29582 8962
7204 18599 3484
26337 29431 5952
27111 3419 34938
21554 15532 39742
24723 36813 34862
20534 32809 35896
10744 26275 31674
19731 25662 9301
7500 30796 19490
26535 30523 10880
36562 35701 23857
13451 13966 23739
6580 11054 11015
34379 28506 36444
10851 3626 35543
6305 22301 5448
6839 33455 15562
13019 16935 33479
9462 26071 7853
1792 23725 652
5624 17655 25237
2523 19985 9620
33785 16726 24817
7604 6112 17524
13229 3640 12508
877 2445 26666
22111 23736 31226
19079 27206 7967
1749 4525 21946
4795 39716 24034
29548 19602 20583
22526 24893 36745
5641 3191 22144
903 31602 12487
22871 7913 8633
37372 20409 20123
23991 28891 24470
38681 30775 22450
35473 38531 1033
20665 27628 38294
26613 6052 24642
38541 8717 3272
2989 15315 9500
33959 27144 15139
30778 37338 15438
6078 17601 29018
30049 24968 4314
36074 14887 8192
10609 2405 24079
32666 10055 25248
25585 10043 16805
23483 17364 26960
3950 13001 7881
36492 23374 14681
20404 28988 19791
11617 13418 32520
10186 16966 17974
22664 1402 19211
27638 22976 31596
1619 32227 38778
7122 2708 7854
27455 19511 33754
1413 29553 23118
12405 22772 38024
26019 2945 35497
36007 24115 29648
336 27866 18391
8950 30045 39854
6042 32368 24872
14701 34348 18353
26993 31605 33200
28043 19077 6068
30192 30775 17594
30339 24304 5121
29204 27163 35232
13842 27978 33144
24938 34395 29922
11209 7660 27996
34169 34128 9600
27278 23583 16092
38646 17203 4831
24161 39587 5688
22876 19313 19922
10243 25686 23641
10457 3423 140
28122 3015 38785
35580 13315 20282
14135 16390 31272
19341 18156 24750
36288 22446 20122
1088 23840 27789
20684 12942 27408
30640 6927 26069
13895 26531 22133
11646 15625 27149
16901 7872 30425
8095 12418 12706
36763 19493 39638
2398 30475 31614
17371 33634 3028
6633 10311 4592
2510 4853 34161
25316 25047 7259
31172 31382 28748
2535 30399 24789
25509 3856 38758
10708 21995 22313
7561 12385 24790
32944 6958 13840
3463 11524 4829
7222 20190 10292
649 3025 11257
17395 22550 11333
28874 5543 16715
11521 5140 23072
1494 25024 35458
5862 36982 5420
30436 18155 32713
24413 21191 20511
16946 35966 17711
5346 37094 11857
38451 30613 38548
37449 20597 12298
11439 8084 7357
12441 17241 35516
20338 10516 32813
12643 34612 16722
23017 11052 12568
24616 35830 37177
23489 28086 2390
1742 19544 34653
22505 29140 24871
20430 9564 4666
37527 15422 28911
28918 18436 31157
27680 38185 39738
4742 8313 993
22863 26073 5427
25912 39581 4196
16070 17561 27289
17336 39054 17891
29397 30712 2459
24806 14158 34468
4693 1162 18803
21395 15434 8398
8243 9087 1366
25518 1601 11706
28398 17119 6887
37055 6473 37684
6788 1891 21803
5474 3940 10795
17039 14112 2618
25527 34608 11304
26876 24347 29044
5787 8923 8206
10934 23617 35934
31739 7470 39534
2010 15925 10751
7040 39440 4488
29085 6724 20643
13546 5785 39160
628 21137 10635
29995 3036 6622
33883 20289 18053
9846 22507 39123
22757 18290 22501
13555 33496 30124
26908 39053 23514
18554 10849 12776
36574 27255 32293
22476 16013 17020
10118 20542 2718
30254 23096 34151
16654 13873 37201
28691 1917 4347
10864 21460 21797
15363 2123 327
13431 5207 26772
16302 212 39373
33416 24828 1636
16850 27860 25776
39767 10014 4708
22297 38518 29000
37065 35640 5413
38453 4229 5762
39863 44 19830
13124 24238 29509
28702 1313 33293
9216 523 4023
33820 13427 39911
30048 1656 9307
25502 13460 37204
25298 30247 22252
2768 26593 7218
36673 30132 7213
16300 15475 18889
31118 28594 33286
14228 12605 3599
21158 4464 4139
32115 38411 37127
15214 3315 375
12524 25878 11895
16029 6808 18014
19973 39516 9728
18943 24103 1256
24463 12958 11514
7050 24325 23845
2646 6525 24684
32942 19669 14777
10482 4380 13186
19726 12072 24836
35424 29798 7382
31817 14740 26669
28664 17670 2288
39692 24985 32163
34652 25104 27083
15690 37859 35562
15744 1140 17047
15311 30473 23709
11106 13888 552
9302 31467 1572
6035 25337 15777
4880 30024 118
26023 9001 39303
35852 33244 9121
8753 1236 24838
5149 13947 36791
24410 21495 27983
37568 29930 36447
447 12556 18539
35356 32614 34398
30370 17841 22877
12815 27819 30682
28119 11619 6694
30517 3994 24054
4350 5502 17883
18453 31703 23027
32564 31593 30548
9430 17220 16077
29954 1681 7139
6913 36708 18611
22400 5176 38043
3736 30298 14220
16690 19432 31319
34642 8772 9334
20868 38151 27402
32136 15594 31593
24837 20854 16201
36770 31364 2155
10420 4383 15891
33225 840 3904
15744 21225 34890
26024 27595 14463
34652 39667 6825
1884 30940 6279
26037 12174 33306
12995 11124 8418
18291 31893 13571
23818 9167 21416
21215 13785 34291
32954 12049 14250
4867 19659 33972
25313 12696 9905
19492 32585 26682
