3350000 1000
6770 36654 11898
27339 18967 28376
21474 94 4083
15906 33520 18795
33416 11382 19211
1759 34028 22945
18290 2731 28569
37183 19297 20097
35425 27844 10444
17707 35966 13609
8136 7175 14791
113 22793 32099
26623 18134 1542
21873 13448 11349
7545 4263 7541
9491 14146 19958
27325 938 4267
23780 7626 31189
27398 35080 15409
29876 30899 20834
4541 36667 16254
4500 28068 2173
32613 31617 19611
4753 32246 14913
17605 3358 33239
31102 27654 38473
6944 38190 10231
30519 36642 6957
30962 7937 33291
33398 23692 5108
4065 38333 610
3649 17260 19949
27468 4296 21233
21881 17327 30139
1496 3553 19951
946 23535 259
24961 22411 26439
36059 12830 12284
9404 15833 23699
21687 6611 15326
38965 21688 31484
20946 24947 22446
37942 21092 22724
38404 23953 17759
20095 16650 7055
7846 4617 24453
10596 32588 3752
12303 13149 1042
17910 4588 20957
30462 11506 7723
33281 16724 29233
26678 29733 18612
36210 28534 2752
33295 4046 13413
5803 9223 5902
12465 31039 19235
10071 18954 35419
23659 33664 6793
7173 13990 21828
29948 26152 23342
31827 22866 25659
37933 36035 864
30147 1910 38947
2253 29614 16258
9456 18912 21344
21637 20513 29924
33996 23596 15645
2102 20280 21942
36173 23275 38434
6700 34571 27744
37441 21438 1977
15391 17764 18236
11439 25962 19319
25069 29580 9128
4517 10576 27629
2281 8983 33133
37372 22424 35801
9814 30112 6332
16542 22847 23634
8362 17306 38519
976 18571 27789
5122 13482 15238
20000 12181 15417
39114 33320 28462
18415 12345 27271
30861 12938 26612
37937 14162 34403
36159 8716 3828
11299 22801 20593
4379 12564 27771
144 15836 17621
33010 11760 25743
37864 6331 4243
4173 38694 27186
29047 26315 29650
6390 5113 14286
1418 11252 7957
13194 22489 34895
4552 19291 5994
16041 5270 11359
36631 26513 29928
36142 27104 8393
24717 246 36792
12018 4897 30456
25976 24470 9291
32153 28343 21074
12064 6630 15281
20318 5349 37415
36387 34171 10481
33566 29945 13048
35761 26653 1311
24864 13573 25921
820 28227 7496
22542 36509 4383
26670 4776 37366
30443 23174 9324
18082 6721 17886
18217 39299 33830
13509 37567 33541
13943 35179 36690
853 30385 15461
36522 9072 8284
32461 17578 2774
35029 135 24618
6493 37495 10078
11444 13793 14437
12876 21272 36569
15159 15640 22892
7493 8703 21658
740 20867 17015
32794 33097 7937
32072 36439 21081
17165 34873 38819
11132 7177 13106
11883 23582 26170
22892 36501 33005
29823 25784 19522
21233 16350 32808
38707 15938 18170
4126 37127 30827
38497 26031 39010
10650 5314 16435
39722 33472 38652
36908 3435 34955
37329 4752 22170
20221 23033 16180
30839 3433 1171
1943 6283 30858
9014 36873 38289
11392 35494 15030
1265 31400 26082
22483 28583 33494
23706 35492 14787
498 39678 25191
27465 31276 36274
21793 25144 25245
38814 7618 12904
34172 32545 12791
14988 34745 1829
38093 21336 36537
37645 4413 5372
5551 4172 35224
39565 18580 38799
1552 18053 8322
23642 34912 21921
20722 625 12441
12329 13520 12588
20298 35468 16632
23726 21260 1961
12688 3119 12135
19754 32962 33396
25636 10123 8852
32736 29233 4409
24933 12517 4458
32213 22342 7955
16074 13015 7986
17105 32557 38991
31404 30057 10433
34695 33780 35964
32841 3717 15397
33047 17549 29229
38574 5150 8994
17858 24811 15717
27409 11405 8607
16222 37927 22934
37648 24044 10841
37071 21119 24022
6801 32145 17475
9751 13465 7229
31937 14866 23075
10821 36042 19362
5874 30147 32401
18640 16489 10119
2631 9886 46
18414 32149 32384
32891 36269 38133
13610 28289 10349
26414 2756 14073
24145 30954 955
34056 8723 7093
37105 17805 22668
8788 34900 33035
32722 38592 4620
26286 14395 6398
19854 30844 37056
26908 27342 5337
24381 37130 35409
13238 35733 38802
10528 39320 18867
33525 2072 7297
13611 4132 8351
20349 3134 32344
36529 13706 37052
35086 23448 7140
38020 10338 13626
17901 9063 17287
37004 5750 10219
39393 30053 21677
37036 16895 10477
20579 3356 2488
12596 34871 39978
1505 1247 11428
35265 7784 18429
18725 28071 8656
12599 13569 14790
1737 17126 33142
7688 32299 14463
4806 31323 11919
4521 13784 30164
37194 26671 27661
32175 15431 9169
15969 30133 1536
4597 21561 27766
14105 19643 24655
12854 18265 6254
18166 26148 10053
29270 12940 7621
39067 32554 24444
4464 34344 14562
10029 1906 20230
38187 30795 28049
19062 9716 29488
21806 13462 25446
14318 24196 39806
29616 10043 9165
23037 26879 22778
18627 3691 37773
30946 38211 3627
37265 19533 2126
14400 3284 17567
3818 37640 1764
29969 4390 24024
21793 38297 35066
16566 24116 16632
31244 30445 2464
31007 15 38545
1456 26943 6790
25551 19152 14828
3303 35568 14328
19629 2522 37546
19395 17826 20896
22115 6366 17746
18577 23875 31580
35729 6078 27124
27557 1738 24181
12217 12879 29039
2978 35816 8069
35194 12434 7301
3107 5086 33427
19837 15844 3087
18744 1788 11635
26283 37241 32875
21597 19267 34422
38281 4520 30474
33180 21669 39293
37401 16929 15158
33600 32733 21993
8663 23488 37854
5642 4193 26634
25196 35693 8871
7128 13032 36043
6536 13799 31532
151 7541 25446
16664 6331 384
17418 22778 18746
412 15102 23129
22004 3191 18040
7967 12168 23857
999 1760 3987
24951 21449 10187
1303 14593 6552
2156 8120 19364
22308 6683 2975
18708 31292 23237
18049 15546 2182
19028 37818 38062
13294 1726 24147
14865 11771 36583
6819 3146 38397
38004 17105 34907
9379 30061 12663
607 20073 6542
28962 9634 6126
36267 20982 20573
21411 27581 3118
20748 21024 12236
22786 12782 18001
38075 22049 27161
20109 27307 28702
37175 32583 1485
7655 12449 34845
33544 22703 34518
3214 33859 14510
14487 31113 17359
18686 5667 38112
3956 21798 4426
22491 37271 21876
39025 28137 3077
25539 26337 31858
20446 36060 2315
27975 20192 32249
22364 30587 24911
28261 36537 21515
11390 28927 9944
29432 39869 24797
37050 32182 39648
10508 12360 19773
13735 6518 11209
11964 1295 8157
12926 13613 35764
12867 11035 33283
5345 13228 36962
35073 19254 15675
22941 12900 26677
15418 12471 10688
28201 18485 36151
3433 12339 25989
12250 11592 38194
23466 11277 14605
9166 29778 2692
20227 16034 24822
5306 37631 36803
32292 25029 34098
23537 20567 7573
24862 6234 22338
14857 27173 4101
1644 24301 25981
39073 34676 31636
20096 34987 8374
27086 22112 438
12742 30919 39608
19162 19545 12604
25853 23803 36740
32218 23123 17973
28764 23605 17212
17697 33980 7010
17195 32519 5988
21553 20087 38752
446 38026 38507
5446 31549 99
11194 38778 11678
3483 18960 36946
36177 10358 29635
4605 23920 23862
32040 24948 9645
39826 5186 6399
20299 27413 13462
10529 38851 35670
37786 802 37575
1552 33867 21111
34210 24029 2782
35599 31422 24084
14542 22268 20928
5819 28628 30652
31118 13675 17845
36516 8880 7999
18933 17256 2132
26936 29545 22921
22059 2993 11562
7387 14770 27129
26982 29938 36939
14418 17616 35049
4041 33669 13815
8590 19339 608
36469 13165 18111
31246 32574 18488
2632 1105 28760
7440 15482 13982
31401 17202 33154
19348 16684 23681
2659 39963 16510
10155 9435 20245
24725 7995 33956
35076 37327 30459
22 7160 15144
37892 27881 15538
8198 5796 25625
28187 17839 20714
7522 19418 16026
8912 16043 6614
18467 37894 23167
2440 5527 28055
5302 28219 6511
23994 24050 22691
410 12664 22277
15256 32243 27828
18224 23405 34898
5404 9863 1841
24190 17963 20848
22850 22464 31768
1162 36488 27795
31262 38825 725
32503 36009 38144
34519 24036 15898
13400 9912 21788
24183 35196 14098
21145 19506 4215
15058 20070 26836
35445 22312 13770
3974 25799 14888
13599 39996 13442
38976 14144 36031
199 15446 20960
25493 15388 27454
9720 27854 5177
1749 37528 17006
17120 37181 13279
27250 27939 31029
4230 3905 33673
32467 2838 28656
33739 10081 13946
20914 16953 22802
23343 37851 20666
38431 26263 25743
31536 4867 11181
1483 15226 6991
14611 27983 22803
29994 24136 15463
20952 4073 17653
4053 22374 32903
26022 4381 18401
13825 9046 16045
1810 4049 23779
20774 12840 26372
10272 39179 39263
570 38985 9093
14462 39162 33361
18256 32826 16880
22296 902 13880
6340 37689 1606
33520 24407 26367
23297 12781 38172
28279 10721 9777
24849 4512 34773
26933 409 31231
7997 14413 25528
34447 21295 11946
4330 31510 1252
5306 14368 28563
4611 17002 7832
24788 22279 13067
19608 12836 14415
24914 24454 36448
1282 14714 7719
9130 31388 21700
29938 1527 8346
15198 7248 15940
16382 6242 35827
16998 11775 2421
3664 10814 28433
4432 4602 15690
11596 27547 18332
34393 27835 34741
36435 34199 32516
29008 27110 3398
1903 13562 16931
38926 35796 37174
7447 7147 31270
23113 28649 26052
10966 6672 38675
18140 37669 30926
18366 26273 34569
32068 30266 7074
37115 17145 7703
21918 12827 35801
34850 20407 14465
11258 15423 18374
18273 20537 19808
34632 26906 24899
20639 4597 25179
11952 35070 37873
22642 37833 22072
18715 10227 6826
36035 37508 30401
2307 32293 8698
34108 30840 28208
15874 26567 19369
35036 8099 2164
24139 13311 12895
15375 26357 9835
16701 16964 25975
25700 19201 37485
6245 6076 20222
2812 33265 31822
35778 5250 13302
20371 8431 11098
35537 2788 8233
29172 16554 34252
30059 9537 35473
13769 7796 4984
5827 18592 38240
19140 20491 6234
30609 5130 13765
6622 7820 36890
4158 8748 39456
23153 15479 6323
15552 32872 16008
28048 19826 17022
20898 19621 13728
35709 23725 23633
5580 3403 4624
19153 12065 975
32718 36211 23908
37501 13069 23986
13897 21952 18739
8627 4962 18563
15785 14619 22386
4637 2497 9419
37344 14358 38900
29177 5063 16282
10564 31084 16746
38905 3648 22611
22981 985 14566
32067 1151 16633
1378 26572 12283
22690 26485 12598
19277 27756 32113
14429 30858 30698
5600 38566 2552
14003 3589 29085
1636 39822 13178
2669 38227 10489
35384 18235 17872
35606 25910 1119
31780 14643 35240
22911 28708 35124
6632 33418 33572
1119 5298 32014
3785 33284 16522
19319 36733 37383
28856 21797 31995
31884 30451 16168
4873 14205 18652
10779 9286 38138
29985 3866 39961
7198 3650 34081
17353 28394 112
22402 24363 35409
17489 2818 36086
21600 22369 5394
22707 6023 34802
9189 10255 4679
28692 17138 24786
29434 6991 31816
38634 38842 29453
19016 20257 559
28245 6724 34350
19705 29938 12851
11175 29430 20466
39437 36500 22128
10890 28233 38814
6694 5655 29105
24102 21750 32255
17310 25714 15844
14134 38102 37442
11785 37148 2366
23617 37402 36292
37566 6551 22228
30352 8944 25371
10497 15736 17539
10982 22954 22953
434 1282 22745
4106 39581 1538
4618 31961 29505
34475 2990 38772
5849 22800 39323
31156 26512 11579
27283 15476 11105
22791 622 17135
13005 11851 22567
10119 17656 31217
8257 16354 7393
24100 26132 7407
18236 36584 36216
2055 18990 34627
34252 11822 2852
19929 19428 13752
18065 19029 33997
8520 25154 9347
1405 1268 23647
12860 8796 1220
30336 19256 17769
39130 19945 9031
19403 8939 18532
2779 30069 36715
34874 28093 30708
30151 38413 31648
39960 3596 37589
32467 2045 22565
29685 18831 10933
16449 1337 15472
12115 18387 11759
24705 16534 32435
6174 33136 31089
36002 26599 29281
12467 38763 5239
5982 36632 29284
167 7659 33899
30164 7856 31287
2006 5550 24334
27055 9992 39036
8624 34029 2945
15447 35416 30606
22205 26450 9749
35618 17403 18615
18587 32060 28648
18857 17852 28776
39405 4328 16005
17212 3282 21299
3063 13767 2061
28168 32865 15911
14251 7367 30359
1655 32218 26101
1553 26469 31824
13276 30945 14753
11932 29135 3986
34865 29255 37834
20954 23009 32934
8120 22909 25112
36927 16655 8126
15110 16790 27543
39937 7866 27667
24328 15874 9424
11537 3920 31724
24583 16965 30963
8791 7921 21513
9101 417 7299
38916 32115 9512
10956 4536 17464
26273 9347 27688
19787 20824 11961
228 10942 21188
26605 10803 12129
12230 5566 25947
19469 21118 12539
23887 11708 13194
3478 6582 16085
19932 27000 10644
9671 24375 13166
19927 20363 24390
27456 5376 30603
27673 4514 10668
24865 30205 30916
13055 1144 2806
5956 8300 271
10587 38084 32994
26844 29007 6549
11350 8717 19351
31762 31401 9065
11485 38474 13431
14997 12480 35477
38267 32819 13462
25095 21730 31333
33279 25795 36139
38255 37095 33703
823 13307 32791
19365 3186 26805
37496 25969 36574
38870 358 23062
35257 17983 17517
8868 32651 7675
26467 30212 26638
27303 8162 22444
19513 11566 11999
4909 39723 12908
11372 6377 7473
21300 36166 11043
21044 17773 13276
33135 33090 3927
26461 37640 24183
25899 27452 33472
21191 20897 4419
34898 35819 13131
3985 7059 18854
20383 39154 8391
30899 33618 38553
14224 26061 25183
35836 14018 31258
35302 22284 23890
16053 6194 14992
25068 14551 32595
11293 31971 23009
24042 11380 15491
30344 39939 4280
32258 23901 9756
22346 26709 19576
27588 3 480
5760 7519 33165
33861 6490 5446
24414 15966 23724
10507 38802 2437
3981 5274 23653
12688 8459 23099
34698 11290 38552
4339 7978 39932
9425 6858 28220
19739 14060 36200
31933 14555 38974
36825 20493 9906
18343 31920 6118
25815 22363 32775
3001 13272 34829
31524 10599 27275
31161 439 15320
3484 30991 23167
35068 134 32119
39373 34524 14621
13381 24673 19164
9095 2235 9072
23567 459 35189
7239 14135 17345
949 15625 24087
18025 8971 24660
11255 27352 10081
35394 35124 5197
29281 12556 25729
20898 35203 712
11710 17054 32630
16531 30771 17191
38634 37385 11049
16917 35576 9777
13797 33697 19567
24182 24130 17980
13692 6544 19370
15996 6069 27586
20208 2289 12418
22076 27789 39190
12200 15328 39670
19619 34099 18593
24982 768 31168
20808 12525 26579
26596 39377 1029
31866 29245 27186
20044 8853 20755
19259 28691 17530
36457 19288 226
24716 6246 21876
3381 34661 5787
34744 8727 27056
29553 16433 37722
31828 19504 35728
30897 29899 39854
33482 15402 27537
12754 23520 2506
36855 12932 10617
3846 32982 38579
25963 3676 6753
24962 23128 29197
28308 33104 20981
6455 33161 4770
11046 22162 17577
36591 33669 28807
30079 21321 14530
32296 19240 6051
30564 33616 11879
14531 17582 2200
39381 11333 413
51 32501 21193
33357 36071 7590
9786 15290 30633
21937 33340 35172
37459 12994 1521
27276 18372 11572
22440 8668 28820
19077 547 25251
28658 26665 452
14462 10397 22010
18387 35922 12667
28236 8110 17653
18521 29023 22222
19692 17216 29422
12722 3535 12144
29988 3178 11593
10620 14702 30657
23164 8961 26283
35208 23297 18500
14849 36411 33485
33640 24969 34963
19503 38216 25578
8359 29493 16311
21955 2303 18415
37969 33410 36855
26379 2110 30354
7309 13663 13507
30001 39303 5958
27780 12895 5828
38305 12442 2418
21341 37567 23309
12935 8951 25879
20654 24339 36776
16370 5972 20631
4739 22950 31345
34802 31042 18812
23247 29904 23567
1075 31533 6784
559 23902 4016
5092 38603 4584
7112 39809 17308
28984 24608 31222
23731 26991 20993
4170 15331 20558
4356 10142 25228
35253 8434 32257
23364 38726 18682
4514 37731 35048
1229 8864 32363
5032 8090 34622
10066 38073 28641
25522 28910 33884
6198 9756 2620
18715 34005 16020
23885 29295 5788
22556 39310 12801
14057 21173 20146
4301 22544 5581
32958 6243 19065
26261 10161 23047
25813 15089 34957
31801 8059 32265
24774 39055 7971
21693 20550 37566
33661 18741 6555
23607 3951 10581
190 9901 2922
31504 27137 23733
18216 26452 30932
11463 28996 39459
16243 15009 30197
19266 34928 395
9960 19210 19352
37365 10810 33243
26437 27324 36431
24560 10368 18443
21969 22222 28304
33566 23497 18967
16484 39010 29587
9211 29080 3897
9601 30606 28519
8538 23439 26676
38830 24532 10878
39352 7769 28978
15567 2748 27244
21178 36829 651
21424 28752 8983
36618 36088 17528
15321 24141 3086
5561 12199 27847
8767 22492 31814
14553 8640 25748
9014 39499 25724
13623 34447 36760
15547 22186 22006
27171 10032 31900
11773 32264 2271
12265 3157 24654
17193 12574 26736
32248 37685 4188
10103 22714 32253
25813 1637 9545
25906 2228 39230
6859 1229 13849
32624 4334 15860
30018 35204 5269
9477 35781 22721
5612 10561 21881
19294 23324 36568
22325 31329 24474
3789 37936 10840
35034 3205 10440
15347 20450 13362
26398 3836 37561
23894 39838 7477
7806 23543 1052
30157 20884 29598
6362 12030 17723
20683 3814 17478
2170 8376 29920
37759 20920 22280
30297 4253 14443
7180 10199 10628
16231 10482 19318
32324 35672 24907
22633 2546 13899
5687 4125 16548
35494 27312 12862
31560 11576 19375
1810 3617 12651
11262 4612 30880
34966 16347 13884
8603 28463 31750
27241 15468 29022
34408 22176 22697
6316 3232 30494
3835 17434 19947
27241 7133 35598
23022 8405 38323
18217 18915 7011
3716 16756 38750
19268 20822 19384
18427 14907 20389
19500 8486 18528
20415 7433 12359
7872 20287 31738
35976 38562 26852
1775 23876 12261
9933 9361 32909
35653 6035 20368
31578 17532 28163
5847 14156 27909
3382 7521 4891
19067 4303 3877
2017 14048 15889
6061 29891 5691
21274 8389 9592
18648 29632 19854
21175 9203 25927
36082 26625 16815
39932 34098 37896
31105 26224 13339
15355 26730 24724
38807 18159 7841
3246 14623 7979
14222 1782 38286
22096 1011 18959
39697 24547 21670
8037 10555 31673
20921 1375 1525
1022 22842 22209
37394 14561 18133
12322 6657 22047
2456 8324 3100
12907 3343 37525
28189 21815 4430
5889 14319 20642
6349 5554 22690
15294 5485 33509
30137 19964 36313
3882 29598 28471
10632 20600 18550
3289 35230 15210
36686 22062 24306
31642 29364 11587
5483 33177 34915
36474 3203 1928
29846 21998 27309
24150 35709 11005
19155 11350 781
26038 23224 379
38002 3104 21309
5811 2400 32037
20927 17182 26503
22042 39517 8682
33061 20268 17687
23245 2485 16360
20370 25309 9093
29606 18104 37967
36325 18899 12476
14026 27003 10906
7995 22375 14004
30575 20990 19400
7317 30008 22812
14290 35695 13400
19772 33224 7985
13912 8569 3461
8664 7476 8862
24982 11073 26432
33872 20593 350
6581 31115 33238
3655 35164 30916
9601 35944 21398
35310 24969 16409
27590 19545 23064
7755 28187 29428
647 33181 27389
27571 17366 30542
16531 20940 7621
32141 8623 30683
27281 11053 19543
7973 19854 10036
3377 3065 37278
