3400000 1000
38458 26002 8340
31243 19695 15085
6072 24996 16200
38420 3280 138
23883 38306 22565
25869 2279 7729
8097 37327 11942
16234 21771 24416
191 34283 11247
7672 2761 11475
22553 27600 19593
1325 20863 12189
11884 13174 38462
30122 9360 20428
21373 12624 21692
21686 10030 7573
31729 25226 8691
35871 35288 24447
23709 4307 2522
3792 9487 27151
29134 35720 20737
33728 32653 35440
5280 17312 22626
23955 5459 10959
10590 23275 857
39181 17608 33962
32270 2450 26481
14374 22541 19018
11300 19809 30638
2801 9788 17332
19440 7110 5841
29208 22514 6127
7114 10321 29532
38569 19990 1080
4123 25833 36278
8931 18057 36756
35634 29811 29610
13784 30444 32953
2258 19621 9745
15557 27877 22924
14955 14029 37751
36338 16083 34807
2898 19632 11460
39684 15317 1291
26379 21976 21753
1099 14171 38442
10479 19002 24254
34372 25701 12666
25573 34679 21224
515 30368 23391
38372 2041 24617
16718 20486 6566
18650 5208 37826
20185 19391 2363
944 8666 35206
19688 28369 15240
32147 3122 27376
31506 21808 12370
23844 29390 8418
31957 29874 24633
13334 38819 35535
18508 21242 39340
23043 1719 30185
21552 27816 36348
19454 16875 19090
3691 23114 9948
10889 1718 27616
23537 39729 19632
27597 9873 26123
11687 30053 12357
10516 18778 37880
36420 36107 27864
15204 12761 24976
14584 11396 26419
11560 32495 6150
39113 29661 12049
32411 39080 2
8615 23047 28634
29972 18473 25816
4981 11516 17176
13939 9149 28978
36538 14921 36726
23803 23347 22889
38283 28883 5309
17008 16788 22245
39684 9051 30280
38390 27873 7421
1727 2530 4336
9420 6177 33727
20944 38869 1969
11294 16438 2576
16752 23024 27694
29774 37487 20292
31344 14606 30389
26094 14619 38704
23944 2884 18896
14337 11484 19586
29486 39157 37525
31885 18469 12146
37115 39380 18681
31752 23545 8915
8277 33023 16338
33010 1353 4234
20321 8842 36578
10327 25418 71
15205 17352 37123
9896 27624 33403
15993 35683 23564
133 19488 33062
6682 12222 19354
28985 4985 12982
11971 9919 7498
23110 31895 16604
992 27008 14465
19760 4127 36168
32321 22016 17840
31740 1272 24758
9630 5647 33555
7999 33744 5875
6738 36690 7139
27956 8180 33105
8547 12130 35585
34439 39463 13671
1971 3986 11334
3383 3074 21210
31161 3300 10955
35135 35663 9425
9500 28369 37127
8447 37790 29944
33997 11971 36255
18548 35668 22872
20668 32639 20172
6609 552 7119
32576 25127 12699
7928 22672 27952
32153 8301 13638
29361 7069 167
23190 35850 38818
39966 34359 39439
27535 22260 4824
12280 31677 2609
28673 39726 27686
20009 34055 34117
28011 5882 15787
19273 37441 30706
30672 36465 38394
24717 10008 34993
18604 35099 4442
18283 7616 7808
37249 36805 9369
39765 6660 5526
22046 4141 15741
33273 9766 30834
25449 32580 16447
22701 10235 2579
23131 33316 15389
24381 14232 33565
3652 12072 11242
39681 26606 24505
16679 2524 32571
13859 5039 36609
27173 17505 26678
27275 23646 9279
29744 15101 35845
22097 22168 10507
33348 16583 36060
26802 33992 24665
15336 11714 2078
25180 28941 5052
12007 5239 2766
11414 31416 38831
7367 28315 20368
26269 17275 29807
2742 4034 23864
31536 38063 3441
3241 31161 18841
7914 37880 35072
34471 22983 14494
24159 33210 37455
10184 11952 31960
27817 19239 35409
34891 19754 37397
17990 3097 26575
33439 18942 15707
2822 13171 37806
25212 34919 14247
31450 9168 3648
22947 16178 26702
6861 1581 2009
2092 15239 8143
4736 17045 20883
16679 26865 5066
25627 15435 24616
30674 8122 22614
23323 34079 8081
11604 29339 14143
4023 29894 29075
23867 13581 33170
492 32720 28590
13450 24019 29959
2502 7639 6802
31155 26554 10562
21083 26247 38085
16990 13732 37201
36835 33558 39531
11735 10021 34383
24923 32780 24741
26745 28679 29423
8660 17719 16531
19777 9263 13672
39986 35745 26768
22226 13705 21957
29153 32427 10419
2455 13803 15427
32094 20522 28044
39633 4178 2519
16135 6744 19154
18296 9526 35701
38683 10561 11866
6728 11785 5302
14803 7613 14041
10764 33067 13622
11209 544 36940
39062 26588 18062
2962 9389 15545
29872 8123 24699
5747 27507 1275
9315 7076 37271
16108 27054 10866
4803 10659 35256
33907 31938 18654
29115 37101 4894
31129 11254 1974
32087 20288 5305
38394 1664 7486
36944 4507 32887
6259 18825 9331
33727 18501 16548
26485 31420 16270
6295 11697 34826
29171 24891 25142
9081 16340 13462
8273 38761 5215
35909 8116 37439
33791 11078 10354
31489 29938 18272
36327 14356 27385
25775 17589 27919
8616 11792 3497
15995 24861 33445
21819 18665 25613
11973 37108 13552
26682 7491 1770
14594 29889 5402
2407 16683 5775
24754 5800 24037
14900 30353 27137
12442 33488 38433
38942 10935 25065
17305 30244 22120
36191 16779 11061
14070 22135 17098
4242 23931 8659
18550 24668 382
24770 29734 33459
29167 24436 15472
18175 20480 28166
10327 21389 37597
31484 4114 8593
25290 37516 2677
31242 37208 33495
26431 19587 29764
12595 13951 39477
19692 35747 37091
23690 18223 6184
8286 14140 28064
11376 23413 17756
23717 26797 32615
34543 27186 20289
37943 25715 3358
12565 20887 22015
34591 34825 33203
34696 14503 8326
26711 12095 26586
11311 14461 17560
20458 3189 23799
34918 26001 15433
24565 13730 11306
37805 18356 34379
28205 22820 11523
16167 12357 2312
37363 39911 23376
26490 14683 1064
27634 32627 14085
4310 6806 19705
32441 27307 17282
19694 12963 2197
28054 6595 8035
15478 4449 22153
18610 31813 30176
17064 22380 6098
23636 19112 23038
27174 19967 13037
39276 15560 9211
24192 12735 39068
8246 22087 6218
15783 13901 9879
19096 16174 15684
6560 22324 9083
36640 34823 35285
30337 865 39377
38691 39063 6048
5370 20394 22688
28992 12902 22810
37516 22548 31151
27448 39287 9357
27933 11814 28911
19294 27123 30729
15443 36270 28582
34140 18582 3641
8297 15953 4963
12036 8739 35743
31451 30779 36930
26221 36793 11433
3305 23321 30743
16338 26629 31525
25610 30384 3965
8830 26023 35337
18952 5803 19369
19945 37464 10767
18795 9601 32116
29914 8847 11676
35811 27666 5889
24058 21508 29241
27478 14731 14459
19100 10062 4617
25990 1208 14648
12914 36909 20233
39221 33889 39000
30832 29908 14728
13434 29568 1949
5452 33963 25445
18601 17213 13076
12657 12014 22129
12355 31620 17881
13884 9503 25048
3348 24525 29109
27623 10343 31336
12016 27577 18170
23419 32424 3917
3897 14496 7121
39971 30480 28718
11540 8292 27157
6140 20730 28079
28998 5044 6277
39937 38823 30735
22681 19584 23374
20978 2583 11812
15802 14373 10699
10563 36765 30764
16443 30967 23034
19716 36512 23662
14441 1275 14897
12301 28152 23852
38938 35394 35308
25430 25804 25573
34405 11673 6894
2441 35295 3724
36017 4581 20
27581 2177 14618
21439 16070 27031
29281 39740 7368
33259 29011 6156
37447 14151 339
36916 32674 3255
9563 27524 39725
9500 10786 39925
37997 30560 23143
2988 33071 29188
5789 19675 4165
28822 2931 23239
19358 31678 4351
17060 6465 23670
18182 19356 8294
19546 11946 32046
25393 39125 32753
17331 8972 33595
37038 17468 95
20085 20366 36440
30703 29655 15745
19442 33104 12686
12866 11542 136
11957 21445 15380
38978 39046 10493
38269 12716 10413
12103 35467 7021
6712 7094 28509
29254 18091 33467
14623 772 4337
10097 7176 15647
10285 18755 9149
11955 23149 31291
33299 32280 30272
32039 36849 35552
20702 9129 31316
28140 25670 12252
14829 19563 10469
8095 28325 4528
33394 33151 6400
25903 10263 11973
31903 23445 2761
11480 32288 20609
34680 7121 17696
28450 22882 38810
2016 34862 14338
24257 9221 39100
4967 8799 19001
5694 15135 17119
22704 10847 4114
38573 9349 17077
31466 33597 9730
35875 30896 18037
27582 12430 14898
11832 18913 1402
24288 2640 15107
15744 39095 6775
435 32686 5973
30210 23060 10043
19434 21803 27553
10277 31503 20281
2512 29673 36849
14670 13013 15774
10982 845 31101
943 15456 35302
35259 29555 8831
33727 30592 24043
16896 31040 9219
10007 8659 37947
17440 8565 16075
4599 7516 8919
29423 37592 583
21984 23277 32876
26362 25115 4526
30804 31424 14711
7813 31501 11921
17571 14592 8346
22970 8578 34593
2960 32792 28171
33831 8701 24706
39040 33093 26550
10887 11913 8244
12348 39309 17197
17380 522 37400
4524 23565 638
5355 31547 19941
3169 34569 15644
15338 14997 34196
6298 33694 35162
13975 3678 5139
30589 351 6961
34332 35549 13699
15247 13795 21211
25925 12644 37593
8221 2961 7014
32008 33919 13858
4430 14276 5400
33860 28532 38528
19172 22452 22086
11132 12947 12771
30116 23452 2285
10521 3483 39252
13472 3767 12797
8960 22760 25365
21914 1936 17689
36234 5853 37665
33484 5961 37700
23078 39140 808
19517 34885 11964
32317 6810 25726
38255 4385 24433
21062 26243 10006
4307 11186 36850
10117 14631 21263
19479 29727 17058
10382 5106 36518
29348 2204 16599
31940 22258 28560
34425 36697 15052
34046 28111 2514
39083 10280 2657
5364 21977 6484
37553 13497 4012
30201 14664 34257
7840 275 21852
14473 10832 38486
24539 38025 721
27199 18582 37047
6444 20421 36365
30202 11637 11887
29779 36953 34444
3839 20126 22401
368 34508 39597
27237 4283 19949
12374 35904 30526
35601 10987 5046
17273 20204 5576
37912 21239 9036
33980 13831 11460
30986 8146 38128
23372 29211 1659
29685 21778 36998
14233 13036 31881
6832 15338 6528
12051 6419 34831
31477 31827 8333
19704 30346 3249
25493 20079 30391
2089 35336 24445
25814 26000 13153
22076 38878 33509
2248 38971 457
16336 29953 34311
28888 26554 34309
16348 31853 584
28782 24616 7061
5237 28491 4856
17449 30922 19923
35970 29257 8573
35767 26062 585
30948 23120 9665
22248 32212 17208
17735 5947 23642
38196 31452 21737
14869 18959 32888
20047 22382 33090
28309 2244 31478
11470 5406 16822
34970 24492 38133
23795 3973 21532
14177 38020 6931
2395 26899 15476
27373 3824 21587
16174 28933 20132
7116 24964 9968
4753 5360 39372
34075 21715 39945
8549 1963 22236
19038 23383 38005
24740 18366 17560
29398 8445 27691
29675 1009 31876
38566 23972 14339
11315 16276 17542
26788 13972 17930
34061 9693 31824
6010 36103 18528
25638 1593 38620
8296 16631 22636
29807 36974 25469
15951 669 5061
26780 25441 29667
1619 36049 36016
28188 2348 39559
29884 33639 39820
14920 395 743
32625 17680 16328
12324 851 34238
33817 28238 8577
16100 16828 21218
601 29373 5532
33894 22116 18366
38390 31310 21836
39237 15714 26113
14458 29038 38849
31029 6608 28805
37186 13430 10176
10901 27664 11462
37959 17119 37724
32735 39754 6566
32514 2004 6859
37607 28314 26389
15944 16935 17566
26065 19952 32100
11251 15542 9603
2477 39702 4564
581 36942 17956
16735 29278 17251
13766 6099 22033
37901 36087 12594
30551 1795 19699
7785 26071 17920
6909 17937 2693
33690 6861 28369
17428 22771 11669
11040 39897 30664
22959 31208 1790
6503 14437 966
27359 31101 19228
4334 35652 5581
2397 33452 315
38077 14657 3973
14866 32843 7161
20220 17262 15324
4280 29936 32395
3765 20413 22562
28433 29827 1920
30805 25039 26708
17336 25230 26966
17384 14599 22075
33653 5026 10755
29744 25740 24345
226 2188 33999
11916 19969 6266
29145 12786 20881
14548 32298 12590
607 32289 319
8865 27134 8063
22669 39578 27538
15964 4569 15208
1724 33886 29367
3281 19229 4771
37149 3739 8201
19746 15266 14791
15626 37168 21465
33309 38990 11359
29380 2723 19310
24193 36087 28007
30363 34058 38411
27452 3559 28115
19003 2945 5869
699 3806 7836
24863 16040 33601
19398 31210 13227
32160 25664 27080
35074 18817 12260
11746 34231 9902
982 26911 8037
9293 3673 25165
25562 12125 31422
36139 38232 17743
1335 27152 28790
35839 36809 1340
11620 36621 35616
5626 652 1500
20476 25838 31699
31015 13769 23808
34046 27963 9741
21157 16114 2837
13947 31431 9171
35608 37348 8145
78 33643 29005
24152 27379 20589
21339 1001 33658
11798 4971 11371
37735 19755 27070
34097 37575 25629
31186 16927 13402
9407 2956 39029
18187 18530 21072
36669 23258 1167
31155 1613 17690
8673 26824 20602
21270 16124 25303
6681 7375 34542
23404 30067 11809
32096 18379 29380
5060 27384 38081
25840 30765 3983
8789 20419 5396
19978 94 37475
10257 17623 1582
30101 13664 37190
20204 33192 34691
36609 26176 31681
24519 1834 20583
3588 20766 23439
16550 30941 30315
2700 10010 15400
32285 16766 9582
19779 3314 3167
18983 5037 26781
37187 24921 16283
31235 3502 13885
17047 4766 4560
27930 5909 19588
35422 7135 29204
27778 11277 4691
22317 8930 16493
36835 9788 27789
18657 23130 13096
24905 29559 4912
7312 22178 31656
6393 22291 38887
35309 19134 25148
33612 22395 36841
30025 20525 38302
35417 11478 21170
18734 38742 4715
32397 36015 38494
12127 25248 37899
19422 38375 28988
3236 22140 36991
14917 15833 8913
5171 34161 20503
28020 25290 18863
32153 16625 19536
13924 22653 11737
14399 20880 13060
39539 17481 38223
25062 25936 23365
18492 30800 29501
11443 7664 21371
3217 32365 1192
16618 31205 32365
35525 30784 18339
21941 23084 19899
37303 15007 2957
38225 18339 8513
8193 24229 28783
23868 8205 19814
30909 26146 13508
18885 28155 24321
6536 28881 17201
22352 28401 5680
27898 7861 27910
8636 29135 39281
25127 22903 7167
2217 7118 6893
17915 30866 11370
37 8717 4023
34795 22339 31849
9834 20572 1597
12252 24325 4841
20856 20385 24411
22850 14142 8018
18241 10904 4766
8764 20082 6725
34209 5643 20323
29128 4836 5988
20068 37933 1175
27602 7728 30219
13840 10391 11345
34151 11789 1956
8562 30135 32836
24037 8259 11392
3689 26419 18563
36960 31612 24493
7533 10216 33611
2913 23489 7329
32651 14883 24173
17584 5647 27136
36120 9236 32867
33165 37132 25931
30408 15832 39165
12884 2507 35456
23546 13520 35908
9953 3567 32258
16360 8167 2900
18677 39692 5956
12406 8061 7799
20156 36256 13525
38562 13661 17894
14504 24206 38669
8269 16427 14914
23419 10138 21159
26528 8888 36982
29396 12643 14686
20602 32993 35576
12590 4381 25425
8245 38520 13879
10687 26618 7667
3057 18882 2083
33324 3404 11947
32743 16731 4938
14315 15952 2514
31421 2386 26903
9743 9642 21874
12827 30704 38680
802 5694 14918
34491 24030 17180
5762 17464 16268
12457 34059 35669
28953 5478 12786
27839 39810 22464
23997 32118 8943
453 32160 921
7097 27075 21258
36553 30797 22079
39706 19261 24424
18639 23346 14050
38786 28757 25508
18412 3463 15128
18826 574 29376
13440 22002 10546
14865 33262 24693
37381 1371 10294
35753 37410 3393
15802 19180 24713
26824 7844 38433
3292 13208 28031
25527 28358 20959
29235 26084 10377
33493 5531 6002
21922 20122 5316
28080 17882 14075
20997 25545 39084
1427 1974 21745
3150 9614 31566
30651 15006 32009
34717 2055 10794
9685 20386 153
21852 3739 3978
39686 29952 2329
23494 8520 29556
2698 1799 27568
16811 35300 9945
32442 37469 30459
7257 25276 18319
3395 23828 6521
6330 38130 23294
31634 11163 4804
20556 28508 34006
17560 24558 17037
30856 3832 2540
13007 18280 39542
20764 18871 39320
753 33918 17615
10766 21047 7540
16591 25177 32453
22241 23403 27283
17193 25692 23430
29794 23176 11345
36484 9130 34940
11316 39357 20883
38229 9763 3597
21938 11201 13144
392 1110 39494
37063 17483 28785
38891 12826 19437
20386 10807 24455
29973 33563 27921
28234 2149 9076
30982 18180 32788
34699 35817 33328
33370 35925 11541
24382 8068 9670
20174 782 8807
22169 12550 14282
4913 11388 8699
32672 21659 31644
14973 24475 39482
24008 28878 12573
1589 1924 1186
38907 14225 4525
22277 18421 21864
16515 3996 33168
35705 31576 16195
30674 12120 16084
19094 9434 11910
37283 27915 4441
34011 24251 3837
25265 33696 11277
13123 31272 34617
14279 26815 7688
25151 30468 12019
4247 940 19793
333 6574 19248
6429 17347 25657
35680 28412 17817
458 34126 10392
2560 24346 10227
31989 27416 20956
22089 33054 2198
21823 36086 20273
35201 22273 4002
9796 39446 28459
18217 39411 9100
13357 26796 2568
14386 22550 19202
389 308 20527
29452 36560 5372
19573 28135 32507
19445 28594 5434
32496 16106 9719
22254 15286 30285
38072 27773 21218
4436 36292 37732
37212 11006 12255
5106 18957 1716
22974 8643 19682
21514 24222 70
37824 3492 10369
22713 36100 6133
35142 10742 949
33699 9828 34087
30857 37767 25602
34390 25616 27088
38198 38623 19201
9095 11481 6
8480 26285 27972
13669 36488 25728
37033 16126 18778
31964 27791 2223
38978 14975 12139
19779 33571 37989
600 6245 12895
29138 16500 15727
35332 17326 1238
5792 10582 35274
28655 28332 37877
6657 5436 3502
1387 9785 38949
17209 39700 27721
32373 5324 15466
32564 20087 1763
36268 4692 18345
12522 21739 21266
38432 23117 2865
19538 34168 30826
38734 25835 4085
8744 6144 6355
12155 1185 13822
28954 7846 13691
38113 36685 19271
39380 32688 33403
9660 32219 18374
1108 683 18876
1058 5933 25882
3507 10827 15839
18990 32194 37022
27920 23679 38525
1462 37513 8660
32579 12342 30982
9536 25863 629
26765 22552 14348
33479 13942 29007
3311 164 28233
1009 27486 32120
36548 27000 11751
17543 31547 16206
171 11130 16858
15072 13041 34825
27719 39643 28246
6535 9186 455
37538 1605 4910
29628 6903 21668
14089 15172 24099
11643 24151 13903
30164 15136 14013
33613 38955 24023
4681 172 28329
24469 7983 686
23878 19375 26351
27173 38304 10596
12882 22414 29200
20995 23698 34824
32985 10171 34905
35119 4858 7933
3362 22490 29155
3279 700 12845
9668 29296 37805
8155 26112 2340
26611 5883 30464
6427 17766 27590
7461 31298 36729
22699 18325 10917
4703 17551 30455
4159 34442 23716
7673 39584 33742
38629 1870 29177
740 34603 31606
36167 39307 34095
10805 6106 8969
413 1317 30977
32080 14033 15719
15828 123 26352
12085 25054 36791
12454 37459 23397
34623 11319 3108
34070 18495 1284
5721 16786 10330
36893 32324 27215
8775 23229 459
28140 4822 18470
26999 2838 1041
28058 35628 21328
38461 2739 25331
25826 4032 9568
6451 25184 4252
33724 29247 28565
39513 13260 26889
29517 17986 32661
37491 2044 6405
18712 9862 38286
31038 32171 26364
32780 38797 34998
27895 20647 547
18886 32725 12645
30300 33745 35675
33637 38470 19015
