3400000 1000
4818 37135 28630
17156 5758 4209
3435 35191 15384
761 31544 39431
35580 28550 9877
32720 29584 12819
34765 17533 8446
39141 11174 5386
14412 20573 38414
21027 18969 10925
10404 13484 12918
17448 38495 25050
24862 7473 20383
36414 20563 26581
11214 23650 35479
31669 33267 34764
1413 1308 37715
17503 13642 35823
2308 3553 19330
36802 12815 20056
26291 39111 35201
28237 32800 13153
24143 35250 9803
32791 16675 38367
34059 13539 23111
32504 6533 30314
24877 17643 3018
23047 38168 25942
11469 20544 2475
20613 28543 3994
22732 15065 20361
7753 11445 9540
6565 37695 17239
36016 8538 6181
11114 29375 658
30631 20438 33005
20057 27434 33655
20690 8692 29529
22929 20165 31452
37405 10768 24218
8150 26155 8761
2315 37040 10935
8371 35508 33241
9990 1772 28792
16030 37857 3305
35906 509 29925
1646 32102 29224
14263 19014 12453
19351 8342 10480
30287 17162 30345
15270 32131 30938
6391 4235 29330
12795 7957 816
27074 18065 31929
13123 37102 3883
8782 24340 35979
20512 7457 17413
19653 30084 39255
28878 16327 31175
9153 10283 7002
15723 34312 8226
613 12129 6851
180 29010 19774
16488 24096 4498
35999 20190 25678
14070 21846 9200
13727 14462 17231
8478 19790 9135
35524 33614 13955
24349 36696 2208
37748 29705 34004
27550 18360 16547
36605 14738 10538
4144 35790 5938
21302 24838 5783
8631 3395 37557
22066 25548 31549
7360 5597 35233
766 5065 11001
29726 9112 15434
36382 34677 39553
33279 11993 37648
29340 36642 12035
23530 32160 24142
26879 58 19687
14661 1743 15945
37141 4045 28052
17573 20643 29749
2912 9774 23815
2741 12281 19853
38274 30963 24301
1413 34757 9826
37197 32481 24577
28613 15367 11213
16138 8658 996
21633 10407 177
18010 9432 19576
31907 30031 3839
38468 36352 31467
39432 6750 31064
34136 29470 30068
12923 20889 22611
31668 16341 36484
10326 27227 23089
30749 33728 17564
17886 29009 39117
37353 7215 25100
26599 10336 14235
17719 21086 17109
27653 19857 24629
15672 27671 28201
38166 16995 4935
10613 13989 7683
24508 39762 20145
15584 14665 2457
8135 7434 38807
7642 31713 290
13090 9720 29372
36994 19418 15841
30087 33098 17705
21288 38263 4808
15380 6400 2487
14403 17595 17559
23997 32292 9274
8268 32248 19202
21106 10319 25573
15817 20002 29716
30977 1541 30190
30580 28825 913
15746 9760 26301
14422 27344 39618
403 12994 30837
29874 2695 33927
13050 13329 18016
38477 14005 34822
37102 21238 24272
18259 12064 20683
2401 19987 22642
10632 12281 6610
15235 26048 10937
19401 6212 22766
4765 34164 780
31322 34588 14418
7817 9445 26728
6392 29586 28081
29008 6803 30872
19759 29317 18040
20986 33542 7674
18281 35895 18013
34404 12007 13245
14533 28513 8687
11041 5638 25973
26834 14696 3909
31471 6836 11906
28430 33578 36577
20502 12996 13935
33927 7480 15266
12792 18964 18808
7085 22544 8237
5588 15800 30102
34631 22221 16147
37343 12326 37079
7505 29755 35312
12393 5237 12432
34157 14005 35833
2531 30878 35122
37498 35318 14966
8084 29891 14539
21689 22493 15988
17094 7920 32845
2062 2096 37574
23733 15390 1560
36355 23530 21636
39956 10338 39828
16160 8549 20240
23910 10520 26296
4548 38120 12743
35273 20214 20847
9157 23907 38141
24751 23375 4546
29576 4007 12243
23129 33144 30458
30683 18222 1433
30494 31763 24035
39036 9389 39992
10001 27826 38937
21664 13965 14311
17405 32544 35340
13016 39886 17309
17059 19186 20016
29490 29478 14089
26213 14011 19314
27441 34912 23868
775 30845 39864
32818 17037 21522
3768 31859 26423
22566 13651 19460
15301 27803 14132
6583 18787 37746
25460 13311 17647
28269 7333 24274
30232 34566 39435
25721 1762 31685
17963 20087 10374
32194 30139 5012
5621 13431 20728
30021 12221 31681
26135 249 2309
3379 17747 11394
33458 16151 19685
414 3180 39298
39506 12962 29883
9107 23390 7362
15435 16968 16926
37823 9230 16380
4971 37933 19264
27265 31026 16672
27718 17174 11817
26099 13552 35077
31900 2420 38622
6364 21605 3695
31102 16837 34554
9365 1267 13636
24545 22281 8849
33997 28158 33096
36421 8640 15629
690 17746 23298
18986 31801 10806
27449 6413 549
6571 13603 27156
14657 8585 30292
21561 28454 35976
35018 26147 29345
24227 9454 21528
33412 24665 39786
12879 6534 23950
20385 2723 5719
15118 10128 38116
1797 13489 34303
3848 7876 14809
21411 24575 29917
20440 3795 2084
39286 28271 24293
27279 8314 29745
18021 14407 28260
9351 34865 13717
37165 6092 27700
31731 33232 21720
7613 9380 28535
5274 19259 21405
26756 1823 18391
37025 27133 34927
27822 29034 32724
18710 33258 16579
20818 10752 34108
17779 14880 23742
5560 7315 24754
27237 14284 16961
3792 18901 28510
32621 11330 6999
21634 5264 7448
16352 7189 35837
23059 35890 568
14672 21492 31650
27372 6915 9566
5236 4423 30431
37546 14434 38673
34959 6024 35708
28222 6607 18828
28265 31559 18884
9372 20427 3239
34342 25141 30081
9007 728 8597
1094 5190 36505
21385 14710 13697
3922 34771 18865
13659 25167 8695
664 4881 32779
15778 7029 26973
39779 23864 28215
13260 6829 17017
19354 27518 15202
15055 14501 9978
24118 10102 27981
25707 777 712
4855 18875 39541
100 32603 8715
17095 18938 18372
14412 12811 5558
34931 8893 37441
39687 15844 27585
32620 35915 5544
15324 6344 5465
38577 30858 4251
39146 25388 5884
39844 39652 38025
22192 19120 37189
4310 28587 2892
34152 32457 5206
19989 5431 30044
20147 10731 19758
39763 9658 22276
32840 13337 26068
18973 34376 31048
10803 39754 32549
14664 32524 3375
15699 38734 36466
21767 28650 20870
34192 4065 34293
28108 8771 18091
37786 11731 26386
30503 39329 25576
36555 8314 19618
8273 13627 3491
463 14351 3529
20553 987 4035
18095 10605 26438
2413 38614 10494
455 655 11149
21195 30229 37488
21223 24467 37905
11260 9006 23288
27155 19593 10311
1554 15247 21684
13156 39776 15780
32362 5919 3738
29633 3331 9786
20194 32884 15816
624 39384 38225
22869 10743 8396
16763 14682 2965
17231 35730 19067
2396 23074 21497
3287 10628 5456
10114 1062 20771
22232 30969 22460
7947 32962 11018
8298 12224 31954
25551 24771 6676
15962 7610 3580
12769 24426 36507
38701 28963 33123
27919 23348 13999
2218 27078 31545
33556 31032 30511
16395 38733 28621
2242 28585 35039
8452 8169 5278
11221 22530 3916
10947 37974 25992
27512 38632 24928
3881 38059 19214
18595 12437 2046
19915 5372 23571
10799 10704 21644
28877 23498 29575
17141 9221 7220
13334 4593 22182
33492 3585 5774
3893 24031 10412
7242 35366 12926
27837 22215 25035
8669 17760 27051
30823 18386 29860
3350 11873 7464
14851 29121 14484
16648 23423 11952
39619 22531 3623
25747 20138 39806
4729 15679 12143
19515 17569 21059
19832 6976 24160
24618 12374 24870
31560 14413 1950
7487 12131 13970
38937 33445 16628
20421 12433 10716
39189 32337 3020
13923 31871 22490
35157 18076 28392
17274 37365 36117
18311 15383 28161
690 6067 33054
1165 17593 105
19934 25150 7098
23788 4739 6333
33881 36167 32813
30344 16377 28270
28012 3490 33543
25219 36251 26859
9056 6068 25750
3658 32480 17473
793 25990 36680
32987 23606 18612
11595 23528 28594
267 13109 20707
38717 23763 37945
17249 16013 33468
9429 12398 31190
1291 11620 10262
15592 15791 17984
11584 18404 3058
25297 6452 15516
25675 11255 31228
6 21520 39376
3625 24605 22088
22566 15149 4245
10335 27512 5349
21305 14450 18979
7098 31458 26570
24365 15005 23510
10087 17774 17391
698 15985 4316
30659 757 26003
4209 32187 20771
25124 20347 34895
6387 38330 39744
19052 5534 2339
6731 5496 13188
5614 6936 13620
1509 15140 12631
6203 4536 26453
22560 24103 29740
34636 9972 7955
23928 37924 27052
33594 29985 4788
19905 25534 21064
36261 19831 31493
32557 36773 6758
254 15940 19124
36838 17793 15794
22492 16790 33109
2276 19902 13257
24971 35020 198
13583 21511 16890
29184 37019 351
22867 39812 33750
13851 4208 12877
33791 37532 981
25000 11388 3994
24460 2376 19394
39238 25565 5430
36958 35662 16621
31461 13598 23487
29297 19364 29214
36356 22093 34988
27762 26764 22157
4569 3053 9226
28158 30198 14476
3670 13034 31217
39747 689 13807
19501 38305 31013
14011 11126 34850
22731 9638 4752
39953 20518 4140
31016 17176 32237
8198 2156 11238
5414 7395 32694
38523 37550 6408
28451 14867 12117
32193 13762 29740
9062 7490 22568
23734 580 608
20833 37335 23855
5733 20417 30680
7398 8211 3160
22959 36391 33720
24707 10857 32018
15274 1439 13428
23915 21280 30041
32966 35326 11501
11233 35054 13149
18906 38077 27829
6725 30 33978
3504 29279 38588
6717 2085 30178
1146 23671 2264
9109 1913 36599
29489 11634 25334
14361 23755 21671
12956 21276 7067
23798 39363 13330
15611 38204 26249
37616 36946 21326
1227 3141 4258
16191 32385 2568
27438 16318 24755
12106 19590 29212
18140 12234 39536
15212 24154 20647
10037 27779 974
21232 28485 19679
33430 7319 39687
4836 27748 27461
29698 1665 21051
20359 27297 21362
24390 38501 28134
14430 7957 34515
2094 26784 36852
2369 6108 15715
14890 18189 17253
28198 38027 35800
1144 34463 37498
18422 25032 30395
28479 11519 18871
9476 18049 23490
7328 23772 27232
39258 13313 7142
1841 39320 30660
34052 16343 23199
34152 11066 8826
36943 34513 7665
16103 24154 13096
32600 19204 27570
37040 17509 13166
5795 11879 13114
817 8253 5332
37154 25379 20521
15283 31738 15645
17948 11643 30828
28631 35306 28553
24663 20639 36978
7402 15051 1398
4984 34890 2736
34375 32144 20532
13638 32197 6325
13316 27526 29216
15033 9393 23464
32931 12823 689
1214 6509 22884
23944 13501 37129
37796 27377 27420
38253 4921 1063
405 3340 7990
35408 18505 12184
13266 30343 10496
8216 26744 33348
20878 13793 25020
33642 27217 5748
28775 37486 29334
12020 39667 28767
7643 18498 37586
37141 31855 36407
23336 37690 31094
39677 1370 13488
23433 30474 31486
11870 34362 23226
20274 36315 9909
26312 20040 20661
25217 29481 8159
12125 37990 18310
29005 39987 13353
3220 39416 6634
16755 1297 3908
1112 36112 10268
6438 39965 1618
8498 14424 11501
10966 6273 27685
22459 20190 19306
2788 27395 26334
38168 17409 39028
6802 25528 26358
24505 39628 9428
23706 19235 27660
20687 8144 37685
20295 26815 24608
37131 3466 31458
25634 16743 33976
32575 35094 20825
34991 27675 2513
32779 35721 37908
37906 5670 35838
26973 15411 12389
31463 30038 10555
34612 5917 3207
35536 6020 39552
16825 38793 4974
19092 8817 32610
961 33349 26762
14217 4330 1867
37549 26517 32383
10856 10160 26646
31720 17871 32905
775 27818 2335
25837 2656 23505
8268 8650 6408
26682 9503 34461
8936 6842 8531
33584 14235 1454
18337 26740 35969
32353 38806 24375
18995 16659 34847
11073 27729 16620
18343 37201 14582
765 23063 4591
35981 19054 2172
7470 1405 8010
20679 31040 36544
16228 15981 31733
21969 38372 18607
11666 21124 2801
7028 3786 34735
18109 16017 15836
14342 39336 10283
21256 5957 23121
30644 26095 36678
19584 26257 36678
26610 20969 3484
8758 17940 28510
37189 18004 2121
30741 7059 3256
37012 9936 7113
33468 34766 12847
12067 17299 6970
39246 7871 6275
17079 21916 13337
35136 29518 7802
13807 39527 2475
28363 5123 5012
11817 4766 14655
5472 1158 15093
26418 11194 20470
16946 1785 13345
27667 7453 7801
4091 20337 22036
16712 4693 9424
2384 23147 9464
7018 6863 24890
14308 5677 33891
38176 1708 1155
25943 319 19757
26572 33913 35632
940 3053 3593
1895 14859 7426
38460 22837 14888
6575 1197 37352
5267 16596 20961
11725 26473 927
31221 32598 35985
33019 11111 39254
14355 16613 28157
38888 10512 28896
28565 18160 25762
24383 17547 30137
8592 22495 29824
18430 32174 16183
20877 16452 21071
27336 26244 35556
1384 14510 12319
1447 16131 25561
1288 17546 11548
6997 28484 11488
16732 4804 12861
17495 2799 2350
31722 22418 11908
1263 3037 14134
6625 2511 12585
22017 3872 31471
11629 29972 20490
29918 19202 39889
19214 7371 38461
15199 21405 13077
15393 3338 32998
14078 32996 30792
13481 25919 18140
5079 23994 39669
39814 3713 37460
7673 31347 20865
3160 32397 6992
21504 11297 21745
24784 1464 30020
37334 36088 10426
21353 33898 35078
13770 24000 37650
19071 4328 18915
12086 9428 24490
35526 38069 33648
19012 21533 6458
31265 18410 17099
33446 21920 29196
15042 23917 39871
28992 26491 21117
13614 25022 32851
36440 19049 19332
29185 29506 11906
25306 4912 32726
27910 28720 14781
14580 34063 355
14735 19093 5926
542 22605 16191
20690 4125 32448
9939 10945 31181
1799 30532 19218
11088 6769 28706
32765 37340 15547
9684 23456 33603
33061 38309 16806
17933 12019 4277
1622 7617 29437
9168 35510 1603
31923 30875 5273
36119 39153 37546
34764 387 4667
28719 3417 7571
30165 28878 36598
4406 31618 31116
36046 38918 30487
22437 9961 30629
33018 16508 31738
37827 31548 35821
29573 25275 19281
2430 39147 27741
3432 13877 20499
4551 34347 22595
32375 3308 18197
3294 13384 4470
4074 16620 2495
7048 27416 15963
12737 38492 38184
36301 33134 12620
13601 23921 16647
620 12153 4845
26297 17364 4536
30455 10314 2299
37484 24771 30303
33534 25539 13335
8040 24513 39048
15290 32360 11564
20733 12746 16036
11671 30801 33069
34984 37504 38270
28512 5872 13049
8961 14891 31162
34911 36983 24245
2214 15620 25041
35571 3462 22766
3060 36540 10376
8953 9968 1721
29885 25431 34522
30648 19589 1720
34503 24095 25049
5700 27112 8061
35317 2885 6909
14204 19168 32098
6263 19443 23897
24070 22063 19800
4064 10464 14012
7443 33502 12547
9844 18157 16433
3565 39171 20391
10264 16868 32609
14631 23928 30012
7027 33869 3401
11830 8960 17893
7264 39939 17934
29813 32665 31014
32088 27381 12128
35639 8047 20062
39069 19267 17515
23259 6266 30737
16651 11420 29649
16704 33008 18186
6391 4811 51
981 39584 20527
10014 4328 24237
29923 7054 18110
33497 33158 19811
21454 26427 599
25825 4578 32696
23325 6438 3782
32329 423 712
33051 14757 26478
29514 587 8139
14294 7227 18902
21934 14035 31276
36875 4540 27753
17484 25235 34125
24139 13794 32104
26085 26469 8613
9315 24358 23478
31099 32754 16341
20884 15949 3432
29894 7187 30531
31534 28711 8833
17697 27479 12071
23944 10301 3154
30145 32631 21532
39992 29225 28442
9321 35781 17489
27717 24017 25956
9880 24880 17853
27043 32400 17596
2733 4742 6122
1620 6062 3703
21568 22318 20920
1627 18751 5553
998 33535 36848
14641 25682 38705
32417 13141 27660
33067 21172 25882
2103 9259 21059
26928 13249 15070
15023 37378 30077
31610 39300 14419
32863 13803 36682
6660 467 21221
9899 37234 122
13528 10364 4860
18690 19906 24809
22690 15456 12126
16578 34889 365
14458 36892 29723
9627 20134 6117
29003 21650 24008
31944 29878 30763
20109 24889 29029
14599 28090 38557
9327 22093 26336
17817 23547 12928
34286 9334 16931
13241 26848 30446
34741 33669 5526
25174 29907 9949
14015 28135 38202
38782 13364 39082
3743 2533 13153
16640 35445 22057
26270 39179 31692
36532 31068 38077
17555 33503 13498
39995 37694 36778
4343 19565 450
25749 13954 38053
6205 8157 17134
5353 24564 29462
33025 34527 32756
10337 8171 27796
20633 30987 23956
36072 25261 30466
34766 27482 35688
22517 37738 11372
9429 20359 5350
2418 22870 20271
4612 12413 17982
19567 14262 16734
38236 32302 18549
31833 14679 30324
16112 5352 33397
25794 15073 36648
21302 20684 1980
13604 20573 22036
20418 4797 21262
3748 13874 18035
8530 4264 8606
27858 24312 26917
16923 29627 18647
24858 39378 22030
16750 27442 14771
16689 24620 31714
4298 27776 30219
19685 21674 31569
24022 6674 20677
31266 10252 13782
8925 21026 5853
5716 28629 29528
23377 16342 39585
23284 33032 26926
25884 8048 25692
39341 7417 27683
32546 30015 31825
13282 7120 6370
11802 1107 9720
34881 5688 29135
6066 22449 9133
21939 4953 21767
4013 23108 14251
27219 525 22268
24020 22526 13337
4853 20740 33083
12484 7985 28924
10925 8762 34564
1513 28565 4754
6303 13991 39030
4575 22201 27942
25032 24870 22043
29226 39188 35561
73 17132 37490
34850 28744 19166
6173 33803 19920
31628 22000 39002
21648 18782 29888
35915 39641 3642
12053 28693 21480
6598 25029 21054
16211 11979 23791
12298 7886 24181
34513 1039 7834
35959 839 26660
13836 23883 545
8760 21302 7127
17119 18494 19380
37419 19787 16838
4372 18727 36019
28007 32355 7866
1666 14041 37520
27077 4411 479
9472 1693 33873
8545 22957 14063
10405 26072 18683
19966 23708 27746
35097 13833 24156
38965 23440 37384
31908 16176 25772
26900 2181 1293
36291 32998 39489
29939 26662 1335
14463 31336 14564
39751 14119 18788
1846 33978 3424
1856 12810 7644
2467 9485 12271
27397 20604 33602
28633 3608 29213
39437 38418 10917
10463 7754 4990
30959 4822 35345
12169 20615 12751
14314 26479 6551
16489 14300 14631
26747 28749 20578
22189 18505 38923
36479 17706 14001
3794 22377 16067
31232 2956 30752
8379 26175 4692
1954 28038 39736
34389 32503 33771
6744 13376 12263
7316 38448 32489
17548 29237 19733
18943 8770 25431
15720 1126 6522
17664 11440 22707
1198 3009 31587
37955 23151 33884
132 33784 24154
37135 37798 8465
16937 4225 29646
11621 23781 22664
33078 29500 34233
33109 3246 16074
14306 10749 37853
19913 12163 11236
2470 26162 38422
23496 37222 2967
1276 39847 6745
8608 37365 9423
1116 15712 25130
33088 20877 29971
11239 13631 38094
6838 8999 30650
11881 33155 36232
33619 37134 33352
33566 22091 20343
11235 29859 28940
33324 29852 32844
4690 8674 16095
3511 2295 1919
20180 31680 20059
12153 15133 3634
39533 26140 35179
33754 11032 39274
20093 1080 28044
37788 22775 6607
12327 13895 20635
24796 17472 13594
6758 14563 17232
12484 12553 13604
27326 25586 3523
16365 4870 22454
33303 23113 9541
38019 39151 982
39011 22165 25293
20340 32989 17901
12906 601 9453
32122 429 6850
25177 16979 12937
39492 18710 11745
34355 27969 17558
22106 25855 33653
12149 11880 32790
24560 5115 13992
6934 26142 10575
6798 10822 12674
30649 31333 32628
450 13586 1012
12142 34907 11595
10876 11225 4148
14870 8543 9585
1297 19316 21083
