3300000 1000
13355 34773 5040
37208 5745 6406
2090 32895 27266
8499 38416 37878
38606 32021 8810
39312 6724 39671
13197 35093 12201
30693 22517 9214
36620 26739 16202
18125 11920 24743
37509 16455 18280
19460 19820 35407
14882 4596 14137
19489 16282 15120
26969 39207 12367
28495 7312 31611
8018 13642 11961
35962 4762 29992
10987 24449 2613
363 9016 30535
22489 4949 28495
30807 25113 22072
34945 8488 16051
36953 20576 24730
11590 30912 3652
14351 9696 19999
3047 4324 37174
11485 30064 35659
20077 20221 27661
19719 37525 9392
5881 10690 3317
34163 35485 39630
21249 23078 34835
28982 11624 36715
581 9793 11658
39991 6772 21315
39687 31992 15445
5407 24818 24739
36245 17884 9637
1497 23101 22691
24046 31157 22705
5522 31271 39797
6419 35905 15908
14466 2501 2063
38213 12189 29387
4839 19690 23464
6670 32149 21190
37071 4796 37118
30349 4049 38221
1153 14023 28399
21089 34665 36294
22959 26053 33036
2484 1805 34581
2051 6214 36927
10299 39109 23757
3363 4373 22434
1579 31688 34613
33306 36386 33366
32706 29336 6344
25435 25787 21198
38039 3506 27676
878 15713 19282
37593 18369 5344
11184 28743 3368
11627 1554 10842
37166 7109 16818
19721 18374 20624
7371 36238 101
25823 38531 22793
37566 11305 20916
37572 33943 35609
7448 1489 33605
7105 36177 11984
16776 5871 5907
10957 13317 24088
8559 11398 6236
7345 22908 18762
23397 17757 35812
38652 21836 30529
35976 12919 32774
27123 15441 16779
37103 22608 27668
27238 33538 31340
30049 33935 14388
23780 2857 23947
16109 33808 10505
28322 6244 8277
15031 33147 31510
4759 11272 23716
39138 2891 29531
366 35908 17706
8166 16117 28844
8513 23707 5054
33018 34533 5366
16121 19545 2821
7078 7909 1269
10648 8917 14163
20890 10933 3734
12418 37290 34049
14250 2409 15611
37442 24815 38548
4235 21394 7206
38886 39520 30576
5535 19389 6720
19313 31363 7090
11914 15444 20670
14207 10096 23026
35399 22908 15634
12052 7501 29442
18871 28639 17599
24432 16298 39338
9976 21260 15215
26288 17926 7489
7777 13985 15958
31046 22313 16211
36733 25440 25821
27158 5477 3070
1266 14308 4370
6145 23520 28791
272 29087 4625
25013 19771 14301
14916 20039 37739
12921 5701 10439
31994 29994 35265
18327 38642 37823
11272 783 36952
5860 15012 27918
3407 25348 15632
3890 33835 14664
11607 13090 30099
39933 30795 21704
23506 11859 22494
12700 33978 8257
34080 26588 31733
23046 20053 29912
28329 16523 36146
14505 19591 31461
18804 32386 28913
17462 14750 3998
34246 34483 525
37657 18187 5567
37433 26203 15991
28214 28426 36271
9499 19719 3412
33649 24300 25657
14321 5926 8686
17102 17850 16806
22271 30660 29793
39924 13566 9464
36718 26606 34454
10214 26516 37151
9066 31755 18928
20274 19999 4459
8349 35906 12928
19887 38198 5580
3986 7590 18857
24454 8566 34668
28596 2761 35892
33064 13888 23337
31850 29935 18582
16997 22928 4742
29442 28154 10342
38596 11075 14546
37437 278 2667
17497 35743 22429
38617 8625 13405
30258 7249 13499
11315 4553 22965
30038 2265 24499
38947 4772 937
16701 15914 4743
31719 33398 37609
7980 32498 6670
23558 17853 31046
30746 14600 2042
36780 39924 15698
25122 16319 36928
1469 36939 4506
22281 25552 6097
15267 4681 35998
4011 14383 28039
34493 6745 977
34459 16926 16057
31106 21005 1678
23162 38638 31260
648 6951 9689
12954 3828 3941
7724 31796 20800
3000 35296 10512
410 17343 9094
14863 32583 22848
18864 30642 26467
24030 6207 19672
20406 34023 12747
7141 28206 17290
19944 1599 4351
18150 6235 37810
27028 2877 30041
26356 2160 20615
24312 14402 6118
22179 10037 37289
4081 25640 19425
38880 14833 8858
808 26514 27523
30136 21439 28666
23419 7219 32362
37992 11392 36281
9831 5600 13509
1198 1018 29473
4576 7356 21782
12995 3592 13313
35365 24634 37296
24999 27764 30967
8058 5586 26622
6829 29338 17138
27027 15089 37960
37495 33893 17146
9889 33700 8559
27144 219 15229
579 8162 17891
10778 29230 20919
22229 31134 32073
15718 39191 1
4447 23577 24659
29000 19766 4492
28878 21591 39484
21996 25898 20573
25936 19226 1204
301 38441 3854
5803 4077 9383
1240 19278 3111
19892 7874 29728
17405 33687 39442
19772 6841 35093
10668 20750 36546
4612 11220 22005
15723 34349 27088
21300 12838 19485
9963 37583 23510
11592 9814 15304
30978 8091 18282
8438 29349 1053
6665 3774 3554
22336 3234 7281
27412 16842 2642
36610 16132 24795
27880 24226 884
13018 257 35130
19800 28608 29010
25028 24548 9217
30788 25991 18560
19282 18618 21549
25049 16859 31726
16706 22929 30779
35001 17675 24918
26098 20529 6209
15120 36848 18412
27177 17012 1591
36835 32017 18038
25455 4723 3816
12507 6790 9020
1402 17836 19137
17516 3912 2118
18596 18902 9088
15887 33210 27964
38174 10115 29250
34156 29407 1260
17334 21957 33885
20080 9977 1243
1804 11716 20636
13424 12367 30911
38540 12131 35448
5705 17308 32421
32283 20658 24491
12069 12749 29663
32498 17102 14142
1887 34668 870
19824 24795 14370
12183 12627 2028
34962 12043 34751
327 14459 12272
25357 467 12360
20635 17555 25243
17367 21768 14010
30559 19684 36544
37309 7557 8919
16595 28287 27501
27686 26373 29961
23458 1704 38469
20512 4076 5432
15512 4095 6530
36930 31189 23990
17820 11309 3081
24223 10855 29093
2106 34104 8338
22083 1097 35106
70 39772 5361
39541 20850 34147
15148 6462 26756
37307 26996 9430
26995 4254 36967
5088 11577 483
27459 6174 26846
12719 9937 688
18096 37819 37791
19115 21839 4861
35813 35282 19940
33334 28041 6964
14962 39639 39486
22753 14085 31697
20039 19722 9350
10424 26138 30452
34480 1618 39519
19673 4189 14018
9560 27227 36474
10892 5210 23398
22874 21060 36793
14241 6438 8152
15042 9680 3313
22710 12577 18057
26729 2523 38819
1744 15529 27066
38422 38674 9580
27845 35981 4218
30045 34266 22912
10036 6922 21325
22544 32316 7862
32142 13991 15394
22605 15863 5310
6428 946 11189
29240 28359 6388
26320 17260 21628
7968 13336 21120
587 11632 8110
20208 27671 36833
35116 22254 22286
29538 26674 6628
2306 29928 11470
9429 30697 34463
9223 18977 31150
7098 37766 39911
241 11115 21922
28484 21986 32815
16646 8250 7733
21057 32193 12141
21826 35822 30314
12103 18813 37896
26990 8058 39629
8052 2552 29605
15115 14111 30139
1936 9944 333
31519 24978 34651
5201 38214 25746
17878 22617 32441
362 21028 11169
37236 20007 6993
17992 30858 34285
22741 8896 12470
26232 34351 2398
37632 17213 33819
6673 4680 20270
25007 6127 1395
477 6360 33771
17327 10680 22315
15971 35236 34802
4714 8406 15928
2115 34326 2035
4223 2437 5867
17548 13822 20735
18301 39273 18458
29887 18541 30073
21730 24736 3592
33316 13750 26028
35260 32956 274
39642 28663 23377
35451 20856 16990
1827 15492 11236
9638 32818 32893
6132 11795 30834
26105 20918 32843
5915 24571 14609
38678 15132 29565
39690 13941 28399
25628 33187 38619
21256 33443 13725
35404 11815 23730
34527 2385 21837
14666 30831 9557
39819 36024 22556
12832 30133 5980
35326 26157 36790
9174 7253 17769
11197 15948 38415
15307 597 10201
34278 29898 32019
1301 34149 33344
8232 2941 18186
9753 24662 20543
1287 39159 35072
24997 28771 20582
21913 18907 23102
5623 35135 17246
11569 12027 3040
28163 17491 29534
8410 36066 6105
25693 12385 10781
35797 20453 27289
5904 1631 28490
22404 36247 10577
31008 36501 5622
8811 10298 9571
37993 3351 9021
16953 16521 12232
7071 458 36440
1084 35777 450
27881 1440 15591
23479 39983 22610
19280 27070 11616
29889 6710 4251
37509 16816 5668
18192 14369 26778
15279 6358 16315
11888 39762 1066
21642 16510 11050
8318 22717 4395
6794 37904 29924
4575 16636 32472
18686 6527 5653
1755 10848 30547
33076 30557 19966
15241 11863 371
1241 34771 20441
16758 32773 3371
24588 5396 38614
26358 15279 32960
3878 28806 2956
29386 1926 32634
37873 2249 20479
2752 32520 11316
35779 2427 20565
9040 15477 31551
6220 13764 6546
12345 22413 37064
20474 22444 8125
36476 18527 35478
7490 12565 36553
16177 15002 11058
19587 6613 34905
20236 24678 1403
36157 28300 4415
27420 23087 21943
30112 10743 3609
36356 17152 690
5022 2511 12303
33112 24379 25190
24539 7745 23544
27647 18264 27535
2890 30092 11023
38996 29256 12135
8230 2769 22920
12456 16200 29082
21206 22614 34672
8533 14352 19002
36631 17505 37793
30223 27256 35347
37784 39509 29884
18715 33636 13637
11912 39173 10414
31518 3423 32859
24915 32926 116
32489 3773 35148
33488 1689 20701
24946 22428 5564
22854 32617 23948
33897 35241 15756
30184 21568 23081
10510 19960 36744
23194 26280 21196
35830 10651 13930
18213 14031 24141
33715 29251 27620
303 13500 10572
26044 5784 36686
21142 13392 25936
16916 9681 20912
20939 16395 12436
35075 20162 26453
30978 27179 24751
27373 27609 26695
12582 6710 7511
25554 7883 31404
38665 26409 5812
36091 37489 35753
1500 12910 15955
32183 32576 3456
33500 89 12505
39119 22256 17409
22327 34734 12687
34282 38967 16025
27298 27675 289
10692 6248 24393
864 12172 27640
14234 35998 36623
11506 17539 27004
26071 19398 27602
6891 23857 4704
25416 14890 29660
17839 1182 17628
9885 31313 26344
23109 25647 2333
6359 38881 344
5580 31257 35745
23447 7428 15131
3907 4538 21635
20142 23692 34444
1188 13895 8997
12330 20241 20129
16463 22711 33798
26557 30917 24165
20093 34761 23149
22964 30076 671
34746 23864 20215
2660 34785 14162
24930 6801 18933
30913 13400 33742
34081 12561 30689
10746 20866 29745
5923 35848 35167
9570 2984 10371
31813 38668 12040
34545 20483 25323
10483 7382 8063
4902 37021 25296
19636 37952 36294
37535 1033 4007
24869 30535 17294
14634 13745 11726
21013 9288 15115
17632 33003 36003
26443 7955 21362
7956 32869 31620
38876 7448 22455
4320 19526 23975
8371 18047 20399
12069 19428 2986
6291 23730 12126
28669 24616 18076
12999 26536 24180
27316 39547 34767
22345 32126 22113
20434 39327 25217
36168 25895 34956
22719 36348 674
34850 35967 3243
18070 29285 6406
5487 39318 5799
4004 2232 15573
25986 20010 9879
36715 24306 1209
19625 21240 29644
25205 7198 20131
4639 35417 11557
17596 30694 23077
26358 2752 10790
34738 13883 3706
20714 933 14684
9158 34137 26626
10214 28977 23857
34008 35607 3260
26274 32410 21320
32895 32841 846
3063 34155 29191
30 22256 38568
11454 9804 17304
33373 24360 28291
11158 39565 26963
20680 34846 36382
5757 21391 25436
6646 14472 16042
27385 35006 20825
2013 5260 35912
36179 23436 35424
6093 37612 18709
1182 1167 25896
31995 14935 33885
19898 10103 8304
38453 14836 8051
35115 32067 17190
33937 16462 33672
21915 25253 31858
1622 33772 22340
2409 12216 35071
19572 18957 17774
27552 4418 21857
23189 4154 6835
19687 38053 17585
6546 24062 1941
35999 10920 500
18329 22698 38090
8944 2123 30399
30284 28341 1960
20141 28372 27476
14193 9184 17097
24497 16305 6904
13737 33263 3103
32453 12986 11259
32217 34273 18584
14322 26704 11051
2669 19952 10499
13979 23231 36598
13796 18503 8676
11895 26070 7217
39760 13375 30936
9354 39823 23361
3067 18824 10510
33275 38479 36959
27667 5704 36380
14942 10509 8706
4108 27369 28805
13265 31910 20495
4276 16021 2485
18951 33583 5484
10823 9804 20798
32480 32977 21778
17866 17904 22576
25443 30196 22265
7562 22171 2242
14273 35219 21884
36596 19168 2028
16111 14709 38924
39589 24792 1261
14719 1251 11156
38963 26311 5405
37906 36512 29994
24768 16843 959
9203 38579 28575
21216 13533 1332
16782 14219 34779
17313 23567 14802
22594 16147 15568
5376 15252 11749
29387 21549 21098
18258 10242 15859
17725 10556 36759
13883 22097 24841
8074 20080 23678
21096 19919 36054
34844 2226 35851
12339 13770 17003
35819 20139 35547
3495 28385 18986
26142 11593 35004
7994 38473 1255
14371 14324 8002
18634 13743 32019
2697 2769 12066
12068 5892 7988
19207 12057 37608
35238 34086 12669
26754 24468 19044
28739 37472 12875
32437 30711 11038
16566 32128 29717
34000 6980 28430
23736 31049 32680
35885 2859 13190
34746 295 7132
17722 35451 29146
11183 22711 23926
31924 25774 29110
18433 18701 18077
26051 26467 3553
32107 17608 36623
5800 13445 25971
30159 11540 15109
37639 10108 36007
29897 15165 1385
35566 8414 19924
17760 31005 23898
30332 24068 7048
2440 6939 27094
3580 8702 8313
32915 33912 2635
2447 23481 19147
33677 615 37418
17291 21791 1263
25386 24047 19311
20832 24131 25866
3501 70 12296
16997 10143 19115
27894 9783 1169
7780 31669 23683
32938 14839 33470
33102 14874 5159
3352 8380 34480
25502 35259 3207
392 36407 11797
30682 34530 30053
18474 37328 31629
21123 4630 23300
24705 2040 29486
32980 32461 36550
29125 7799 23461
20528 6794 4856
11869 5190 33359
34639 22835 28814
37540 18458 2822
31313 20450 26941
23205 24959 18500
20947 12035 20031
24431 39887 12102
17175 38866 7540
1342 20533 10216
33389 39667 30360
28698 33738 30999
2974 17922 21911
17114 4266 19851
2587 12060 20593
14708 5290 14910
354 14579 3943
38801 36016 6838
37338 35056 9597
22916 21610 21034
3236 31170 25207
10263 24419 19602
11158 12556 38180
6934 31786 1705
38246 2322 35163
16463 28556 21872
29430 11247 4418
6045 29345 33214
10632 31952 19641
23556 31837 23914
32586 3220 25416
824 20842 13654
27909 21526 16754
7680 10635 15663
38746 33251 13558
17567 22000 20514
8854 27577 16501
23037 11539 39716
11156 843 17659
29792 11968 26310
24682 37607 35625
26624 38741 34094
6746 9140 18675
4554 17330 14647
31048 28336 9724
206 19023 28949
17710 21273 32963
38260 4219 36268
16394 5294 35989
2494 39231 34315
16450 1146 32730
32670 12122 29491
15550 8071 23067
18613 39583 10130
6568 7094 14287
21693 11365 35756
35683 24791 21159
37752 14982 2820
8796 37823 21914
23773 16503 38938
11782 30068 4693
27811 18528 13237
3889 22256 29496
936 24384 28124
24895 34770 15019
23552 9875 19388
14247 31489 8744
22923 7282 15043
27156 22350 14955
6460 34039 10967
13198 13155 29188
6144 1804 12422
13361 8335 7299
20347 26871 6196
9247 5486 16902
25071 37324 34202
36809 39054 34007
7955 32721 36692
31776 14079 31584
4342 22142 3429
1173 15934 28143
28253 4783 35602
29178 28775 1087
2512 22052 6360
5166 31504 29259
37616 12904 35019
33249 25286 11940
34009 20233 33252
20306 27670 4999
32495 2784 1566
1191 39295 18664
3448 1390 6413
10553 20175 7732
16842 7680 33371
29222 23308 20434
7391 34263 20387
20697 18251 16894
35466 26330 18433
31440 27705 4447
23349 379 5720
11845 24365 30588
14990 5284 11496
21213 21750 17110
20571 25423 23667
3942 19478 25695
28058 20119 582
29784 24590 38862
4371 19702 2410
24221 16233 12290
18198 18860 21652
21199 39164 17798
21253 5199 13525
22846 29170 2578
5149 5308 15705
1565 8485 13799
38692 16803 6791
28336 8168 26915
32499 16505 30215
32605 37672 15521
26230 24178 16959
33390 34905 7447
6049 16917 2123
15413 18777 31464
24057 1185 21124
27676 25646 24499
12261 24950 6057
69 25237 22034
8938 17162 16087
39696 37068 72
24650 29020 21835
19955 4472 13335
22503 13608 16331
26535 20578 15106
3038 26200 35555
21149 18545 16237
27133 24293 7799
10504 20233 34457
39050 10545 24879
8930 33022 9926
20932 15178 33875
6399 17997 24603
34948 925 39394
15701 4092 23151
37102 21899 27048
12993 17683 3802
15144 1761 36458
27847 34143 25679
33128 9652 9897
6016 28764 27071
17132 29391 36052
39287 28551 36993
23584 23804 17000
15219 11374 12914
14970 13282 19476
31649 28923 31255
13229 11885 35883
24941 17754 14445
8032 1024 17258
13673 28983 33588
36500 6773 26661
38303 26081 8164
2155 6036 2791
11179 20392 36045
9839 9300 8520
25780 29560 17947
36378 12366 33749
5801 27008 26309
12977 26538 8703
21520 5235 525
37110 14209 12860
36056 26860 2539
39309 933 13442
5549 9286 1532
17991 6367 33481
35598 36970 7833
12733 24076 27850
37403 9135 15266
22058 38876 21074
22740 36096 4082
23463 12531 39596
14618 31032 19771
21446 29797 13438
35468 6224 5888
9378 24643 4747
27742 9312 11125
7973 38916 17352
16328 2447 23472
6687 1133 3565
6951 18850 18749
2407 10010 21610
22703 1245 6196
16491 15988 1911
21507 6166 32048
21146 2752 5215
23188 39158 14204
9688 34844 16444
22761 508 33314
22317 20355 10569
3678 38606 20249
36420 21435 7992
39484 30752 37206
32523 5571 6457
26453 27587 13239
28155 25314 3170
39330 32416 387
39885 19247 27030
3800 5939 24702
9214 9584 5736
37383 32657 31751
848 28776 28957
14496 3318 13708
11885 10683 4988
7738 30151 8628
21677 10871 19919
38968 30126 38489
28681 24484 39444
10410 29820 9788
31823 7029 38833
36868 19907 33456
16475 9471 28343
38533 21136 6337
4326 17343 5813
28851 28723 9998
9913 18147 3578
9847 38264 8773
27778 22810 13183
39179 3982 29537
16303 37980 13842
24195 12474 19635
26243 30002 3467
23767 7815 27879
18818 38579 21132
23047 31645 31249
35509 2994 14194
5559 26222 4649
19608 12062 29728
31961 16934 203
37312 18888 4179
29197 39810 30619
11965 8402 12652
30721 12357 25701
9157 13888 15319
24200 5676 18202
21127 34089 20228
16219 25879 23493
7821 21378 21781
25430 3854 24266
7585 21370 16558
18452 39628 18722
2211 31986 11805
3571 18306 13330
20717 3708 11956
35717 15730 18901
36233 10091 3480
38544 6246 17789
22475 22687 32410
27959 39058 14338
23439 24672 34261
24874 12060 36279
575 6063 33079
30908 13758 37163
25416 22680 34343
21425 18584 22441
28535 2093 33576
15022 38773 39258
10911 17868 26227
218 35611 5435
15794 38325 34024
9744 25061 12145
11598 13671 37518
13833 13828 25260
33349 23182 27139
8582 4247 14743
22966 14369 2699
14886 19661 24151
30848 23705 22193
37307 15154 20233
31890 6081 29531
18947 34012 24333
26358 2465 25223
8919 19422 12292
10510 18999 10902
23983 38839 23122
2274 2499 16721
10593 37330 275
27708 539 23390
35427 19106 32511
29421 1474 28932
30848 14576 39681
36527 17292 22059
35791 14413 10363
13652 18418 20375
9297 25172 5412
1832 21039 4458
1928 3821 2717
9647 18567 5881
23724 37300 28108
