3350000 1000
5547 10910 35442
39666 19933 11647
23023 4375 7681
35322 3023 6076
24737 7575 22718
38804 32771 13185
32140 26033 17923
39595 30032 1092
8699 37917 35497
10479 14750 33311
13600 9864 1828
5248 14377 27245
32031 35715 26633
19775 24493 29863
30993 6589 646
9874 6856 33661
23605 24921 1639
11336 18660 34735
39101 39251 400
22503 6131 20694
14043 2791 4842
11851 20480 22507
4032 2693 8225
37299 22066 171
27900 651 30171
18255 32380 27509
38747 2223 21356
7412 13267 7111
34118 35895 6988
26128 32298 6881
4663 20697 34026
18737 20943 7425
35906 14995 16795
30222 421 29250
24975 23726 32498
21720 30354 16071
35845 26547 39259
5437 27818 28358
21044 13312 33453
15801 22369 21390
11917 10494 1114
13772 31759 25586
1523 20733 7214
10411 13660 35996
38447 28516 25477
15900 19539 25282
15514 13754 18342
31298 6124 33467
38325 13954 36271
20424 35420 34536
5792 13794 31165
38195 31295 18627
4045 22172 30522
30739 29960 8424
10090 21123 2885
5261 11190 21962
18980 20030 11541
8186 13539 1813
18802 1086 6672
2204 9832 22642
25177 27961 10604
38303 28479 9395
38666 30098 20329
23589 36744 19863
29845 29886 24551
19607 21289 4209
36103 459 23656
13824 12266 10012
22464 31713 19089
23065 4927 19786
27970 18004 21734
13726 7915 5082
1302 36980 32545
9484 23719 6848
17409 9886 23960
5792 37111 26860
9632 30725 22621
25012 15395 700
34363 25588 704
30040 493 13409
39687 33214 21730
6209 8840 23885
6592 18534 26822
34279 17189 9991
28875 18785 3145
34364 36693 19011
1535 15189 9838
36412 2138 39768
37721 5093 39724
30358 29864 3312
2410 26345 1323
25453 37291 35276
20035 7928 20943
26455 7508 17475
33597 33557 29657
16956 29764 36548
19537 29274 27427
7016 21591 7689
5284 1292 16975
19568 12130 21014
11452 17947 364
15750 22511 5066
23490 2379 14554
18773 16956 32066
32323 30394 4874
30092 31188 25349
406 38282 143
1883 1414 27767
4830 4706 12445
32483 29896 25040
39489 26376 6912
39375 1047 1739
9624 24202 34826
26896 34579 23639
11755 28730 15319
15681 17971 9982
16961 34160 5411
30882 31635 32503
18252 25688 9224
30522 1131 35505
14217 2746 8748
4224 5624 29631
22479 19340 30824
13025 9896 39665
15088 34354 35264
21203 15445 21195
23578 33472 25764
25202 12688 35105
32929 13669 22043
34845 5273 36166
28337 33099 5844
25186 712 13201
7975 37983 13561
27166 4198 26498
1536 13504 24374
33371 26848 6050
15615 3598 26851
614 22017 17726
33791 21211 254
17495 13588 39643
20501 32184 35154
5380 33391 4092
14008 1745 20178
19108 29559 8852
35283 9378 18869
20754 552 33796
16045 9403 33691
21755 38195 30788
17563 25416 20629
12835 15213 23746
38813 39014 31872
5254 6260 25841
15773 19259 36257
17362 22269 37120
9006 16514 14772
20981 30123 4923
6156 11491 20044
11184 12973 1801
31213 31982 26999
11908 5175 10829
27570 474 37914
22802 21533 35874
15418 20133 37155
20884 15206 11177
4203 29865 17219
3325 18190 10734
24647 1103 4132
11179 21601 3032
26231 23082 27894
30455 12569 1126
13319 17262 30930
17170 28270 38899
17713 20994 25863
27700 10371 39802
38956 8363 33378
38930 33112 19737
2213 2690 10157
5090 17333 37328
5584 9028 8447
4691 9330 31925
26245 26146 7274
35865 16912 30622
17150 8925 33664
15961 16577 9843
23235 22306 37910
22762 19300 10991
39122 28136 4731
16229 11072 25735
13187 13638 35966
29322 10376 36535
4484 36091 35967
36525 38469 8866
9392 15988 19118
1827 2574 32348
38155 26037 4135
31104 1353 17531
36982 6644 3350
11969 5206 6666
16676 18836 29841
10945 27661 26430
6103 38411 11665
26076 3530 18746
28986 35806 29942
32326 10528 12507
3230 4157 19849
3983 37809 30599
28456 9970 38300
31381 37638 5045
8761 25702 10238
26011 2213 19958
9890 9010 21679
27139 32764 16750
21227 38652 32559
16032 8871 4297
35899 27416 34485
9906 29982 12500
11367 5869 13784
29539 5849 16070
22344 19098 37864
16237 13490 20530
7617 18071 33442
23869 3028 13458
5609 30787 38374
6186 25990 31293
9222 9264 22433
13293 7639 34029
25648 18968 37772
22179 36540 20193
32883 4860 32574
452 13160 37970
15715 34603 36714
20890 27567 38000
15882 27117 16254
2544 6463 34805
9189 35656 10967
25968 22646 29359
29512 27684 12130
18800 16741 7264
9593 6722 2092
19882 38414 12357
29180 202 34550
4443 9571 9586
35374 38049 28629
776 2204 31561
36090 35922 10094
16470 33566 24957
27039 754 1548
3594 792 23919
5940 37910 10483
1752 34121 6212
31898 20916 6504
32585 28558 24087
26098 24979 38852
1700 27194 32919
19242 18466 38042
13557 38343 33594
18720 11531 30272
4491 18790 4755
9270 8810 24063
21881 6797 31481
14925 31742 35400
19362 11504 13890
3536 4273 25241
39089 13331 28107
124 37005 9993
32271 30500 22931
20178 5896 29728
10445 38332 20428
15707 1651 27552
20980 6090 36991
27051 21815 16510
36364 24059 14181
28889 18986 14111
16446 23965 18945
18753 20397 37472
16798 5280 12772
36060 11295 12917
23445 36451 3127
27447 20042 26479
12511 33530 30753
30423 10906 13362
10664 32862 3362
16790 29585 1830
18164 9888 30866
15938 7861 36849
21787 1768 11584
5328 821 15685
38925 7955 21428
13227 35711 29270
25752 23078 13962
32680 25606 21740
21758 32198 24286
20210 25653 19583
39224 23131 25621
2550 34432 31883
24387 30534 16363
7258 38501 32000
16277 32485 18705
38863 23417 26046
6871 22525 2636
14979 16359 12622
21942 24076 12193
39754 21550 34238
37752 10073 3569
4797 13121 37382
18974 15870 7902
10982 9009 20410
6529 2642 13018
16062 17887 27087
37305 3615 33779
16335 29753 3148
38700 20049 1414
11260 22453 5411
36844 20677 17182
18055 1805 15118
29036 5748 21951
8797 36346 39731
24576 6794 20426
36842 37974 25749
34540 27190 15048
17683 6921 38129
38322 17411 4684
17939 37385 27710
22318 29684 1708
1229 18909 14575
11170 3093 35401
29283 12214 27821
16011 27539 11628
35600 27122 39277
27231 19950 16298
2536 25208 14429
6667 11462 25997
4460 25404 25145
36883 19288 11138
2274 1602 7192
31913 38708 6340
1427 8461 1399
9945 9330 18181
13673 3530 10639
4781 10047 6151
26124 22991 25929
12831 15233 25069
25715 30684 35597
21550 10855 3641
19917 29539 3536
36801 1259 28788
34810 710 18638
11819 6037 22586
18799 4061 1944
31533 16972 14448
12995 24675 9589
16846 14332 12113
30275 357 1115
23988 1576 26712
16833 11087 35554
20997 24291 18431
23370 37491 29221
29628 27849 13080
2657 25902 7721
32901 30022 11433
28745 34223 13149
13127 8491 18459
33959 30177 8807
36645 32931 33514
19779 33836 30892
23719 7578 23197
7294 17678 30136
35163 32025 17275
33864 18504 21310
4553 8484 3955
35350 4115 36172
34270 30514 38599
18419 21290 12269
16227 11314 23521
3694 39120 26719
10080 22730 17623
37177 5727 39622
8388 38458 24223
20026 29142 33295
38447 2192 37919
36196 1626 19884
16959 31960 5296
6502 27255 1424
35567 27506 21804
18344 11919 30945
36283 24771 3879
14656 14643 1859
22975 5086 15539
27988 39475 15724
26401 5667 25408
25149 30852 3053
25262 11436 26303
31474 31386 8604
25451 4680 21535
16090 28431 15819
673 15839 33535
34098 31349 12787
26766 25661 13360
31083 22512 20618
39371 25747 16689
15687 31920 38246
2380 34242 20387
3706 20905 21277
36432 27705 6775
32605 6701 32137
35169 37025 24779
30797 34991 37039
36671 20421 15932
39722 30119 20881
4368 27872 26523
2451 15961 37568
35506 27249 26635
7208 32814 38586
4561 32477 36677
4448 28718 3220
27021 12003 2869
19181 14466 15311
29793 9599 20983
6492 14866 21966
34776 27763 36133
4505 12247 35920
24878 6736 30907
4162 37140 37987
27713 34320 16074
11510 15918 33782
22694 7025 37490
11084 32799 23987
10426 34440 10280
36198 19731 28890
5347 10797 13110
16373 7108 18938
14132 16430 19907
15485 3839 3836
39805 5367 20754
35808 39336 37485
12350 5854 20849
2807 6675 105
38324 18296 22567
20060 4375 31528
19462 18277 26436
16140 21110 33084
28545 26375 24805
14609 20845 8714
37425 30724 29145
4008 12308 11022
7104 13317 13482
39549 27172 1516
16993 10012 29191
29566 26812 9264
9284 11208 39428
15007 3784 20718
18827 36396 21679
11460 24670 26525
5631 9020 16646
20862 22395 6329
11963 14846 14885
27202 19046 21558
38100 25170 14481
10954 19693 36044
30830 7400 26817
20363 32641 19246
9027 6104 8682
23656 17380 39029
16787 18358 36301
38358 36274 23052
4024 5935 18811
26324 28524 24104
28326 17966 23763
33838 7832 16215
25913 6179 37809
13671 7331 25589
35377 17844 29194
3468 27335 32277
21683 27229 184
5057 10348 30812
17768 39061 20964
13582 15689 4276
30952 38524 21021
35144 4278 9539
7849 32935 6719
36553 17400 20434
36926 28490 23432
24407 31728 9104
30934 8214 36463
32257 27201 32224
30383 12754 22365
39227 31891 7386
20951 12674 15469
24577 7936 31273
24785 19031 12664
23327 3028 24449
25528 26124 11622
22605 34939 34234
37769 19239 8522
36239 2477 33701
10211 6584 21226
30589 27717 29922
12505 30038 19739
11682 14416 3707
6018 26229 25528
11756 31353 17953
24460 38799 25956
39866 12911 26372
10877 36224 3626
27734 17880 30182
13762 27853 12240
25902 37874 33184
33427 27247 4170
36743 25479 1976
7204 13359 14296
11279 14334 33031
37088 17874 25081
33207 35313 16191
35693 39601 36738
26831 34279 4959
27763 10364 18176
32572 21566 8548
28187 32703 22844
6214 22074 20977
6289 24041 16445
38688 8630 15259
17785 19692 35041
34263 8433 6398
24339 10496 14068
10457 39998 33674
34131 39560 17168
30200 18364 14583
6688 36991 39287
20126 10100 3594
23101 21912 3501
37783 14256 3474
2768 14206 11132
25438 34289 29458
21640 21095 29886
13664 3032 5951
16037 24981 13314
21269 11683 2684
35082 37506 18794
8228 23965 17410
8942 17887 31463
27904 9549 17255
35025 13129 1049
37468 37850 14179
7299 35753 27857
15735 37733 3908
28972 3881 37163
13971 13256 28616
17119 30508 254
1377 7313 19893
25502 22574 32223
30250 25803 30572
23526 2045 18227
35146 24581 8216
38761 3069 11530
29950 35104 16496
32508 37647 34310
4633 26437 9194
14970 17575 21049
25261 8620 13719
35783 1560 2384
25766 38587 11727
38655 29665 15149
36478 32170 35160
25546 2199 23611
2609 25916 14838
23434 18520 21945
19494 21752 788
27301 28861 1068
11445 18789 19298
19112 14122 21634
19951 6023 16623
4405 4145 17365
21219 26389 32780
20746 15991 34842
22780 24933 11843
22157 9142 8482
16499 2958 20333
1879 19294 1665
30192 11569 13559
38358 6704 24005
19292 7220 21920
16597 26252 30210
9077 6434 9078
10578 23821 3689
35948 23402 5036
1531 14390 1839
15329 19708 24451
32880 30855 38456
3323 3788 33703
15197 13935 8002
36923 34969 21618
9363 4173 8145
25793 5078 37758
18618 10781 31064
12643 10648 6458
493 5322 15313
33103 32023 34010
18669 19470 2514
23320 13421 39406
20858 35206 14340
9699 4442 30182
35126 28336 14610
20764 2828 27026
3620 23665 16497
21277 26395 11444
32685 18021 32856
8955 8571 14611
28410 34439 15624
34647 37993 23109
2443 38716 32896
3697 34811 28375
20181 34773 13426
8665 7589 35439
27036 28612 4705
26865 37403 36538
7759 1122 1915
5489 35551 32418
18253 34499 16971
11594 24290 34082
4457 15922 13670
105 4880 23308
25494 26957 38693
2349 30559 3314
21441 940 13141
730 29952 24803
3404 38520 37545
3795 28567 3555
25269 18276 27035
23078 23294 21129
11406 24372 2181
21122 35281 25401
25504 37499 31848
33867 10558 26962
32594 7487 28632
8566 35785 28056
18551 23786 23576
18267 21916 39529
22676 39678 21839
20964 7736 33662
18375 2791 15265
2768 882 7897
2594 32815 28963
2722 10373 13716
13846 11303 1567
34500 35616 2801
24655 29379 23607
26091 25107 7654
30043 25226 5894
13574 8545 21639
4666 31569 19546
14408 22702 36410
22820 32285 37612
22736 5260 37157
18562 11565 17183
14673 28378 14533
28812 20928 8248
20958 3063 16010
25744 25630 1820
19481 4162 10624
2398 1200 22643
7265 556 14351
11529 36215 35022
34991 33538 15968
18962 680 9586
38104 19917 31923
13591 1413 26320
19337 30490 173
23081 34090 22373
29447 467 35001
1563 38063 5115
20484 36729 24818
303 29026 34823
29257 15717 23862
17274 31779 29286
15312 20585 5147
27541 14130 35946
10889 24480 13999
1865 12916 15874
23151 11748 38501
35378 656 27750
2391 13099 2407
13278 34634 19097
3556 19963 24054
9885 29843 38630
7453 34877 13375
2044 16761 26219
25649 21479 21397
13808 25878 23512
4920 30133 35198
9251 37883 8110
22145 1014 26044
20836 33852 18871
10411 26141 1017
9530 6914 39145
33005 26588 37649
5452 29658 26302
12343 17859 31957
22241 31853 6261
9442 2203 5884
17656 10107 32628
36175 24956 28399
28576 5155 21528
31400 20696 3226
23727 22981 14935
22127 18750 36645
8750 2564 10821
26821 20676 1816
36176 13057 17390
30996 11745 22583
32743 39428 25276
2505 7148 34019
25359 22272 8054
37519 33851 21390
11029 17947 33475
4268 39334 16067
30800 9570 21361
39418 13150 6565
7137 1824 1543
16730 14816 20112
36906 30585 13135
20309 17592 38540
3167 12220 16923
7767 6159 33540
24067 23698 12354
14066 1165 3346
4220 8641 4690
16582 8057 13815
2122 21340 11882
11347 29404 39107
20557 34595 22339
27724 8935 32049
32286 31786 13345
38045 18964 5208
7485 33606 18017
37273 13875 38050
1858 39771 8812
3246 26361 20661
19994 5247 29566
2767 30642 4662
24898 1569 10631
15249 23712 36692
3204 39135 13411
38212 29446 16460
20078 37543 15252
24922 35660 32903
6779 21744 28885
18219 38666 31372
11129 37012 4839
36117 27116 39651
5773 29132 36462
31192 39715 5728
29686 7413 39161
19488 6458 39232
15137 14027 11293
11752 2152 24771
15478 22335 38192
36064 17849 15782
36139 26529 5445
27974 20662 14910
17801 18106 11664
18585 37395 30347
14005 28754 34551
15443 39387 37178
31384 16642 3912
2463 662 22463
38414 34054 12372
7334 229 10742
14372 26928 12771
36593 37650 36976
24218 10174 34314
20474 4750 27873
33703 22558 37393
12141 16729 36242
39613 4336 11889
31981 34766 140
27084 5008 4697
2789 26 30623
5037 3830 38730
35245 25413 36286
12116 26998 22246
15000 16738 31749
39963 23017 27
12918 36299 29939
8462 37142 26228
34246 4536 30502
20294 11477 28147
29055 31262 25894
22971 30287 18589
35491 32477 1089
16037 34446 10622
16315 4464 31378
13189 4801 4620
5236 39846 13943
5111 11624 38540
34243 13907 14592
18722 5905 12550
15231 12863 39792
16432 9036 556
17945 36810 16962
39954 5072 9880
3300 4421 38756
36042 19630 39
33104 29557 17863
39290 29508 10280
28178 17158 30781
17774 29987 9059
24272 37664 1614
4644 32391 27812
26652 18720 9442
18566 36631 13790
34751 39025 36997
13532 22996 18825
7729 30460 27672
17704 3492 14412
37057 36788 31603
21104 25705 29466
8434 11438 16074
11881 14534 5526
34024 29965 22744
19084 13902 1126
32102 37044 14448
27972 37683 22136
12719 19457 7455
17017 36220 28156
34961 17359 26004
685 29712 33791
5609 11242 16945
22456 12641 19061
28203 10762 13751
29439 7494 5028
11648 23294 37490
31112 16392 33830
19892 21197 11355
4487 32315 13648
33567 6722 11025
27065 38046 36585
5037 38309 7010
17650 2853 33333
20025 536 10752
37234 39960 37199
25706 23196 37660
27362 38721 14862
9579 4714 11532
29071 377 22252
5963 11575 27111
15632 31401 2363
5574 9466 10894
12632 9016 775
20881 29080 35447
39142 22091 31428
9200 30160 21062
11175 3207 5221
11221 24122 894
38309 27773 21105
7600 31751 8593
5537 11767 2426
25563 17868 28205
25077 15350 23371
12816 22909 249
36630 20991 22899
4302 27571 8225
6487 25056 13177
22757 6813 20082
25920 4771 2282
26957 29928 25377
7467 28562 17602
21746 31634 24557
5918 14842 30063
23978 3314 13452
231 37538 7395
1908 8275 2637
18035 25424 29175
23355 18376 21081
29 11806 5909
19712 29325 15871
20263 18931 3884
22801 31310 24510
19311 10211 32102
25614 39866 16046
38593 20178 2841
37006 21490 38394
17689 24462 4857
37345 25156 1564
3590 20103 32952
14043 39596 22519
3235 5976 36195
17160 37725 9748
7033 31550 17634
25471 16983 26512
12587 39494 1388
12612 16871 32899
31800 9271 5659
27027 10679 26489
34451 13830 27688
11348 29443 8559
2168 38317 35967
17242 35664 28164
13524 23773 29432
534 24129 7687
13158 34978 38037
28406 12263 36552
26470 33797 24297
25612 1067 15905
5539 21370 33079
30717 10337 28260
28819 30428 18607
39239 22902 16715
37538 30092 16099
36721 30718 1450
24608 35710 1223
30888 19918 4801
8039 31936 37866
39894 27256 23327
21599 39548 3887
35145 31557 28293
24358 346 33338
31526 32261 6311
29211 28078 10252
8323 9888 39060
13310 17758 8017
16297 1069 14727
36841 10092 8351
338 19781 7740
20378 25940 22537
28968 11921 15691
19728 23650 32299
10971 38157 17299
11948 12595 27139
23368 11394 28110
36125 37321 33710
726 25963 20682
333 27618 14713
2747 15171 28384
14862 27898 31043
22542 17854 10025
21628 14114 1772
35289 16739 16842
25312 24293 37529
25870 31553 284
6970 37201 27823
21974 9410 5942
38591 31399 30875
16798 23380 5618
10759 28816 14870
2773 21286 10418
24466 18946 18789
19316 34030 11821
16579 11148 20167
14625 34945 38107
30185 26926 21606
34735 2602 26173
17964 23010 19747
22916 33226 4575
4620 33940 17887
2884 14067 21135
12856 13091 22681
19512 4862 29219
14633 1763 15167
26756 28374 267
36887 38144 6608
3202 37499 24716
11426 2243 29921
36606 4843 12387
3791 30152 4406
36774 32959 27810
953 18094 10284
26438 30631 32655
22013 35221 32434
37181 74 4695
24225 11559 9423
9248 37897 15069
2540 1293 7083
10796 14038 6126
37994 26250 9886
27646 3815 22636
14108 5453 8187
30006 2040 13055
20304 24074 13780
32492 38684 321
38105 8104 23291
30008 29661 13534
23272 12610 34478
20246 17624 38523
10814 22102 36468
4092 36586 18724
10545 5866 425
5097 2637 4009
28749 21040 5799
7791 8889 12558
30587 14899 34784
21724 31866 16387
14773 32224 25538
19317 6837 37002
10495 8629 3725
24858 8861 25534
39784 26974 29097
20836 20633 25817
26435 24141 5858
27392 2242 20544
20831 10782 34084
