3400000 1000
17828 25080 38959
13139 5411 7779
34027 36272 38404
39036 1338 16829
12153 33465 28845
18942 31079 32625
6450 2447 34781
9165 3610 8357
14578 7707 15109
35948 10043 34561
1773 12624 20518
14990 21259 10328
14583 20268 36905
27180 38236 23922
9029 7031 10222
15766 37343 36327
3079 4544 20192
30225 2490 31993
27239 5106 36339
35010 21424 26385
12908 34625 803
32384 29449 28118
39927 16384 31570
14412 20929 28292
34634 35564 7901
6222 38000 8107
3255 7606 31505
38723 9783 5193
7176 38495 10247
31246 35924 15727
35330 21220 17108
7324 21690 35847
18529 28053 7782
19761 4360 29256
25382 15773 7587
12333 4917 5607
9235 39740 30122
14031 2651 24831
3627 12316 38748
14722 30575 10205
19433 35686 3373
14986 11590 26005
18470 21386 31874
23823 37836 35598
32110 13411 18702
3290 7929 39866
19521 31972 6441
18766 1708 2517
31032 8888 6128
3436 9289 21286
38354 30722 4037
26026 31079 16680
24727 10672 7067
13164 29248 38472
34717 20667 29655
18913 23978 15776
2529 2711 35253
7146 19976 36963
14320 18412 8636
11313 26490 28190
9443 9039 32357
21985 8446 1921
35106 24864 24025
14385 22540 31186
18286 37443 36365
37723 36696 12423
36081 14098 20015
2056 13509 1502
7428 11201 32747
10041 39290 39215
23294 11031 14847
3138 15196 21407
22118 11117 30356
24088 3171 15133
21805 9439 11938
5766 22417 404
22404 20312 10581
25173 33335 37713
38438 16034 3824
10540 24209 1440
34568 20279 12206
30265 2672 11906
11242 35232 7634
3059 19120 6322
1862 24439 33396
33144 25390 14099
18396 9417 7535
33112 29707 1101
30284 5365 29514
9436 32032 14374
24853 14980 5496
36426 2048 4969
20107 5843 34372
29895 20055 7831
27882 17364 25817
3331 30675 22337
25511 22638 1057
7262 1966 18187
34566 3741 17092
34425 28903 39278
9513 3573 15212
13130 24991 2607
21287 4044 22819
32250 23710 25273
35911 32028 18999
35424 26733 11269
34111 21725 32482
19421 26838 24375
37844 33654 36283
27497 39153 6561
38256 22654 11614
39004 33738 4693
27985 16297 23831
3012 29132 29306
2027 5977 15415
2695 4361 5628
29720 9858 2411
2416 21233 16482
16047 20280 32758
32412 9758 27414
36585 25777 23129
32686 25812 4000
12002 35594 5794
17659 8900 8503
15003 33751 31200
32780 5243 39005
15958 23178 29869
26685 10828 33567
7785 16643 3678
39557 28519 29185
37282 3720 29630
25516 26710 7332
4254 14211 15145
27788 23718 33002
12898 15879 26467
15317 12081 22901
20070 19295 23825
39600 32513 13947
7510 27662 15390
9217 6104 2946
16315 30378 29244
22626 33606 10967
22108 8643 29008
25867 33170 19072
14641 34426 9830
90 14905 39481
23441 21369 29966
25044 34414 23057
37223 5438 35132
26656 11108 1763
27090 31507 21127
17882 21984 2632
23443 31094 37725
32303 19391 24252
32082 11017 21399
15598 33027 12242
35056 20358 32373
32188 28550 25470
38369 38224 38324
11980 30579 21753
27470 11564 39551
38492 16158 22997
9217 29791 24250
36813 31887 7755
21055 39640 32093
25100 25964 21708
8813 33173 24093
9344 2001 13280
17825 32035 29406
38355 5371 22376
20847 26751 29298
24223 1363 28993
38293 36063 12244
9419 11599 17952
677 14141 33378
5221 38503 14253
34691 21078 664
1798 27090 30251
18072 20300 11893
20613 18265 31485
22032 11991 35235
12307 23715 39169
32322 19879 24511
9853 205 6767
39462 37298 2323
32104 33342 28006
6947 37071 8626
7441 1784 18568
28966 31948 1791
1506 1108 36392
30343 16946 26696
13212 6340 13787
24372 20374 32320
2096 23921 36914
5471 33200 17875
8840 32909 20592
6759 18080 17542
14742 38923 30912
36161 3841 21994
9382 8826 10694
29587 11986 36635
30614 20662 22587
16518 9083 762
39649 38913 28801
36157 38786 1791
19569 16617 24038
25927 16824 23152
25301 39875 8871
29092 5289 37224
7572 39668 16574
1852 1885 455
37189 6601 15053
23470 24440 24092
31894 19850 30440
18938 22078 18106
7410 28512 16855
7550 22288 12214
15718 23533 10827
34191 2022 11535
22158 9567 10405
29912 9878 34810
2315 23490 11142
39621 34618 37573
18328 22203 36753
38326 17837 10334
29259 7929 16516
8376 31301 9316
9417 36556 7069
26418 24197 14238
6326 7265 12148
33692 34199 18153
23220 23272 8819
17817 33433 4035
2883 32975 24989
37527 39504 18003
39221 28833 8653
13777 3455 18809
10464 27185 9431
9151 17729 10261
7944 9956 23995
7086 4063 22866
16656 37051 35356
35705 762 31584
28418 14647 13131
39327 30478 37859
13173 26421 10052
15927 10278 30739
37348 13015 27404
20663 15228 22786
16822 36007 33303
17364 12251 8778
18323 10293 39155
15267 23696 3554
25539 34794 21316
25110 13878 28937
17964 32404 30247
6128 413 24404
24380 7893 30393
23751 33900 4363
7164 34057 15136
20670 28854 33699
5559 23049 1939
6649 27620 36404
19222 3158 14962
25485 32932 26066
29352 8993 39613
926 33032 34456
31173 15980 24817
27242 33728 31357
33700 2178 3165
39368 16739 34541
16617 21508 27829
19007 37796 9683
21191 7938 6193
10955 16237 9180
614 19937 15813
6588 1412 22772
24892 37504 8192
16500 18346 25447
23616 16365 21145
11054 20449 36724
30051 20361 37429
27180 16377 20287
10058 16885 26752
23970 12005 19699
15573 618 16206
1590 8370 30254
26437 27595 17000
34750 34386 17950
16204 32991 28666
36362 16174 3492
32462 31487 33028
32613 5661 17487
30438 35295 16585
12117 30195 39848
30903 9730 30865
4301 22816 28229
19985 522 3653
22294 6768 15844
16063 23328 22393
10599 38196 29193
24713 37880 33638
9695 26987 14998
31333 12320 20513
28913 15589 20710
26372 29542 39722
33965 37122 20951
24927 33411 16391
13476 31622 5067
31799 38984 21834
27373 35223 14034
33521 11357 4491
253 19501 38983
33466 18031 2513
19220 13198 15627
4833 18524 38487
11379 18306 5352
11791 25501 8400
32162 21432 13328
29519 39324 15522
8892 22969 9465
136 32500 33077
39100 25434 10249
23657 13419 16214
34948 38758 23967
27791 8703 38722
427 39824 160
22083 5095 12826
14643 35447 30104
36424 30691 35745
32957 26580 28949
11726 7672 1074
31778 38597 30231
6298 14831 15516
20543 18915 1258
15655 12020 4619
10786 3340 8135
10323 2115 33778
17117 13127 7661
31384 151 28187
22577 4802 4643
35313 3880 24909
34015 25144 12847
6180 10277 16814
20802 36811 21367
20741 23540 15129
31688 25252 24072
18435 4773 30084
1776 12690 37887
33019 36959 22838
17685 11094 23501
26357 4674 25758
27527 36220 1952
27581 31471 20054
34072 14331 31447
31546 17992 4001
22838 24830 26127
39038 36613 26538
3384 27719 20729
32296 16000 36505
8093 38423 37893
30491 3979 17022
39182 8511 2951
26525 22257 17191
4343 4063 8037
22180 67 27437
3365 34201 10821
3420 8956 8574
35373 1734 5683
31041 30068 8118
32661 12742 11387
20989 24284 36495
7168 27041 27002
28983 25851 28469
20165 16793 14299
10436 27775 15374
472 3495 27713
35858 31605 2230
37764 1736 24468
29083 23948 14484
7541 37570 6386
39526 37645 16941
10316 26455 7487
30755 21819 29355
313 25352 37392
375 9262 2504
5531 22620 3435
21933 36178 16945
34456 9041 29467
22527 22990 29357
33143 26981 8399
17231 24138 11996
14374 27946 6667
1429 14812 29959
16004 29439 6932
35162 29894 39844
18628 36591 23917
4595 8208 24323
26763 18392 22981
8368 24500 28487
9774 16064 35238
11160 6230 35874
36690 15117 35420
19705 34443 16751
2284 4818 24330
26773 15967 30766
23196 3078 14193
36094 30313 32310
38235 33837 37729
17517 26253 29271
38148 21509 4106
12375 10126 15698
20447 23037 27582
30556 20033 22303
29442 21191 32514
28486 11137 26580
7472 19850 36292
25088 37578 30136
28482 34442 33824
10927 33414 14738
29958 2378 831
34269 20660 16823
36964 29941 13629
13350 30082 21805
12650 38430 3171
26563 32819 14825
21020 23518 3737
19120 10292 10614
30435 35233 29100
22866 1587 38732
23152 37869 13123
19021 31064 30066
386 17828 7515
33447 31877 37345
32209 4646 17644
14138 31522 25925
16146 22527 7569
8023 14128 24612
29279 11596 11151
19901 35613 32691
20967 5449 13201
6048 14041 39589
22660 21929 11974
2530 22631 2378
13258 9776 9759
8552 1945 10169
16308 31283 16564
39498 7377 15268
8583 7212 22393
32422 12450 17553
28999 2257 5650
20202 17183 27601
25307 22101 19191
39717 213 7156
38972 39875 28321
29977 11042 8986
21830 17693 27275
27183 30187 22032
12115 31401 14451
35210 23414 1000
1969 38816 38815
22223 34758 9395
23181 1186 16286
5538 19172 36363
19395 23583 9806
5175 6940 3231
16908 30493 8391
25451 2525 22047
5518 17748 7753
15241 38344 36547
28042 22070 10895
1198 16792 977
13657 24807 19344
29113 24693 6095
1088 38590 35492
34599 24977 33864
17106 37959 1553
2584 33647 33191
25629 22566 31791
12378 24552 20776
38618 26331 15978
32820 9232 3584
18471 892 16989
26763 12506 35577
1013 6304 11966
36771 24332 32656
36026 22428 30164
14739 19559 1004
31572 29205 4927
15015 2146 9511
5027 17003 24637
14038 3272 9798
32905 3609 38336
12788 30631 18915
39905 37317 27568
857 6612 13725
2063 29214 5883
36630 27064 201
6400 8960 39881
23224 2103 11400
13179 26878 28207
1270 21252 34104
30554 39888 17229
17981 29334 15836
1291 7283 6615
835 35837 18814
23219 3601 9856
36628 25482 4185
16466 172 34256
9270 34849 21653
35769 18860 35407
1955 2816 2668
69 9028 6931
22582 31537 12976
1438 13657 12189
30911 17842 10262
7469 6164 15058
27939 20085 26039
474 3979 4789
30273 30477 29170
3250 14512 25273
12150 369 35867
18505 8114 32275
1279 16935 36444
5576 12471 13515
28814 10161 16778
31525 29090 15446
23006 36643 36278
18369 21451 13919
3215 5429 27659
9449 25113 29198
10125 31148 25740
38518 12136 6015
32939 961 35821
17866 13094 24230
26965 8019 29728
36955 4441 31332
30667 7052 13793
13403 11246 7223
35348 15438 13000
32615 36558 36184
18447 28938 16112
28741 38033 39153
33744 4438 12284
25957 31569 7345
35385 34144 29326
4392 15986 15599
16816 32548 39028
16162 8543 22061
16432 172 5909
19033 8092 3486
34958 27088 23799
13371 35420 11064
11561 15863 27735
24833 11720 19089
37937 13966 30519
9482 13287 702
39849 33664 6099
30231 11075 8172
35230 1807 19552
35444 30228 27510
36142 3054 35088
38659 17397 12979
4886 3065 27192
8347 22591 33525
36788 31834 20303
16407 3589 35126
22306 26827 4136
25252 38661 38515
32859 37887 30562
9010 32993 34852
24659 39896 32738
10092 14103 37029
32686 10503 14498
34172 36066 817
4238 8102 5283
9876 8816 5631
18760 30778 24838
33025 25492 4461
34956 2986 22624
29230 3693 33549
36951 5902 23063
11123 667 25899
35047 35563 15878
34250 29059 33205
36491 27598 8327
519 9530 16403
10583 15546 4642
25194 29012 31956
28624 39345 28394
15154 9718 27789
9157 31378 9000
1671 14755 14587
36735 16704 30597
22217 1504 19154
3263 34265 10327
29893 38447 21837
3164 18667 19786
27580 30840 27801
32914 28793 18625
31938 26660 39998
7553 20721 34605
20598 19893 16738
38589 612 17265
37182 35315 7795
609 28338 33752
21338 29866 12459
27912 14187 6958
37744 34827 7481
23279 10331 17795
1124 35083 9589
13629 32899 22565
29485 39657 26476
32164 885 31335
16034 36693 22074
29879 20316 27180
24446 2835 36718
25960 38739 16537
22487 26452 14389
17055 37798 34345
20421 38763 23305
17105 22494 1147
35059 38854 28054
33086 2665 4953
8851 8550 37802
3087 28103 22741
38393 33574 37705
26356 29768 10293
34961 29219 38787
15921 1744 20042
33397 38988 12522
23822 7899 22839
21585 24928 196
37064 35839 2991
12321 39863 16911
14205 16879 19331
38457 5647 19901
2290 32809 7806
13276 6197 25402
16683 2851 34153
37652 31504 18332
34938 39838 12273
17103 32610 18850
4913 10536 25424
3389 30720 25415
227 28223 35634
23333 26773 28517
23083 4126 19573
5488 32951 29215
26316 31329 14518
24428 24673 23956
3892 7374 32281
25462 3223 12888
33846 17317 15281
38677 17600 36323
32374 34064 4225
37813 28999 5376
12777 8734 17197
18381 10770 3059
37985 22083 38814
859 37063 16210
13309 8933 15739
16191 27275 18054
3460 17259 38678
23341 7846 4286
37309 4869 36756
13232 5875 24455
19137 2420 36963
4984 1239 25281
39278 33030 5505
1662 20432 9915
419 14025 35616
25884 18153 32676
36470 1313 20029
38524 37927 17616
10642 38296 33387
7992 14558 32154
13536 23943 30052
26549 32423 34440
8623 20012 12780
15677 1179 26050
38084 10453 2188
20420 12591 11211
13826 4079 23996
17179 1221 11199
11404 12256 1786
13013 36206 37583
29400 32900 32746
29386 16948 34360
18201 15138 6712
30019 36721 28204
3762 5061 31903
6142 8584 19128
36237 16775 21194
25302 2115 13640
27680 22055 1769
15539 36642 28778
6315 13726 34695
6943 24565 34660
25268 7215 21342
2009 26230 2937
22241 36647 23115
3898 4933 18953
21787 29272 17887
7268 23812 4875
2926 28029 12050
33321 26596 2843
24718 24652 33476
5434 14253 31714
32038 10281 2218
23760 6680 11201
19182 29635 14175
2882 618 28950
37915 21323 199
10457 22856 9974
14069 1156 37920
15054 15904 8504
6814 13357 3649
11182 9822 36919
26705 21374 2145
29741 9880 22606
32428 21678 4963
22677 35279 28560
12051 15755 5315
8407 8018 7599
22317 31440 25633
10676 5183 10317
24269 18889 27710
20286 19264 8964
9758 35815 8372
24874 23049 37443
28930 925 9854
8885 39577 39203
21462 8615 31242
11791 21859 24962
34047 8398 22449
28296 5772 37776
13358 7505 39454
14544 23718 17760
33551 27522 20326
3297 29020 27416
16962 14273 14894
15922 5235 31914
11284 11808 29592
16282 17810 37780
4893 1375 10771
15273 10809 15921
29113 16266 38801
29419 28565 37888
21178 4775 6002
11740 25628 13302
7820 30013 19121
10169 17694 25855
365 32 19225
36545 5368 37692
2160 38416 18071
38914 29968 15221
39976 38558 9389
26967 6796 36209
12344 28815 37599
29609 28397 3207
5218 30140 16776
36109 3322 36353
22807 3130 2641
16491 491 10809
5659 1634 3624
31478 18291 35072
9404 11429 33827
805 44 3628
27715 9335 33098
25326 37112 25721
11075 21813 24926
20615 725 3579
28160 9835 19485
35861 20996 23327
34510 24701 31716
16992 7614 1082
20183 30700 3354
14702 36622 664
36346 11068 24537
25423 34768 24788
554 39083 19001
24028 16114 873
15734 38396 6056
37581 34100 14342
5864 1681 8711
22273 36984 10891
23349 32849 23845
28314 11631 20292
6476 36684 6363
891 2612 36688
33164 29619 8217
39698 28499 25199
7236 28729 22191
4484 405 33081
15967 18688 7843
33237 8793 16248
22010 14517 29523
493 18499 37599
6782 28058 15297
34773 1682 4701
19831 26891 30916
26559 11560 8196
6357 36642 438
32456 3588 18886
18220 36100 12068
7736 27543 11518
15688 1687 9487
16818 22426 28932
83 10190 5323
29925 402 5575
6052 8662 2694
19158 4475 37422
6907 2963 9730
21225 2094 6956
21882 35959 10768
10370 12357 31008
4266 14432 39832
37714 986 18712
2959 32329 3003
1788 15386 26201
17059 26806 27413
21915 30085 19333
10422 5426 32567
15060 37471 12921
25679 28153 2068
33098 17126 38919
29382 18157 23038
21264 16718 9948
31808 18810 7861
39728 11358 8828
39216 34473 17431
14518 4201 4446
8345 4011 11000
3839 22400 3804
14961 22148 5052
9345 9814 34677
21137 4646 1325
660 13177 32545
37997 30186 11428
3180 32530 35501
37023 7203 21264
11147 24786 17435
2339 39765 24996
33180 33541 21963
39289 32701 21305
3200 36315 32155
25477 6570 5750
21365 16508 9224
32637 39 9145
22192 7339 23105
34536 5620 4388
10948 18302 1904
26938 20088 4617
17971 13771 29293
20065 8136 37767
22412 28158 160
39247 37528 29412
36189 889 11719
23225 6973 32816
32183 10103 39201
27192 29583 3196
15097 34768 9203
13374 8335 10480
36579 27229 3628
14642 11889 36177
31722 24653 26077
37378 35032 5436
18766 38263 12163
26813 2991 13734
14695 34677 38820
27881 7666 22704
6632 18898 33009
21127 32453 10005
3610 12251 36526
3172 37556 25149
9596 24728 11303
7088 5059 21130
21532 33286 3537
12418 33168 34662
35203 6279 2939
28975 36803 32149
20823 6199 32417
365 25167 5997
5965 17414 20677
39004 1647 25505
23552 3088 13091
13242 38193 25875
29076 13530 24736
15248 32500 19978
11000 7897 19797
6818 12395 33220
7591 26431 33091
14448 24462 30738
23431 17125 30751
32341 326 4314
14776 37594 5378
31440 9081 7996
764 34331 16611
12150 33689 35456
14347 35538 13614
17402 17914 8633
26541 32727 1252
24041 38763 10688
16452 18886 26189
22549 19024 35655
17295 17206 24670
24849 26800 31007
26195 25505 11261
37035 30659 12706
21625 30521 20843
2782 24294 1004
18310 11793 14579
5708 17871 32473
37058 30154 17236
23178 39253 12576
22580 3679 18964
37207 14325 24523
3773 24354 32708
39725 31656 34088
9354 6433 6582
8031 22055 4466
4438 27604 4045
11310 35571 10695
764 9683 26878
16626 12373 37669
16979 8490 35678
14177 22090 19359
37777 15115 8733
38398 9953 8420
22001 21621 22730
34296 24899 11862
32531 34579 8816
27605 38691 19732
3808 5163 25341
7065 35217 36957
5978 4506 5564
23447 18146 29074
33061 14578 9478
12887 36100 34645
1085 15371 15115
26871 8152 18347
10644 30594 17540
8708 7977 11475
34140 14790 35375
2846 14377 4337
26223 8495 26999
34156 19394 19403
14868 26292 37017
21877 27688 4465
5415 1740 19180
37157 37419 28690
20808 10045 27933
12743 6733 20234
17844 5556 6988
1481 26898 9667
8785 158 141
8139 26751 26336
39451 19754 4425
33741 19673 25099
39371 39134 38392
35656 32579 29302
25029 7081 35695
4660 1875 10633
29635 27431 5510
25177 1927 6497
8191 14590 23051
16548 23967 10518
17096 22522 10298
10712 36949 21601
10714 28697 21122
33698 28077 11243
34965 19010 15308
38176 21022 9106
17000 5548 22201
993 18451 23145
38304 1554 10728
13683 5354 2568
37401 26163 20004
6333 10067 27578
17483 12978 21648
38019 28771 9729
38392 12379 36342
37134 35445 20124
35820 24924 16082
14228 38852 26108
24654 9989 21933
39199 15427 1798
11267 8269 12270
35975 6825 39150
26203 4210 33151
31238 38062 13228
35712 14206 21199
37114 4155 16733
15411 18881 38956
15638 33732 25830
24631 28474 26989
26068 36288 4686
23555 12059 38633
6967 14547 2037
