3300000 1000
39509 11160 4422
19131 14825 6272
21837 3406 7282
26937 16066 12149
38263 23783 38261
21779 294 13912
7298 39603 31336
15149 17585 5189
11344 8035 4219
8565 38444 6973
23468 7081 35966
34256 15972 25624
13573 16746 34743
8834 20980 24928
33844 28303 11716
29555 21251 1352
31205 33182 31976
172 22352 23999
23652 36528 16952
7519 16890 30231
14110 24288 27343
12137 14916 10306
28202 9299 36025
4113 34908 4699
147 12335 37689
31613 10363 25850
27012 31591 30882
38617 24937 23182
594 19368 31971
11691 29023 37246
25150 17302 25020
33431 23478 24189
20905 36259 38271
21121 31498 36266
27038 36205 25235
2714 9908 23251
36896 30254 23515
38021 23969 4989
23529 27821 947
36125 338 4362
13513 24882 36970
37127 24841 28246
3271 22265 18483
4966 39813 16118
37948 17767 10403
10956 13241 27156
20810 12197 3127
11717 6254 37045
38887 13565 30669
21661 36598 30992
20949 5408 29883
37423 39202 22590
7050 914 10917
23730 27942 39937
36384 31941 34066
38718 37261 18830
14216 6674 21727
19591 20099 18291
39968 32780 15927
9998 25529 27826
26977 759 30480
17409 37816 34347
16459 6416 28483
11262 7028 8060
37572 4581 1205
23684 146 3106
39106 25604 10820
17992 12629 10956
5257 1514 34325
10333 13717 23844
9680 33535 1718
21573 38759 19137
15877 1560 30089
4943 17335 9037
17367 33257 8979
20233 12327 16262
6142 1991 20516
31108 20722 11049
2387 21642 21069
32095 10096 60
30470 24370 23095
3866 24378 2350
17854 22070 17700
26090 37055 2511
27052 31093 31924
17935 18774 33247
25051 25758 13787
13345 38937 33953
149 42 12667
17427 10707 8583
1175 38270 3596
19757 21137 7701
28657 13862 697
25905 31067 38871
27026 7334 9252
6122 25326 32514
20625 34652 19765
11041 33197 4964
28548 28080 3121
29695 38129 21052
7199 19092 7085
17142 5869 21769
16003 12550 32479
866 14717 11656
14510 7312 8421
551 29028 36062
7721 12309 5577
1459 27032 5284
4599 36741 2633
5764 10762 22363
24858 32025 1268
6972 35798 5560
34541 17337 17264
9791 6471 22740
21228 33742 38559
28684 21853 7718
2671 37894 29705
19868 833 21466
11752 15993 30654
9655 20171 32561
16421 25907 15898
12478 9943 38578
18934 37401 37006
27506 11453 37845
29358 818 13611
14936 22772 29757
31581 27126 30731
29271 35826 27307
37757 5250 19978
17525 32262 17773
25392 1420 20869
18618 27860 37119
25740 27819 24561
14381 27542 24232
6157 15772 39512
12335 23007 36921
17392 32536 29770
36909 31610 10884
35784 600 31042
25186 6690 3180
31315 30621 33435
33193 17774 20454
25453 32880 32022
33625 29547 18118
712 18062 11397
20200 18953 32959
28202 20870 22551
22737 37000 33565
21313 20097 11630
13044 5331 19884
38931 35058 2345
314 7088 21850
34788 8616 1672
17253 29883 39602
18696 24059 12073
11097 30920 5517
9860 18646 13169
1745 21294 35291
20986 11035 10212
6594 4299 27861
7476 12949 27074
22811 23819 19065
10579 22453 19372
15799 10505 20786
22013 30376 32492
35549 4732 37053
34427 32799 36239
21480 5017 14513
952 35179 9796
11195 15015 24827
27072 15502 2601
35280 9810 1787
20223 17932 29032
12878 5769 10885
28822 21098 11873
37297 28923 8834
3205 1197 19714
36465 7148 34026
1476 17719 31993
19060 28683 9489
36813 12128 27570
9140 23223 38162
21736 27365 36486
35817 17555 29240
32128 20551 3600
26467 10667 8128
6617 34558 27592
32926 23040 12505
30623 38479 6104
36282 15350 17644
31410 24689 1627
21734 11141 282
14753 15183 30887
12463 37671 4290
30712 31431 26067
4273 30110 21743
12318 20681 18410
8419 11529 5380
19417 24426 21870
38922 11127 21515
28849 2501 26143
9199 37973 8896
27357 5397 25003
6010 15476 2859
8421 26317 7035
26000 33096 17398
6369 31268 9088
22208 17170 9160
333 7698 25586
1591 27548 22033
29895 17792 7664
39027 24883 36319
29631 13538 16030
34423 17369 10760
30450 3119 24835
39869 8384 20902
6178 36811 3968
29524 33299 29082
21109 31230 29399
13501 38447 31765
11628 2647 18730
24556 9399 23851
31124 6165 3548
30592 25516 22999
20720 11629 2310
7501 29766 30022
8939 19486 14630
38307 20701 15956
28764 34121 2295
32091 17260 32824
30771 13209 995
34257 15686 23076
9416 35809 11046
33956 25778 654
21355 30215 8499
14300 8339 32410
24178 22301 37280
9995 6743 20083
16732 28600 13855
3267 3709 14067
33487 31224 18595
15573 16260 20593
19645 36923 19049
38409 26572 22498
1603 8192 12736
14683 27111 138
15038 8426 38283
9908 35267 12417
17273 30767 38114
16340 23327 8955
34089 2713 28548
30577 11426 11294
35029 26733 35381
22470 32285 39638
24683 7969 16404
32779 9293 25191
6350 21931 6379
11985 16980 29505
30136 4501 12304
19915 20178 28092
14497 31077 13088
8929 18383 13271
5077 24840 20376
24119 721 11352
29801 14204 39526
13430 31656 6113
15607 2368 26414
13938 317 11235
19538 32759 23267
3354 37089 34810
23697 31684 6761
53 21511 160
11060 4573 35423
37863 21778 36741
36149 6597 4176
6641 39842 31990
16133 312 23459
9530 30474 29140
7960 16948 24521
37258 6761 11621
1390 21616 1859
2239 7227 38432
23744 4521 39096
38392 38437 17742
32199 8650 12868
18018 6230 11431
25538 26995 28717
34563 19891 23591
33959 23621 22753
13144 16253 4142
31276 2889 29438
1891 36363 22147
27931 24600 560
5776 39134 35675
22090 14739 19387
21691 32228 33026
12415 8595 24171
25282 9125 9526
333 9757 12103
28024 14076 12642
21938 35095 16145
8026 22098 13445
2574 28770 1868
9491 23420 29482
33771 20795 4531
7945 4273 12682
1976 10362 27919
1704 20224 5687
3761 23750 37523
3440 29488 4386
16396 16104 37611
8762 10877 4397
1776 11979 27311
35378 19667 6468
4422 16330 18977
25164 9539 5379
29935 29997 36580
27485 39883 7707
38758 29798 23252
21349 17258 36083
19046 17335 22838
37756 28397 38409
24210 597 7643
31784 8530 25477
6964 26783 2356
24773 18950 30594
39199 16407 28599
4054 1548 28991
20918 31072 20096
26082 532 14537
8183 17274 21035
28778 39709 5428
21244 30778 17397
295 31959 30609
25757 11184 27827
15512 872 6382
21278 25296 16555
9367 15566 2747
16404 15989 22741
33258 5235 16257
35059 26468 22045
35226 27845 28848
32741 36578 17372
15232 32331 12662
33769 1018 34289
30407 32531 22243
20744 34138 13995
19754 74 3160
28343 29839 39904
7442 32811 39342
32291 35030 35958
16236 11647 2726
19831 23037 34292
35675 29904 6927
18358 3670 37459
13206 35573 17246
20442 3061 13431
34267 15667 22406
33504 27822 119
2758 2963 20587
37436 39968 5555
19380 29280 29588
15491 23219 39558
35588 29547 9459
24989 18395 34076
21148 10588 4186
394 29321 21834
39169 1560 29256
18297 726 38482
19053 211 4436
9235 8851 7884
37619 13575 16624
17015 15440 2123
4244 13429 27194
10865 38270 27975
26905 5791 31771
8197 18554 6487
39260 36712 30330
22353 18994 10561
9295 36996 14313
1548 34414 10692
606 31199 37404
9157 31199 27517
6357 17405 1821
22792 36370 29480
1360 5778 21307
32037 872 30996
2793 19901 10411
39607 8726 30788
12976 19280 1508
16729 17590 26089
8583 16392 24481
29434 25807 21902
37395 30263 19285
9724 1379 2307
35010 628 34749
38082 15479 37456
11350 8396 7644
25251 27529 17981
29384 16663 24403
38505 37450 31669
27496 6317 14546
27076 39280 19936
21119 23624 1761
31337 18502 5419
7738 29546 22204
7930 15897 31898
28416 30854 36345
33393 20231 28779
20876 11068 30085
26669 33457 16848
26101 32766 28498
21019 15621 11996
6685 406 28321
6295 6045 36758
31515 2032 7988
23874 32244 19421
6199 4959 12938
25450 2086 27719
8029 25017 28934
36793 38783 4266
25181 8777 9368
13973 32906 39992
25043 15348 23166
542 11049 3678
37915 11012 3528
37422 39911 29134
6303 19074 25837
3413 30921 35871
27888 22739 3411
17906 14413 19256
37804 28914 11116
35097 2216 1057
13154 6536 8689
32112 9255 23870
37066 31170 24111
19893 19457 34697
13159 14675 25713
26445 26445 32000
35377 24779 7404
30360 32733 1978
18995 7804 958
16744 38257 38211
18137 28483 30256
36174 36369 17140
25195 17914 22713
23654 18540 15854
35322 12197 6919
31251 12318 865
3436 3939 4471
31633 32429 38875
13422 19764 20429
25866 31083 20722
1 26700 32734
35426 27270 4112
34217 34597 20446
25492 25322 37103
36584 14835 13672
230 22235 19732
12441 1058 4255
34244 6029 29205
30664 9758 891
22916 8367 11367
5094 39411 1583
20086 30636 29855
4217 8912 3883
6053 31317 4498
3792 26432 11510
13831 30141 6383
10679 10906 27926
11061 14520 25445
28585 35066 20624
13863 36280 24143
31597 30420 6628
3471 11151 1031
1591 29985 18141
17619 39181 24473
37859 39479 28896
14270 8041 16303
13103 4070 34161
25639 8779 21566
27404 395 4670
1638 9561 37753
13080 23673 20379
8152 26327 37930
32758 38658 30706
11914 838 19805
13186 23078 18076
25479 30798 10572
34390 1967 39985
2350 10138 24129
25834 10400 27119
18425 11584 23100
28536 23897 10000
12069 20301 38326
27828 29608 37559
8492 21522 1918
5512 28593 19134
13870 17749 27335
18189 14095 35090
8075 37495 29803
13384 28203 12200
25600 17653 13045
13475 864 14144
6538 6483 23928
8407 9969 37744
4781 16935 25287
15114 25890 20151
34132 9078 33750
28386 2042 5586
26475 16879 16839
20406 28865 21390
27433 26488 22209
5489 38529 35484
36726 1989 1296
20695 20629 18956
9166 1342 33757
15705 28697 7312
21529 20647 36875
19036 16515 29973
18468 4816 28163
20674 8934 28832
31509 5377 14528
15887 34376 12985
16162 28253 37410
10332 34223 4749
9377 15234 1617
466 25820 10913
31142 38550 29576
27115 26007 28262
38103 34564 29194
4797 39803 34143
23149 29355 19849
35892 11827 2657
10232 38688 34908
11804 10440 24664
29996 9708 31423
30987 13885 29856
25550 17876 12976
39824 13203 21721
23103 8647 14904
67 1582 11850
18040 33754 25760
34761 31746 3068
23430 14241 18550
37113 17138 22476
332 32462 10378
9574 30100 6845
2711 37468 3160
27333 7037 24115
3741 643 1861
19187 26120 14053
8150 9134 15006
262 15107 2224
5924 38763 7614
11268 19941 9241
29609 22881 18130
24273 17485 31536
9923 34730 23012
14139 26204 28105
8848 15667 27275
18367 25775 6942
23917 9534 14406
31323 5072 23673
15898 33619 32083
18776 22045 13758
20650 28949 25158
7631 22078 4982
27065 14142 17265
28071 18534 1839
8959 9779 25134
4740 12160 13535
3775 12924 29386
16163 29632 9094
563 3398 36008
12518 2291 32469
233 28867 16424
16255 29514 17610
4340 592 4947
11843 23041 32712
16609 23982 10469
36439 13529 29401
19168 1592 38265
8385 10754 8935
27850 30882 20266
30720 25714 12382
38313 1526 24422
24006 31812 35820
13308 839 34392
24115 26206 179
37912 29153 18267
36075 4722 9610
4247 2663 19857
16158 27491 8482
25659 12319 24423
10660 8794 20925
24956 39661 14807
36943 22422 28923
11170 368 27550
25529 8334 4404
10078 1796 20314
37254 30678 5722
17739 22111 18348
26785 15796 6501
16767 27410 27544
9054 28380 2176
4966 35023 25609
20809 25634 36213
4543 10328 23333
1119 27830 37971
5947 19494 1496
13224 2538 39563
24023 38511 31378
1131 11610 38204
25904 36321 7570
27269 19644 35448
37548 31914 17523
32907 25567 33253
4271 508 11748
2767 23537 39629
34694 38027 37185
34654 20815 16020
38700 36163 1634
11359 24876 11393
15015 30700 3814
2278 10080 2863
11341 37570 22235
29333 7972 39877
15936 27573 21920
28278 7562 19348
16171 33806 22866
3093 29125 39535
38535 14203 21701
20036 19962 37148
1342 29302 35414
16485 37949 24775
33581 2116 38446
4879 35245 10550
31710 31761 36401
33645 5146 21818
33780 15069 36663
3573 30176 26019
13419 20973 23621
25106 16537 11104
9125 33308 17386
20828 10923 12570
1494 31194 29372
2424 25859 10292
15974 35520 6276
11523 32886 36225
36610 26457 22886
15387 10552 39768
35314 5162 15832
3949 14923 20173
8139 3629 5029
8850 8662 39434
13803 34368 12376
36913 723 38976
5103 3908 22731
29608 19643 1071
12306 10725 9914
28137 34148 35653
13459 23625 37197
2975 15470 29954
29983 4575 5568
8637 447 37234
25828 9617 6297
30922 23269 7714
25204 10766 25048
26003 2527 22306
25766 27945 17995
28558 2152 34685
4531 27661 37419
5853 15861 7541
6099 36353 18565
25022 26139 13221
14711 13104 19130
24968 14777 27245
28769 16447 36899
4120 13985 13686
32999 28577 32746
38148 13027 39023
25966 18986 14357
24104 8933 5353
7662 2656 36201
22205 35583 27
21313 5945 11536
33088 11514 33728
20496 22877 31665
35677 22758 17553
29358 8576 28966
19930 31083 22230
38687 7932 37426
22211 9553 26762
15268 2111 14716
8276 9365 20490
18643 16493 17237
38989 31951 11287
24138 6159 21473
17677 11897 13520
22463 11309 37091
1798 8288 21889
3596 1841 8258
5609 3543 20829
2152 19750 26125
29748 25122 25733
30588 4093 28612
26982 29628 7349
26040 24360 33933
34696 21808 19122
3676 29228 691
23777 9380 30939
4377 10249 31793
15083 34066 11626
14656 22731 22112
28273 23427 14940
16357 26023 36672
16425 33046 9658
29657 21253 27215
11302 7206 21568
24833 24128 22590
37381 35462 23519
21269 30675 14229
31847 11199 9622
29841 7027 23635
3490 34556 33503
33899 25547 29577
35695 19719 6627
10766 34335 657
29969 18008 17287
38139 970 15577
37099 6276 11823
892 17117 32986
8067 7705 7887
19482 32711 9988
30585 30067 39028
4672 38243 2472
7509 8849 11216
18356 34942 21167
16711 23943 38956
14742 25022 3183
15867 27067 29542
16018 38206 5913
5582 19991 22462
1384 38004 9893
1810 2287 24431
11267 31128 8177
21554 8351 17741
27651 10941 7594
4431 12797 36838
11808 25708 36431
20992 22245 18534
14059 19685 19211
38981 3744 10917
39857 39129 15559
30539 12101 26571
21270 7240 18153
7583 34705 36863
16627 14729 36769
31916 29007 6504
22205 36722 4224
23395 27140 34751
28483 20319 25197
13662 19924 17946
22870 24089 39562
38439 1208 8264
3741 16838 25852
29626 7112 18719
29607 31743 12425
7131 2864 35217
23302 7392 39218
9437 7177 5095
7996 34865 17580
21371 33542 37507
14096 24528 37823
37723 21383 20541
35521 23710 31122
13079 13990 35193
11332 1388 25012
14822 1541 14553
15987 14238 19570
10184 736 18203
27554 37578 26298
8840 31172 29709
7289 16264 38244
15738 14174 21856
25548 14765 11174
33730 22663 2706
32536 38391 18945
6617 29310 9896
8202 37141 23984
26120 5049 37814
36491 27106 31405
39329 28865 8762
1519 2025 38858
27555 13619 8813
633 21021 13373
31694 19433 34600
29473 26122 4118
37097 30627 27322
2248 26104 1084
12068 23017 18948
24254 9854 35896
37987 11471 22720
30614 20922 3025
26532 34174 13062
354 22461 28050
16004 3519 9137
30800 32579 13251
5013 29219 1988
9549 26148 17494
843 31040 18714
38883 29125 35109
36595 1450 39125
36331 16763 21949
33981 5006 9426
13144 13669 28820
28670 37422 37899
14132 2541 3934
31496 3218 34949
10692 15227 3493
25258 16364 27924
38842 8972 22434
25599 23505 6825
25125 12778 1509
8486 11386 32757
31434 17862 6556
26165 31918 2436
18321 39653 21761
5651 30359 1195
25777 3888 15357
31362 6478 6944
3471 38344 9229
18955 1194 7910
2024 22197 365
1687 38562 34069
25104 37975 3561
32084 11470 8874
38228 7331 9150
27079 24395 8441
16512 33951 39557
27560 34386 31181
32684 18203 22722
9947 24030 25838
18046 34606 30861
26922 22471 16336
18822 4956 1860
24344 22351 26768
8563 32760 25960
8047 16890 27363
23028 30578 23324
27161 39538 7362
29831 34128 38947
31534 18762 7936
10768 6088 16803
32907 13732 22301
8246 26696 17012
25486 15642 19051
28384 39631 19726
39442 8849 17148
20425 4334 12770
3219 26927 37644
32091 26770 5343
34623 15896 24174
20649 19692 22920
13421 24029 11314
6929 29408 29567
34612 11281 27393
19094 20484 39552
23845 23971 28333
11889 12317 20783
33117 19895 815
38654 5869 26276
33900 10463 29647
36717 2734 25573
38675 8489 32624
1392 35350 27000
10954 4324 1607
1344 37575 5756
13719 10131 33253
8183 14461 6189
16872 32944 32355
35609 8539 6027
6384 34290 2724
12619 17523 9159
38979 1025 4393
37528 16743 16032
24491 15229 32365
10347 2871 6566
20981 20239 20824
9277 31267 17933
11637 17448 1711
1039 28532 10218
28778 15068 35337
11817 9358 11751
22431 36106 3712
30786 20513 6904
20260 30640 39397
27908 14749 18583
25589 2278 11232
5332 7804 28194
18099 37737 906
710 12424 29714
10692 13328 17840
8053 18795 36588
27134 37367 2951
2906 24505 4779
32815 4270 20924
11429 4920 23537
25198 9261 11832
5093 5530 13519
19189 15910 39786
27727 37039 12396
26885 29690 22663
3373 5378 17048
20043 26847 22151
9854 11743 6107
5315 38144 25161
36317 23108 8643
7064 24872 20853
16368 25650 34567
16376 26372 9273
23598 21084 22468
13146 21438 1531
32206 31090 28583
18483 331 34844
18024 319 18817
35611 1650 625
37829 6241 9066
17102 34957 22074
26957 13958 27812
35672 16687 32974
3638 35451 3036
25564 11723 28604
21215 4606 30481
12855 15649 10392
34449 7571 8488
2168 11204 24944
39873 26199 31231
34347 39737 38063
3593 23120 5
14195 35789 25565
25473 37680 23979
31983 4565 19582
39592 22540 31540
32674 35462 14668
638 33860 18351
20708 28806 1863
9163 7056 29165
29770 9521 7517
27821 26427 20793
20880 16498 32147
11888 29046 11810
37553 15397 14793
29054 27095 34784
36028 1440 33979
18610 10148 34788
907 34920 28867
12899 15873 13913
21745 6299 11038
2079 33449 1514
17029 39778 38189
22201 5431 21455
12887 26870 20135
28136 15870 35833
24698 26550 34305
1992 29661 7065
30963 16310 36418
17280 28067 38246
13944 17715 17094
941 25253 22093
37507 14165 35107
36360 14811 33150
18677 8241 4212
23584 549 2810
19648 30059 34811
29870 37838 14543
20059 22335 19117
4375 28924 25339
2104 33264 36097
39965 36547 28744
8822 35968 16033
16082 15592 22382
35471 5734 31712
12759 29696 3652
25662 33693 28869
29689 31791 14540
2457 16154 10635
423 15046 11693
22541 1565 2552
31976 17456 16795
17180 20241 34018
3771 11381 7300
32935 9882 15291
9107 17805 35527
26223 33543 22280
7255 19840 24581
9833 8917 22803
20556 22975 24534
37811 24795 31626
