3400000 1000
6383 1678 25842
19184 9279 12374
28165 27942 7909
3761 12750 686
17920 32730 4655
35658 2615 35309
34905 37690 26607
7074 16275 22519
14438 2839 31210
3928 8687 38533
24502 24792 13898
34837 28420 367
543 22475 21541
32796 14295 23520
1298 23748 2775
12142 17914 27508
15770 1925 2282
27843 4522 35291
24152 23699 32571
21983 30093 22134
22436 34990 21228
38636 16379 19103
32418 22667 18123
18681 18412 15480
2997 36804 2752
12753 27104 34301
20761 13101 28062
33891 14754 8059
23965 36078 8638
14919 4294 12959
4018 19227 9909
22066 10928 27330
5462 20977 24257
38439 5656 25122
5901 37085 28433
9121 36746 37624
31982 18120 22975
34776 24085 33738
10164 37189 30745
8159 20856 20342
1177 25433 37390
27052 10870 36246
12982 24251 36846
270 30419 35561
30746 23820 5886
24303 20416 15482
12262 4893 29910
26965 26913 17177
6228 7743 11668
22855 18740 28531
36219 25925 16521
28755 32918 34125
28857 7069 36977
3582 18713 10300
33998 12788 21859
37371 17776 16211
11222 32532 19590
33827 20651 25703
37939 9237 4591
31558 6838 26916
32834 29293 33211
39959 810 14415
253 483 14420
22539 33942 15469
7849 637 26212
29164 3529 6193
21274 22957 11303
12211 25376 48
15489 17090 21032
29744 14842 34594
32399 3328 35413
14545 28203 39825
31312 17 14711
31184 16603 22756
13848 13804 10035
15062 25419 29301
33440 20660 6190
8864 31943 29722
7144 25191 24173
26474 36469 29261
27465 25113 28433
4543 387 34019
15808 8790 1423
11295 6520 13817
8161 5741 23916
38560 19084 21003
34615 947 30523
9671 353 145
7498 22223 32528
14188 15682 25828
16141 30097 21167
32301 18354 16517
16288 22184 7022
4555 22267 20091
23925 25603 9978
28777 34822 14508
32838 32416 17498
39242 10350 13166
15526 18915 35524
30740 36237 14819
16276 7987 28006
37343 514 5411
29157 15094 13119
12195 12904 1492
31208 2154 39264
37200 1915 12764
26074 17077 27830
16984 5737 8798
11662 5678 16818
10747 32840 29294
3604 3120 35832
14683 32114 26076
19476 7999 35678
25462 14772 33688
27939 11796 7337
9264 21871 15174
5559 330 19163
16479 1840 5688
17369 7059 33710
5578 13753 13244
36652 17249 15384
7415 7938 38433
12069 19499 27451
31109 34193 24874
26004 21644 9747
31279 4692 26449
22997 30343 29762
27896 4478 12621
33224 19524 1116
7118 24738 26310
7662 16267 19971
15088 8332 36444
16388 27400 38068
32561 17545 3448
9074 1140 23219
1794 14955 31498
25147 29072 7430
22905 9969 25961
30582 33699 33682
27648 17256 3825
26815 18727 9670
8587 24672 29089
11494 579 11796
7636 14419 26385
11795 2141 25270
3449 12515 36286
4000 19913 3635
28658 20918 6142
35736 31585 12537
12871 37793 28079
11568 22881 33561
11887 27829 21729
27096 39286 11098
37136 21894 31946
31350 33584 17838
16952 17359 10845
38842 2244 2213
37455 7633 2107
6041 32444 1098
25445 33784 12250
11275 39959 36905
4162 18818 1188
33902 29296 8575
36340 36570 10663
19245 38956 34128
18161 11564 13325
31731 3844 18764
28697 2543 24129
25191 28015 30243
19670 12315 22840
10474 8642 7202
25530 31365 38968
9040 2250 12006
39837 12969 12638
2331 10028 35357
29632 23638 37113
22178 17823 27221
2899 33387 28288
39026 14594 74
26258 13257 23471
29279 29406 12993
37411 11644 7325
22329 12328 28503
23203 23377 34252
5610 31354 21778
38595 37611 30346
21563 12972 14051
33459 30633 11756
23150 25469 31074
38391 22734 21031
19390 9965 6187
7004 11954 29152
28203 38723 32506
35700 22826 9781
25570 20512 2774
35274 15154 14033
38122 38924 32564
26285 20165 20941
3427 14964 19110
12309 38514 4483
19207 36339 9206
34355 11283 13492
19376 734 4804
17010 22779 15553
26141 25284 38734
5501 17153 20755
18671 30264 34479
11724 3637 4448
28699 8049 30584
272 30569 18890
7319 17739 10440
13050 39717 3556
2217 36332 28912
30080 35611 18860
24368 26932 22917
17938 19145 11464
19391 13337 9405
19869 22413 4621
27889 28714 22968
24931 38874 31522
25675 5795 20804
14450 33191 2048
36671 8422 9668
32648 16806 39915
38020 5622 2253
19247 13557 23013
6982 2405 28196
37535 9552 2404
36696 2324 32669
12015 50 32934
11775 19152 37407
33185 19630 4125
34999 18952 26296
21724 23733 5130
25414 23363 17491
11028 6150 32472
21826 3392 17722
25911 9347 8299
8349 31282 23973
10659 10349 13202
33563 24895 32026
6716 24313 11850
38089 15855 12491
25879 22789 13034
8594 18872 16643
16746 29212 15049
20048 32977 29695
22887 7897 21282
15986 31231 28758
10217 31111 37185
13461 31160 17033
38834 38943 13131
38510 36257 264
32845 18361 36529
29720 22196 20079
24853 29713 30599
25843 16539 4701
5056 14016 36383
17046 21324 6851
9888 4529 942
21843 22063 30600
13572 11406 34179
35266 23650 10193
16042 28705 35035
4371 2906 28135
27678 4062 2726
39782 7868 2092
32012 35043 33031
8858 19882 5926
9494 4043 14545
27553 11430 12572
17266 12218 10971
22207 8565 37815
9380 21302 2217
22149 37180 34926
21718 24101 24588
3318 19181 884
34797 29018 35105
1493 31884 4128
1039 30909 25319
1438 19928 27354
31731 29174 17807
2593 10848 28144
17166 1331 22708
17458 26275 29419
31508 9246 31464
17414 6626 5192
31152 7856 22783
32339 32989 13479
35633 807 4175
38286 19616 5328
8055 20880 23035
15670 23177 39919
33528 21109 28944
17064 15864 19993
12251 37637 31112
5175 11093 33407
12164 8554 4595
35405 21014 20585
18054 32269 36124
29762 30256 38414
8936 29365 28979
34424 8928 29423
38117 13400 38918
10466 1920 4428
11730 38013 12629
29576 21692 29709
3809 24962 23446
22640 3512 28864
29141 13617 20190
2364 34032 39877
27829 23280 8992
29025 15952 6788
28936 9974 23461
23058 29615 35082
35233 8466 8744
18804 22614 18855
28499 12916 27984
15877 2620 15981
5509 22909 11680
24511 8810 23142
14864 33413 11490
27690 12591 23080
31057 37290 34262
30750 30095 2063
33942 8579 23865
1198 19805 36498
30945 34263 22577
8704 34981 19963
17242 18997 3933
1143 30685 21928
15598 26369 31778
5141 22396 10221
23031 34590 36220
11357 13101 19004
21095 30723 16288
23392 26634 19732
12565 28010 20026
5580 22203 38852
37733 4887 22612
38557 14788 27299
27309 7614 1453
32064 27849 23434
3461 1328 15644
18902 3859 10961
7219 24034 22383
22180 16433 18996
2137 37305 38323
25488 13542 23929
26325 20374 2580
10128 13582 24440
2815 4469 16246
38037 20525 37527
16105 24055 25668
31333 12931 33062
7259 33594 5386
15527 9005 34340
30764 17876 21738
3791 413 30745
15143 31059 37794
23304 13750 36951
25900 18586 10705
26080 12700 33859
26672 37562 2661
497 32826 23681
22416 17504 39896
5132 15384 30044
28836 7991 27893
34837 35904 22924
14838 22296 27332
32078 13063 26416
26511 19681 5267
32600 7358 16665
12226 28123 2427
12189 23971 5258
28269 35383 29862
37530 25293 21244
1920 11415 14744
11155 29809 1353
30304 11555 21346
8162 37886 20765
7207 21600 16482
12643 2277 2629
30219 26131 19469
34993 10386 27573
7174 13081 16352
19069 11689 35174
28543 17276 35814
24684 15950 7850
18372 32325 33487
33864 34053 33162
13658 32117 5415
12397 26932 32975
20487 18038 17595
39364 2465 26264
21688 35252 17266
27823 36823 19524
20862 15321 18354
8450 7341 22062
12425 5808 9105
20573 8782 37615
9667 9956 18269
27338 7915 4971
19401 2779 30365
5438 33170 35678
34080 26662 15986
13648 25611 4002
30358 899 22793
4231 1706 34881
23547 11633 13901
37658 1276 17381
5092 18061 17152
32005 17290 22415
5013 31342 421
8890 7308 6642
9684 7253 17137
29613 7556 7996
3381 19398 33314
32044 12141 12996
10923 26093 6067
39818 21919 8348
29866 6321 24724
38484 3232 37568
36262 12921 34764
1418 13452 32928
33782 10213 4678
1886 18550 20866
12082 28780 1876
22190 25534 756
32335 9892 37688
28475 20217 38476
25666 26986 10047
33940 37281 34746
15559 28202 2676
4027 17906 9171
21505 38978 25409
5867 15531 26605
8915 4473 30400
37780 8588 18222
30895 9678 10450
17658 5142 17629
22705 23884 24378
33975 10974 6436
12368 18226 14553
34774 6200 4171
17323 34781 29449
36946 12111 32601
19271 22902 33005
5670 23857 21673
4737 21979 12791
10287 18459 19676
17737 37449 24383
25756 14475 28920
20204 39667 29413
37360 26554 5272
2870 29339 5596
13755 20648 20038
28741 35074 22494
37292 25576 28829
37578 22301 24087
392 33308 27595
22669 16477 9173
7601 38791 22867
14202 30176 10124
38679 6179 39464
5518 3653 32115
9119 13545 131
35170 34129 22536
30074 34293 1732
25511 25010 20751
3686 27570 20361
14497 37525 33997
18448 39038 17739
20205 1283 5705
20709 4195 12450
6287 32782 7097
39664 8561 16204
15925 27591 22202
26791 6395 12182
31183 33009 13390
22009 38468 2871
37559 18163 25227
2178 4542 3467
5639 35658 24085
22848 27327 3704
37781 25449 1774
3543 38431 35118
8567 19414 12580
21021 34165 31868
21697 2218 1264
7401 12802 5638
24237 19396 15240
16218 28381 26950
23365 17888 36725
7586 15011 1822
30621 8144 9860
640 32770 9589
23973 3026 11526
11121 35932 2327
31383 24516 23424
34888 27805 14301
7911 25388 36749
32257 8330 19984
33499 39189 7493
6244 38156 1480
13371 37170 22185
36831 36503 17660
4111 21598 28909
14000 19556 39952
22974 37642 24676
31924 7386 16518
19225 30660 8288
513 20969 6306
23905 27628 37065
35874 26723 27819
4112 37038 27905
2064 21030 18970
22512 22318 17307
20997 2140 22813
35476 28840 20912
16906 35935 1662
16245 16440 23912
37904 6482 8471
8069 18972 11570
17919 8364 5665
21891 9225 1604
38730 21338 23626
35352 32500 25779
34925 15656 20062
13334 24108 37530
29292 6358 11307
32974 23960 13044
39537 9807 14262
20960 15811 26852
34530 7967 18335
19207 1736 456
25746 3821 35535
18344 19895 18500
18147 25221 31820
12027 14941 20352
10034 4986 10065
38163 22977 2227
24309 22586 21381
25040 35113 17199
25882 10508 13287
20813 2207 33822
12617 32982 2202
34127 32753 10256
3368 37037 28760
1418 38431 11800
31799 32636 2434
38713 23819 38412
18080 6803 17289
5869 35465 12401
8606 1570 39790
32959 13729 5217
15124 6261 2072
35858 19061 2542
6884 9270 30835
28951 6730 2725
22713 16322 29662
37680 3440 19930
31950 16101 24859
25905 5192 24112
35856 4982 21193
25950 16212 13250
4163 30333 35921
30673 37802 38688
19830 1934 9052
8575 18028 6662
16683 14906 7536
9087 34376 21566
38737 25698 27277
31680 38728 37843
1638 23143 8175
30113 31133 27014
33376 18713 23682
199 23275 13685
29171 8739 32755
23986 27726 19277
549 35583 31664
23534 5206 22289
38440 3659 20985
24467 29501 11588
17721 4411 38104
12790 5177 34488
19216 23551 24486
3335 1680 37601
2293 21413 37543
14656 22974 25823
21868 9477 1397
39365 140 32741
25409 18813 26546
37948 634 15539
25809 5523 19588
36974 22609 8512
27010 12158 7443
31981 17209 21394
21283 14833 20355
32230 24569 19930
37101 1817 37036
7564 35693 27996
15540 18370 3
11079 25114 24883
14890 12358 9662
20881 3835 16752
36036 747 543
15480 349 38259
15535 36156 30381
2073 37546 15099
34974 15637 14610
2404 30017 16708
38371 25161 32028
12202 2865 38834
37524 31894 33245
33230 19320 16291
11635 14916 18727
35546 36195 19880
5216 565 11355
22090 36580 19007
24445 10024 17290
12119 29890 5379
38303 17107 30955
7759 13751 7744
15775 34755 10645
35080 6694 30481
27250 32429 10816
3248 7406 17521
20195 38868 22224
32024 30992 7679
4347 9477 16401
6769 39088 20609
37457 21499 18106
19547 11159 9970
1274 37097 11233
39934 17999 31468
38809 30674 25633
5458 13174 37430
2379 20436 7858
30976 29859 39744
35107 37025 25127
10321 4217 22043
31109 6778 33235
8912 8966 17666
30782 39478 4185
18568 13899 19879
37752 8936 6027
9621 35449 12342
6057 7131 32371
14567 7013 24238
1995 12944 31785
39474 22362 37830
6729 7785 2108
1380 2652 10950
17848 16810 32753
16608 39943 22530
9904 15810 5699
28319 8975 7519
35438 6078 3437
33315 13275 36430
5966 25444 11196
36460 39348 39799
31370 19207 12630
19551 971 15523
19392 33697 4419
5369 32838 16307
6201 6267 5862
16594 4708 21428
36537 29811 36275
26318 2198 32465
886 11502 20676
15845 29228 36985
22361 36404 13993
27194 13235 27074
36708 18588 18258
12324 29339 2705
13201 2227 23011
36117 33727 34909
27407 21389 6366
10069 12860 34633
36152 11434 22968
12009 33880 29877
20941 29275 15468
20077 22829 17794
20725 24917 25723
11570 23976 19092
16564 9432 613
1893 12152 36855
32657 9573 31801
32397 29202 20233
18303 35988 678
34866 39893 22436
4256 25881 787
501 9601 13477
23753 38467 6639
10588 24261 17674
3412 7413 35010
12657 5718 10187
19053 2819 494
10350 31764 33560
16808 33940 28590
39314 36854 21357
26497 30787 25648
10644 8372 14572
7788 353 17073
12256 310 37467
11766 22920 9964
19211 8697 9791
1401 21356 4534
38173 25772 3390
4246 18641 33716
17209 19901 39016
35386 37599 7792
34986 32795 3242
31906 38243 21568
28069 31706 6719
31068 11543 28482
1167 9602 30361
26382 18280 16673
7433 30086 37034
29341 31831 9458
13534 10826 12093
13090 39097 20039
6795 12375 18686
13493 16352 39761
34495 18771 14581
32310 13507 26872
13779 34908 1987
28139 12133 39539
27535 738 39656
36626 21902 33814
22590 7772 9506
9983 24162 16079
18218 21681 13174
1577 38433 21715
33209 18294 17699
952 4948 12283
1808 18587 17235
34553 13769 27452
26929 21726 27736
38929 7372 9485
31020 875 1015
27848 19713 14183
4718 35320 39262
24652 28068 10650
25784 6344 34745
33989 26868 39618
12295 17947 9610
38683 24412 2188
27909 30215 27458
39938 31655 449
3449 16877 27561
10864 29830 16875
26079 32276 11428
14354 1594 10924
17625 4062 6311
18984 15204 18226
13526 1990 6674
34828 39893 9356
21104 17290 12826
28065 39259 5459
35231 7 34483
23652 23400 35640
28782 2039 27552
16605 12745 1297
25121 357 17369
8233 33427 8328
4159 9200 4012
31897 8121 37953
5461 12353 8726
31911 34349 11101
10178 20485 22118
29366 15743 15014
9997 35737 34932
14114 18728 37011
23455 21673 22456
28619 28519 16495
30046 33596 11597
10932 5466 29389
11392 9647 24110
17166 38543 25750
31585 27985 21561
18573 30495 31843
18080 19048 9406
28774 12572 9567
22555 2252 29548
5581 1123 4850
8456 677 3310
17238 19538 25778
33541 19959 29482
15944 35268 5640
4385 24588 22683
208 9925 11933
16686 15905 28762
31902 23324 16754
16746 27490 13533
16028 18676 5746
4805 16173 13760
33021 21605 14957
12818 9565 21905
20715 5053 28610
36027 16706 910
4157 38782 21421
6697 32555 6455
15236 33330 20156
7566 4755 33570
32351 14866 14869
3577 11660 28162
13714 4690 5677
19241 28498 20306
29290 17249 32509
29818 16719 24055
16592 7645 2908
7983 21886 33963
7338 39454 29793
36779 3829 24822
16475 21319 13322
13407 33486 12993
18254 36223 21811
16836 35112 39772
23195 31509 34252
15961 19840 31848
2085 14493 20103
7631 36447 32785
30677 16397 21646
19591 13323 2249
23870 4472 37663
17630 38616 30438
13720 9999 10669
30048 30502 26904
16674 37924 11803
39967 29880 31838
27786 3530 24119
79 22779 35498
2743 28617 24904
148 22411 20310
38231 16209 8650
697 36403 32747
28155 2828 37321
28776 39900 16968
33213 18387 31503
18275 30375 5813
17698 23572 13870
10147 25018 39858
9662 31089 32667
3002 27497 9668
25877 23087 19608
3845 8334 28700
31275 23474 37609
2037 29621 2446
21841 34396 2061
28665 23588 27135
9618 35802 36094
27870 16959 33720
26144 3690 7655
29672 27645 23113
32013 18913 37729
30839 27554 5675
8382 17222 14491
27766 31701 27014
3375 27463 27197
30911 37546 35981
38099 4827 39921
24530 36415 32353
12051 37453 32030
23708 21639 8788
35345 38554 23432
14830 26914 3600
9610 25991 38222
22939 21143 38141
30643 7649 39051
6487 14807 918
12200 27861 31890
32922 30231 7586
19738 10432 7484
7206 14633 23338
17972 20600 27085
14288 302 15345
37259 34655 14051
17115 22577 15614
28019 39369 25975
363 23261 29440
26641 5636 28635
11155 1492 23778
11416 1292 16386
19616 20879 31814
10740 29497 13505
2776 11363 6095
20307 1516 36562
7048 38017 21037
19036 16083 38403
21470 22102 26953
22011 13192 11872
494 26135 10956
32461 37718 33481
30870 27884 7204
17376 25842 26803
31662 15619 24056
14663 15228 28938
11235 8747 10543
5561 10368 34498
4991 32922 14978
32770 3805 12086
28466 6967 10615
5167 67 4337
16986 1853 16004
15180 21297 21187
4014 20570 31275
16845 29981 16495
22075 17001 20060
9032 20857 3103
39513 31512 28006
8142 17975 6897
34252 32548 30786
3083 36228 29625
35582 27893 38417
1993 8472 34965
34602 11340 27006
21213 16150 500
16138 6285 27951
8642 27097 33118
26504 34118 36923
29970 24491 8497
10947 150 20475
25432 2429 5968
15480 6984 13311
17995 26401 39552
21784 18492 20852
26959 4454 13297
38033 30091 36164
34517 36029 39851
4383 5730 3457
16514 20266 13155
1714 2328 34088
3301 13132 9255
36390 15738 37048
31599 22027 35113
28205 36022 5575
22133 33074 9568
5801 39368 11522
36902 4429 3836
11208 310 11442
33991 10121 19367
18218 23616 5345
23960 10794 8914
36773 39844 31489
13756 31912 33219
10150 2434 25945
10880 30122 7732
36361 33170 28108
22744 37899 18650
31723 10870 8308
3960 34966 12993
2818 33162 33279
34461 9945 29059
22671 337 38504
38563 9491 7627
38699 39576 23059
38922 9161 39217
15747 21996 29661
9339 24659 12564
24914 30906 39265
38839 17319 902
33806 8900 33490
23039 34862 21293
2113 15918 25177
37271 10683 18809
32415 17754 9957
38659 11096 693
27681 14110 6808
22033 34897 16557
1346 18096 35129
4059 11124 4530
20610 23666 21792
23300 11419 21081
37050 9573 38202
1901 333 1622
36737 30714 18217
12958 21051 598
15479 27383 24965
35290 34221 34393
521 17406 28316
18016 28326 25872
12262 14300 21804
2001 24910 29685
36355 17836 21224
17209 21995 33107
26415 21956 16541
13304 3957 2251
30929 33702 33973
9669 8217 2553
38916 374 37803
17984 28710 28121
38012 24045 12285
28905 17415 4727
14557 16588 22956
27597 30522 23388
24118 27318 6467
12692 27637 33929
38280 39188 30922
