3350000 1000
35145 10373 12253
15610 37128 34989
16482 1583 20015
29423 33137 907
18909 27269 29523
17688 5758 9689
25605 5717 38177
2992 18074 4391
28776 20660 20352
39422 24920 11484
14810 31045 38928
954 1357 13765
8343 37088 38359
2647 22222 37680
24025 1092 8004
34047 25909 31611
32616 4901 4690
20077 36185 20452
17596 30921 35866
28659 20457 32783
34401 8934 22038
23123 25550 18107
36048 8593 37689
33027 11919 103
10340 38891 31869
36659 14736 16230
36052 35465 21099
12857 14181 8209
36454 22370 6260
16828 35365 38630
23489 9057 22928
28086 28834 33272
775 28029 35915
23473 17906 12872
12592 11506 32822
16083 25473 39852
27267 31532 36948
8601 22090 20358
29985 13012 7820
22237 17510 38100
23438 33152 20971
20934 17769 25152
26976 1990 38717
9587 39906 36091
16774 9189 39132
25740 17798 19997
38474 1347 28386
20039 6937 19964
17737 12355 12907
27529 27919 3273
24694 14566 25560
17142 11724 12116
8943 38456 23157
7956 13622 14739
28472 30465 18680
13197 1465 8650
8922 1148 8764
11083 20145 554
39943 32072 10157
23650 28838 5381
5042 24794 30536
9157 8775 13436
11719 32605 15527
23571 10629 17907
33653 36110 35633
23064 29517 26740
38057 36992 22326
933 16122 17882
39987 20041 24579
35984 3065 6807
31799 18077 8954
26116 36928 13701
20575 19270 27649
21686 21653 28803
24052 16697 24063
34395 1843 12245
21449 9999 6418
18752 37340 14284
5288 34947 1133
34200 37487 33577
21809 18200 33153
39267 10347 4411
26178 21179 16101
3463 34013 9715
18621 30974 15719
11898 8598 9260
22431 36362 11824
19472 1367 36385
33874 18661 30764
16985 22820 39371
32368 23654 33625
27415 2729 21292
22089 31988 26227
17083 31964 20724
15680 22184 22242
24247 7552 329
5824 8310 13211
27916 25606 30893
28187 21812 10843
9187 5287 34034
31961 8279 10538
13468 26166 4808
39891 16908 1815
3873 5429 31832
8393 3136 3150
6249 10762 12898
10020 34682 16385
1325 33291 38255
39246 3352 19908
28943 18428 21883
13696 4192 11027
8047 14466 19486
22730 28897 18146
26007 10778 17528
7789 10534 1646
17824 24106 15881
12599 20787 24119
15714 6939 30788
32466 14535 33485
17287 24053 1606
36920 3040 39512
17656 37460 16518
6362 17344 23068
13524 12538 3873
25110 39212 23039
38265 8401 27208
33208 37598 9261
26527 24734 35348
28820 9456 30421
27368 13127 10157
6225 26155 339
4935 9622 37774
34594 19090 2711
919 8045 14997
11520 30782 35919
24369 31887 33638
31221 17323 19933
31291 2546 17240
34363 30884 9583
34212 36727 39781
11967 4223 34110
6933 26513 13092
37211 694 30591
3846 28190 16118
37187 13594 26072
3137 30985 22780
578 1537 28831
14143 11005 691
20552 8020 32820
22823 17521 8853
17245 24980 3067
8239 5471 26261
28407 12586 8206
26628 8879 855
5521 5554 28321
16661 17893 35136
7047 17727 3322
26844 20177 31605
59 9756 22581
1734 939 9200
2716 1271 12267
25543 26749 25842
33048 29185 37319
35086 38673 15116
1080 5175 10390
31582 22795 14458
10251 14541 23694
4528 39580 34638
22353 2244 22716
21512 19194 5474
32838 20 3766
509 24708 15892
34890 32445 6157
32749 20040 12100
10312 28258 26012
24028 32975 4814
1862 28415 3440
29117 674 39425
26381 36776 36899
13982 31587 10124
36574 23708 551
28070 31042 4572
34508 7949 22118
18819 34594 34475
37051 23551 5976
21593 13088 4153
35490 20055 6869
12118 10997 34341
29383 36904 34671
10496 22665 13175
7764 7996 37924
31720 39924 30779
19269 24456 12264
7495 25877 17656
36539 12818 7270
36212 26917 13895
11656 21313 11057
37708 25084 15667
24193 24599 9664
28312 6120 1514
29769 3013 13877
37164 23631 16699
10511 17637 27586
18933 8124 24534
38938 22352 12412
23027 28556 30167
13714 4606 6616
1066 32930 38018
8511 2763 28213
27432 22674 5254
30298 26425 36454
31674 29160 37488
26724 9927 9694
21243 39741 3798
3435 36110 9018
30527 15433 32292
17329 29724 21635
24660 30931 7080
3288 29964 3747
210 1080 23020
17985 9700 4203
32321 23525 17739
9745 9948 14375
12162 24324 21326
30010 33631 5209
17859 38009 1658
19078 35833 5849
13174 26973 33179
7935 6125 10614
5694 36587 12860
8043 10487 529
12648 22973 30294
2504 5355 10965
18756 19164 30111
25636 8629 190
27078 12139 29641
28315 1203 33943
14021 13193 25241
11460 5800 21598
22511 26658 18669
27803 27452 34933
13917 8134 28420
36598 6158 15829
38415 3927 26555
38278 13266 1828
7297 20428 17469
27205 10036 8931
11552 37856 3164
13764 30267 15771
28751 18229 38240
22783 25452 5432
36359 22520 16945
3363 3054 5241
19514 32783 2731
34108 24919 24234
29263 1063 11720
12072 25081 74
6679 21206 5940
6341 18259 32335
4302 9351 10084
27207 31670 11440
36880 6341 8336
28888 37193 10541
21977 3945 25584
10043 39922 12455
34282 29068 30411
35793 30813 21654
27437 23135 28168
29880 9059 21738
9405 23916 29830
12971 14907 34905
27428 23387 14508
16198 2957 21882
34679 14376 22585
684 1731 11612
16601 22973 13642
10864 18744 4805
14165 18651 13134
32167 37337 37453
35234 17267 33838
36385 3992 37611
32104 35760 30238
31779 84 6015
24751 6978 39953
16472 835 12837
36744 17142 27027
12002 3465 15641
24140 32937 38339
28026 2768 29575
27872 1945 24227
28804 39739 38066
3896 10541 5311
13006 35417 4844
5021 3445 6317
6867 21865 6144
28009 9719 26578
3981 12950 1145
14588 17933 826
39456 33148 15735
37030 26722 9583
5279 3675 16194
18487 20769 21786
19603 7955 31031
39751 3546 16282
31467 11385 38353
29524 20070 23393
29896 31093 34086
5972 31078 15863
27534 17078 36814
26323 28887 37317
36253 22427 17892
5503 10383 26807
22260 37425 2945
2554 35633 16222
4177 6048 34661
6728 10145 8358
36236 28061 8187
37254 29252 7105
10766 24142 33313
39668 36183 4508
23453 4448 23515
30136 33836 19906
4688 6414 35246
31154 33180 2310
16702 12752 2293
32386 32871 35789
35943 21300 36727
9043 6644 34265
34731 8850 28501
13013 9417 11369
39839 5356 37581
24493 35137 24474
31163 12376 4586
977 21075 32273
32519 9677 35299
3987 5354 19925
33270 30333 14086
27855 13866 33783
16855 7744 4000
7163 37406 29280
23948 3335 22090
36886 37868 34462
6706 5333 37525
25589 3519 39506
24552 39169 38695
33569 38564 34266
15636 17067 2645
16524 29667 9934
28843 33083 6343
13265 6373 32432
2766 30083 28396
24196 37052 24303
13116 27815 31379
33341 28221 27982
11700 28008 29936
21943 32799 3543
37125 37274 18199
24155 27145 6318
37665 4740 28284
10708 19946 12576
39424 35620 9352
36817 18478 27539
31321 24074 20931
34430 38408 9254
31224 32597 39982
13093 37935 25830
30612 24515 26825
5125 24791 32630
30356 21398 34213
37125 7778 1591
23395 18112 17077
18956 37745 2400
17622 1640 1733
14523 38277 31316
30708 34915 24778
17216 24143 2909
14826 4548 23018
33721 11061 30481
6200 6099 35324
17016 14162 2660
13473 18326 12822
14917 35078 7324
31596 24514 28199
17591 36132 11927
37572 2272 8827
13706 12790 31106
20477 3556 22563
27010 1924 20237
11085 36208 670
36035 6660 18378
35021 10167 6844
22759 33767 5316
26745 9479 37534
24780 38119 28724
22874 32177 15814
8276 10306 39853
12802 8462 26
34831 17376 24919
27847 28499 20565
39960 38061 32092
18353 4222 30841
31312 14840 13149
570 23696 12561
1986 10602 6739
13400 13972 25227
21598 16526 39653
13549 1826 21872
1307 37772 37681
14885 19253 30294
4254 17168 19004
3593 1649 9094
28361 1531 9668
19673 23597 21748
12286 16275 8256
8565 37993 575
25097 11676 33329
21089 9799 4383
10811 33029 38938
34934 4639 7220
18449 9941 2884
20292 913 26519
2071 15879 37470
39414 36840 21155
17289 12919 27041
3906 22198 19171
99 4255 17993
36655 1918 3841
14317 5373 21645
22469 3328 36347
34796 24915 6430
20649 24 23923
5321 12025 20449
6072 6962 18511
9934 38682 30246
37608 2637 38562
16152 34391 11797
25342 20551 9897
25370 31028 11724
20522 5996 9203
21890 15425 37037
27141 31378 15286
6445 15650 4377
3476 38756 24222
34873 1066 21387
9409 16057 4651
25815 36151 7770
26677 27283 19934
33655 17967 30808
39997 24151 29899
23404 12629 14419
14187 8885 24015
17182 9503 25240
23636 39670 29645
22835 6268 998
30314 15795 4318
28405 2532 15122
5958 25903 15970
9584 644 6989
38179 23949 353
32323 23427 33761
31597 33767 34524
32664 23604 6457
25673 36781 2319
26899 36998 24098
17686 20526 4275
11673 38579 21070
1399 36179 8722
19083 5761 13570
14964 35134 938
13132 17123 4996
37303 36703 1536
29746 890 3499
32760 27989 5719
37057 18901 26212
15908 37766 31728
30213 23082 8467
10756 36408 35401
27117 10271 4644
6520 4060 15218
24956 8105 22570
23303 22798 394
3385 38481 32296
16104 16641 35487
17767 38574 1894
31275 14749 22860
32050 7951 19870
35315 22132 25367
615 124 6708
19953 18796 744
34385 30977 5053
16258 9338 14289
5588 12449 22341
39270 1405 15754
10159 6894 26082
306 9969 28501
4850 25760 24699
1782 14638 23537
35023 18862 34640
17653 16317 8397
16408 39031 183
230 19188 3163
36752 35334 25035
28639 34197 26881
16422 21252 37896
24679 12795 28742
885 39190 39064
8774 21428 14377
11624 16009 16250
38030 933 38489
6427 15350 11611
34249 19040 26789
14613 6422 38784
27369 20838 34025
5887 22887 8341
9593 37792 8913
1510 25358 19208
33267 18113 27552
27249 7981 30978
1246 5255 29115
31388 138 31459
29680 26474 39297
10785 9154 26964
12633 22752 14782
32986 9891 6421
10460 38912 36367
15884 6637 14486
2607 6397 18929
9187 29524 3207
7109 19566 36052
7883 35705 168
37166 3752 26752
7673 37572 1870
8320 29221 20486
1153 28042 15899
30000 20396 9891
6234 30057 2143
10305 24704 32972
24103 29329 16369
9988 30601 19829
32608 12753 17435
20044 21373 26151
35838 21481 20283
38901 26747 5157
11837 16259 38137
37327 1308 39540
37528 1154 24471
39467 39982 37264
34200 29002 3484
35418 35039 13142
27916 30145 20749
19894 11721 27703
29711 25626 3642
31599 35109 29945
29692 25907 3150
3250 39707 2771
39378 36820 21805
9787 11948 25273
27852 4958 5777
34125 9646 28495
22881 18221 16995
17902 7785 34858
27946 8383 18835
25516 3503 38358
427 22771 36325
39151 33806 30777
33148 15834 19505
3060 3967 3475
4171 10103 8846
23535 30176 20792
39283 7027 31340
5036 14754 9791
4648 24527 28177
27368 39035 9792
26482 39331 23488
16136 27466 24284
5104 4539 19119
4454 7468 23991
13474 6542 13482
30985 10630 15112
26617 6704 28029
38731 13554 17209
34014 1400 5117
39625 6164 27573
12477 26745 17302
29465 29273 3995
13502 8064 32168
27355 393 16637
15096 28737 6634
25135 31739 21139
2571 8556 5967
34712 23713 23259
7337 5047 4458
34142 1309 26301
15686 7788 35212
12477 34351 5180
16298 16721 279
39837 36586 26687
15965 31459 24393
22264 8811 1147
30708 25082 24814
26464 2007 27156
9331 28262 27460
7753 35547 19444
37243 34894 33083
35151 38492 36590
30546 2257 486
20494 20903 3896
2923 36298 2623
24858 33234 4157
5368 38710 3464
19552 23877 29414
1541 27530 15559
27954 38263 9877
17540 34302 38669
11489 39302 15587
13217 39218 19026
32986 28930 16565
4484 39700 8349
15520 22020 13800
21064 35574 35879
37668 21740 2090
9124 8772 37196
14811 6640 18689
24758 35326 8249
36800 836 19354
27196 25771 37327
19436 19588 6301
8882 13418 27264
17335 39798 6309
38719 16976 27103
3463 4362 6793
21714 1916 35742
35006 35425 21358
15812 38808 2293
2792 12495 31103
10775 35868 24690
35757 26331 24064
15483 16222 24873
2322 4208 20835
13289 24252 16580
19414 2890 27412
38198 31272 9136
16698 36039 10902
30840 23588 39510
9146 33641 11575
5273 30654 34808
33931 10362 11371
10423 38673 7308
20575 2012 20241
28520 28637 24426
11019 24232 13503
6654 14719 35775
10886 7608 35145
29812 5714 26692
1636 28409 5101
32068 10575 38700
30849 2332 27916
30441 3626 36505
2757 19018 18982
20927 9098 20668
20009 8365 22645
11583 4046 1071
32687 31994 16103
18912 3723 33976
10549 39802 4496
4547 307 37244
17684 29019 30861
29430 11395 11859
28718 29620 32511
33865 6391 26309
20385 14400 31307
38247 39134 31900
38791 25424 39942
3321 32975 10011
39205 2215 38467
2574 6028 6214
16337 18884 13290
5499 21157 11451
4819 34828 11515
17404 14947 9630
18836 30627 1660
21448 1990 32970
35434 18451 24750
22230 20520 18000
24194 6813 14396
23894 31105 38515
17277 38807 20363
29712 38645 17630
34893 35423 13217
39720 28692 30309
31637 5660 9219
38732 30140 20391
32096 34508 30077
17656 35528 30965
26042 4053 11651
14491 18866 22041
11890 34974 18822
9931 3557 9684
8473 5979 8521
16022 10192 37115
29822 8484 19065
14615 7879 9526
1031 29747 18651
25376 27899 27744
15256 3424 24287
33243 6103 19143
18157 26946 31322
11010 3916 23156
18146 30469 26554
36867 862 2195
17349 2968 36477
35371 7795 4260
26148 18386 24705
25215 9083 35642
35016 2975 6370
15372 8572 1078
16450 12375 9999
7079 24126 22612
5299 1447 28039
9429 30012 38829
25039 9226 31907
33429 33621 17968
34599 2071 4575
9495 38477 21022
13446 8334 585
16072 39403 30765
29877 22777 37063
17214 26174 31964
25888 12104 29278
7479 9048 5626
24003 30186 13344
5105 27855 13828
11849 39206 569
33538 27771 3511
18448 6501 9982
12496 8928 8111
15670 18486 38957
28921 23916 27888
13148 21428 17927
27602 2417 39034
37145 32615 23219
15696 31445 36794
12588 1787 32863
33345 35149 16123
27580 29479 9326
28521 5992 32885
34930 5672 26567
14492 25673 15179
30387 12705 24015
15875 36916 4901
11025 12227 4557
2320 12848 36082
10931 34586 22623
30028 20249 31733
9543 26774 29222
10458 5257 38204
4744 5423 15203
27208 18466 27410
1004 26305 12001
38085 1657 25758
300 17526 33250
16165 32954 25705
38239 39461 29309
14340 7371 30604
24444 22519 32523
1446 16702 20678
5128 21747 20258
7540 35223 16803
14220 13069 14522
5168 34490 22993
22528 38424 14452
20152 33031 28150
9058 998 12130
10940 17527 16173
4821 36943 16651
9657 19261 15615
10247 23452 2381
22690 23802 28855
35891 23372 18504
23425 3609 5100
37953 21815 26119
4038 34960 27488
8549 34888 35466
31292 28830 22476
11302 19145 12577
1897 36940 24241
27969 29366 10310
35475 7548 12061
25427 12972 39705
32791 39642 13602
23658 19977 4476
13869 37745 11707
9794 11938 24287
3313 18485 27933
25016 2664 15373
14155 30674 39022
20353 18642 4155
35358 19005 18909
38010 28087 25330
32455 16366 23705
39047 8739 37204
28571 9005 28774
11620 8331 3664
4018 26650 13763
22121 23295 38418
30308 18864 9320
3532 14450 28143
272 30800 38668
22706 32687 24107
3782 2267 11261
24343 17893 11602
1529 33080 5686
8281 11158 36291
16715 19709 35203
32377 21011 38952
277 2193 2645
30868 33428 24500
31049 29722 30047
11682 6675 19368
35260 38834 9501
22481 2112 35510
38095 33663 35223
39229 5806 323
2993 7666 16398
2381 32586 13217
35765 21879 20243
6234 38158 5243
24706 14126 5062
24325 9395 2390
7 28772 33721
7539 19855 36762
7814 32113 38636
23890 10034 36356
2582 16433 28907
20756 105 32389
10554 4213 24957
8986 13102 6991
3108 22123 30375
24669 25855 7862
37632 25425 829
23848 11802 21204
26417 19768 33730
23146 5135 31568
27582 19700 33540
229 30073 32655
20207 4455 36040
32026 3455 3860
7704 26006 5482
9448 33271 32806
11782 28655 34107
5685 9352 26810
15058 2422 27480
11952 26088 31303
34445 5180 15215
23535 35210 39076
13774 36934 7156
28090 29032 34036
22671 3627 35335
29649 34420 37556
27493 31404 22001
26485 3415 26407
26877 39070 3990
36863 18326 2117
16044 24746 1785
15642 8376 10265
1597 2674 18845
32925 36173 13055
13005 4774 34240
29601 33389 21222
25175 19349 1126
23955 24274 523
12808 3724 5167
1366 17178 24595
25600 21501 4034
37561 19048 14382
21901 9303 22258
24850 9500 30072
5773 3260 26028
35028 28840 25787
14976 28855 7910
37966 37037 16321
16958 29751 12546
27078 16946 9576
4114 7829 11370
13082 20831 9750
29357 27837 30308
11597 59 32522
14079 14459 30089
15348 12729 25443
39129 39868 31411
3882 20022 29220
752 27479 6985
18491 33849 38267
36379 15191 33457
7722 17768 7009
37941 15783 92
32330 35119 33950
1133 16092 21368
1226 21268 22059
24231 23735 3241
32170 26043 36898
538 22361 8288
39356 18375 3612
19105 12685 2429
39720 3819 24757
10254 9366 250
12686 19466 21722
26723 22510 33820
27021 16316 38345
25538 14886 24363
18291 5226 39687
22858 22402 11814
19251 11892 31186
14988 23198 4015
10146 34093 11997
24438 28187 12400
11645 9761 27633
13322 35311 22323
2530 26971 22240
31552 8988 22184
33255 22073 2555
19569 11864 31830
19376 13999 10102
20318 14717 10028
30533 15638 18844
22974 28348 260
3648 8481 26265
27934 36019 20080
7823 34772 16350
768 24795 36407
10663 10649 7604
13636 37685 18194
34145 23633 13135
17864 27620 4307
1250 9915 24020
13450 36065 35973
24840 10441 37127
21111 10095 12773
17144 27665 1277
12090 20357 33502
7808 12693 5774
11498 5329 22145
25986 21537 37733
39217 5826 1222
24899 18375 13156
21260 4304 15231
25684 29908 21574
7739 31572 14916
10371 21803 13091
12352 37182 35032
10172 17096 25492
9870 5173 13742
3329 33956 6152
2930 24426 12393
39151 18300 17238
22381 23592 26677
5565 7849 39832
8834 4345 24012
27148 18910 34969
738 12634 37586
5205 9123 3046
30356 5723 30486
35969 17786 23431
25120 21291 13529
6834 32813 36665
3646 33250 24826
24338 20168 22943
35580 6291 17056
3877 38384 12370
23959 25077 10624
38208 34842 33926
32847 22952 6484
15065 33249 38676
2849 9002 37610
35918 25962 38146
31026 18180 19809
27881 31457 39941
3930 28857 4268
14632 3909 23374
9756 11595 26244
32218 31736 10617
8109 18069 34767
1125 221 25361
2724 10387 30135
28075 29046 214
31224 26334 31082
13876 10488 12145
10071 15525 19456
5329 12078 31738
33282 25401 1028
5147 31225 3213
35006 38697 25822
22407 25176 32002
10884 72 23954
15522 26833 6608
8695 3367 21593
1673 21707 15917
15704 10173 20624
21847 19916 28841
25141 3375 12205
