3400000 1000
29412 31775 9559
39830 30054 18181
28437 32142 29531
21087 30967 22315
26575 12250 34168
31127 35533 22775
5121 36708 29317
1171 27116 8797
5802 38033 30499
1865 22105 21478
25383 39164 36979
22912 18029 1433
4939 32532 2723
29095 14331 32450
15888 32527 33297
4648 5337 24496
39911 19648 30239
34335 21520 28790
30342 2366 37294
37835 20561 23287
31201 11679 23273
7894 12314 22110
23868 37248 1037
20042 4930 18388
27269 36192 22235
36573 37649 24938
24725 23665 22172
15264 36681 15721
28827 25788 24100
13500 31007 24089
15044 33274 37770
22215 31480 24099
16414 38958 4394
15650 497 19227
8601 38121 14717
19180 19006 26794
10452 20884 23760
28207 34608 31820
39267 30486 35816
21399 9131 30701
17023 21103 27743
3302 7319 23825
8953 18423 6083
27554 14170 38736
33401 23165 35785
1082 31462 18586
39324 28873 38812
14940 39343 22269
19111 5303 39505
28219 36093 1659
33279 11747 8531
38210 7688 6157
6796 33842 1231
20837 36044 39920
751 6752 17003
38306 34681 27290
15302 25118 15704
39566 24239 23028
32662 33585 1476
20948 5559 22827
3485 38046 18627
9715 37279 34565
1954 27782 34158
798 39263 7171
8063 33483 2703
14374 32587 9278
15371 9823 13279
22892 18584 24526
39120 5904 5352
2910 23501 15321
7418 10747 15309
36914 15900 14129
35110 15019 17936
22818 39103 14409
39181 12516 10654
23271 24412 29877
35995 6471 14691
10331 33974 38713
36031 23453 14340
2214 5514 31383
38596 3321 26812
21054 3983 36843
13357 5297 16110
13738 39736 32183
14790 8038 19196
24283 13230 15480
23996 6177 9441
39727 24614 7716
27791 18935 4017
13581 37966 6824
12831 16562 21549
11817 5858 10120
38825 21503 9307
14727 32249 1590
2237 20569 18948
22890 15696 3902
38003 5746 10834
30975 34272 14698
29752 29324 38701
32092 3410 7668
14130 30858 4620
33537 1806 3611
10704 1006 25374
14880 2761 6022
29516 23041 10115
8667 11519 1160
29166 11935 39024
31498 30657 3490
12189 2605 4860
6120 11286 26395
27397 30438 2164
37954 39092 28377
9129 38981 29994
23748 18547 37442
412 19972 12139
6144 12782 12753
28858 9973 32954
32659 8170 1842
38511 12062 5786
12652 17686 17676
31116 25704 32112
23990 32280 14914
35772 5839 26308
20249 19413 24028
18603 32090 10935
2003 5529 1768
7906 31568 18105
5093 11863 14766
17317 6816 11967
5512 20125 23387
19115 3020 23956
4023 4854 28024
37731 34942 6087
31157 3424 12173
17395 38156 35658
32668 19135 6537
3547 8748 9923
26091 22720 7308
19945 33412 32869
33351 13973 34676
7273 237 15135
24828 26545 38460
13755 34561 30937
22572 13690 2464
28228 39828 26793
16424 660 33340
31063 56 9205
6528 19829 15670
28180 29533 6358
32041 37422 26139
16085 9332 17411
26583 38677 35952
10793 17068 20579
15588 28796 16574
32248 29988 5363
7842 37020 21955
21134 24045 22756
1077 12267 28184
29148 21638 31544
34701 23935 16369
14723 35088 38499
18014 27374 31949
34226 6460 6718
32442 16594 21558
32786 7400 31206
7764 8048 31596
30126 12401 28923
21412 21578 33429
2177 936 39644
29038 241 18959
38666 35440 23529
31323 10467 25222
17646 22786 29721
14899 4341 31962
30764 34698 9310
39775 2536 24838
33088 24356 25605
33479 9055 33045
36716 34538 8826
5284 33561 35843
22017 2008 30939
14969 25700 35310
13049 7743 39495
19435 24623 23723
23378 30271 2901
2228 22820 6167
33825 34381 6695
30976 3715 2648
2494 2675 13230
24329 29467 17985
28791 18520 16942
4508 14037 3042
35896 18943 27657
21085 21374 1211
23639 694 16472
14624 23602 2505
9321 25540 13045
27836 22569 13747
16590 2873 9885
23283 31605 36422
38056 4466 8090
21442 33147 16398
28061 17278 25513
25153 8695 39605
1942 15783 12022
809 27405 37998
6437 2140 33583
153 23433 34153
34441 28593 21512
10045 7423 29192
28965 26292 22629
15211 9702 20756
35565 24867 11095
17056 6458 10664
14823 21338 36947
31267 47 23385
19315 12382 28691
14978 30269 33995
28289 13222 24652
38830 11031 39672
34665 21671 13089
32681 24982 13344
26495 6690 16647
15119 5797 8157
7280 15336 2429
4641 34361 32611
2023 7768 23311
31589 17184 37582
39700 7502 12928
14408 12470 28318
39837 7231 30813
2564 38222 35832
22974 26181 15562
25857 36429 9029
6894 14217 21839
29110 1373 29533
23501 35162 18817
7867 22500 26934
37104 22932 25786
17557 2219 29155
3979 14069 13888
18597 37409 30483
15311 36404 4322
17038 11049 27268
2691 25530 5844
31544 10459 22020
11179 25442 32402
8061 24098 25302
32888 14341 24168
26985 24946 20949
11621 7051 25358
9064 34531 3326
22328 6919 25928
20274 39238 26544
38145 21183 5998
9954 21947 14398
37143 24520 6667
36357 24588 5759
23150 17725 32269
8902 28842 29793
37056 26881 30035
2196 21381 22762
13929 10719 26535
10325 19807 34823
6446 19613 21367
23559 27537 37808
10632 25391 26568
28980 38625 5081
22336 20181 9992
27651 9768 25197
16603 38670 29416
16462 19928 17618
11762 30063 38200
8732 19312 36464
8629 23941 5341
30987 35757 25904
19952 89 38047
12831 24434 32446
29458 29490 27441
8307 37076 6334
30541 21678 38496
25798 13551 36784
7385 27289 14618
14187 12787 11080
25 21325 28977
39937 35992 38317
3208 16268 4751
17745 27555 25762
26649 2458 12800
14245 15779 7693
23159 34625 3007
14334 15835 24221
38552 7387 22137
34301 38720 14482
22846 9079 19174
12064 16117 17807
30819 2871 15597
25650 22579 10379
5112 1484 17409
38586 2832 8966
23962 27414 12117
31583 17604 21584
8050 3942 10216
14018 349 26769
35434 26264 37628
31677 2329 6044
10469 13699 26818
1438 894 25523
38303 1276 33027
5360 23277 20691
23782 18344 11547
37890 28049 30894
17118 22359 29127
33461 22945 31257
31848 6123 10522
3826 6227 17391
17144 39670 9510
20209 2168 34900
34465 7141 15319
9496 31656 21220
1698 9242 23719
18719 26281 19655
28496 28800 38546
36105 12607 6943
15561 37718 39167
7709 4693 24530
10150 10913 15814
10722 10587 38701
20683 11663 632
17372 24672 5458
27594 34042 36324
30594 14069 10111
24904 12887 17717
17962 4772 19610
8959 24119 38244
14827 4806 1084
1183 32430 21721
7974 13320 23315
11881 22922 29693
29633 22953 20074
17981 21023 2638
15943 32311 7039
2358 9310 11453
15079 14437 18240
36823 13180 15018
26769 10548 18061
11936 33565 29500
30265 28368 15698
6784 15423 15092
14238 27667 3872
26646 12006 35058
13875 16407 8223
23966 20869 34444
31245 34891 35690
26819 2582 14064
12580 17699 15106
32319 29999 753
27922 32431 10983
39215 30393 21300
21719 15455 28155
19729 11039 26085
26273 39107 17217
17162 19286 11166
35912 15389 11298
6006 38933 23796
5248 33332 39495
11536 4381 29448
9478 10974 23344
38397 17645 17434
30832 13352 24402
37134 37879 4794
37618 35384 33841
8373 29438 27914
29568 33915 508
36171 3184 35394
3676 8219 37842
10340 10456 34131
5175 39699 24326
23499 19723 17066
8253 11381 16139
2462 32162 17702
7396 16019 37774
31221 1642 11723
25309 17212 26929
30009 33238 35388
23308 38004 38642
17181 38624 1927
29707 15570 23779
29733 31138 15643
3318 7482 1805
25956 26589 38684
27131 32587 14295
36512 16741 18879
16158 31625 23508
36163 14461 18140
4681 21394 21513
4303 22028 2397
4221 34335 4308
5488 2614 28673
36879 33650 8455
20528 36432 9099
16186 31013 16211
23072 11172 12005
9261 8634 32548
32820 24852 29060
19704 27879 31112
18483 14651 36119
9118 30464 34495
15730 17511 36113
2627 43 34689
27830 22481 21073
27001 14990 20855
37054 30492 20746
7711 7846 32729
15369 5709 32975
17684 8611 25333
13087 7753 13506
30327 5457 26203
3177 25336 9474
35449 6616 5726
4840 5163 14152
32167 26209 12927
5905 29479 35497
21770 20908 36892
8486 37149 12178
25007 26334 6790
35587 28554 32328
35840 1122 6032
28928 28856 21373
1918 31635 15740
39659 13660 1082
15618 5647 671
10596 21907 30777
4894 25260 16210
10539 39855 32106
749 27192 1886
18405 25695 17544
25609 34470 23711
313 29403 30568
2728 39776 8931
12779 7398 1133
32464 10983 2810
12140 14987 26014
25642 27944 36913
25674 16040 34410
25964 15030 36861
38047 4781 11753
5330 28567 37704
13180 29147 31402
39403 33101 7073
12533 1276 22220
5610 37634 33359
22707 17414 20742
18561 29778 2297
37315 1779 14152
38400 15758 20582
29518 2946 2283
1392 33901 33365
4180 14745 24720
4649 27992 3093
24756 15253 2593
37149 38459 12284
33358 24620 8800
10075 26302 19795
197 25650 11182
697 26793 7629
29562 29811 16757
29934 16320 37436
28917 29785 37410
31441 14628 25852
22121 29675 30880
17976 10823 35354
36540 33232 26613
8955 21108 17453
6523 16662 11707
28171 27278 35862
29169 39300 21331
25765 34993 4535
24834 26404 23942
5973 28261 15812
9597 28424 13376
22020 1237 3520
30731 31239 17939
1114 29403 8337
35058 27951 8671
8158 15288 23479
38597 21919 37348
17689 33084 35986
22980 1040 22485
22972 13858 16379
6915 20870 16350
6081 38529 18162
14679 26078 30354
504 19267 38799
2980 36097 1375
25686 28238 1727
25856 28267 3704
13031 38151 26751
34842 35276 16690
685 38621 5657
15504 10048 6813
36011 2061 4507
19728 8393 8683
2185 17728 14464
8913 4706 25524
12831 7037 23190
21101 27660 11158
25369 22860 23618
6941 34667 34129
39784 26753 33091
3518 1358 3665
32855 29593 39814
18252 30986 5905
35165 26260 5939
8248 14005 6145
25862 30383 11328
3794 36002 5727
7579 9663 26294
36387 17413 4650
24464 5572 25402
38323 1732 1244
39024 34731 17013
32731 10669 2464
25219 3560 33987
16791 27025 35487
9578 37207 3889
12793 16376 13218
13295 33481 4479
29823 36791 8995
6531 8690 36452
4055 15702 17102
550 14875 5330
8609 8462 1606
37043 21645 15033
8185 33486 23286
38359 9432 1650
19415 25047 7158
6170 11887 19441
34383 6859 14681
9039 10798 13456
15802 38616 21487
37712 37780 38235
223 27593 21815
3285 11711 3691
598 35168 35880
12819 25463 6520
10888 18146 16708
34154 5514 6842
13247 7963 32852
32533 20691 35122
24298 12097 13381
39651 9008 25468
7689 13657 26508
31400 13425 29439
11498 3051 4864
34476 35609 5541
27485 8297 22354
3279 37795 8799
2905 32237 14997
24674 17021 17455
29039 18068 15353
4458 37336 33591
31869 13293 25715
723 25414 14659
16788 22912 28201
24325 5007 29841
19888 35417 19501
35293 7899 19723
5752 15787 13128
22214 34102 28601
25325 2478 33074
38633 10113 14621
3701 5321 26106
11321 34516 17213
36274 23535 34915
32715 7011 11406
38983 4995 10577
36802 23977 21129
11143 7595 11975
25985 18553 19033
32740 25749 10312
10534 16352 6950
28645 113 37858
36748 37069 39794
35185 37516 26930
30335 19874 13141
18618 2138 23212
15927 24992 6964
1367 18465 20601
2179 7123 22229
35857 251 8229
20650 36084 14444
25020 35453 20872
22455 10210 11958
19607 16686 31822
16626 36011 22343
6806 6738 2002
32765 19841 4831
26177 30276 25851
24153 27605 14119
5474 25755 6644
22655 39421 37100
23890 35153 18124
27492 8400 25925
23930 34104 25663
22079 36527 1701
14785 21660 31810
27125 6416 18315
25548 20785 8089
21637 18647 12324
15232 22698 35318
30151 14919 26234
35182 18574 2185
32492 30354 16270
32160 24687 14700
37513 26214 5050
22551 7576 15705
25170 15530 16179
5080 8984 30991
6944 12106 10828
27889 1014 12510
2530 21011 3021
2284 3647 39358
30405 24954 35408
32723 14191 4187
39879 638 35163
29683 5556 25163
34431 36885 39036
37779 32128 26189
37048 34510 5536
31289 29740 18636
10501 35986 23458
7423 5986 13513
4450 16048 4
5324 35537 274
34171 8871 5092
33396 37859 38471
25983 8783 23886
27867 22510 21503
17295 11987 38014
10255 38438 27722
20537 20397 22339
13056 16445 17788
11449 5248 35640
20425 31424 17441
22274 8661 10534
13735 36375 21200
37716 39945 39600
5607 26425 5901
6268 11444 18645
31504 20416 26772
12708 19490 19400
3031 37413 25229
34568 39504 12421
28854 22356 17035
36205 22813 28217
24926 8229 33343
12406 5784 12515
13787 23130 16727
12660 2577 39931
29430 31622 25125
29840 32738 29136
11555 12140 19214
11038 31389 19992
25085 14396 12752
25035 36604 447
13861 10824 18098
7979 4627 17429
31247 1668 28513
2707 28386 34036
15433 16127 711
13141 37176 5252
22461 6556 3570
36346 35286 21667
12883 26047 35655
22162 20528 32944
9247 37097 7580
20805 29525 19755
9799 36102 15994
32106 5056 25710
16269 9388 26395
36314 31405 30583
24109 494 28265
36478 30772 38917
17715 22056 2132
18002 28660 6905
25148 36056 37945
5535 5351 2946
6538 19483 7039
5728 2011 17546
24091 4094 21276
35280 3305 16803
4395 12640 30695
10787 38186 13481
38027 9313 6186
31328 31299 16229
13510 17190 38807
18838 10445 3543
2858 3796 25047
6767 10655 36724
7096 13208 9623
3737 24147 16788
26521 36651 24454
10883 29003 22519
24323 28626 12509
20899 2302 25856
837 7116 11586
4942 16996 14014
7647 1155 9928
11791 9918 38553
22667 4952 36437
14855 25368 23377
33461 29484 20365
31048 25344 15637
38204 28158 27193
20523 33164 27998
26676 16444 9981
21915 9580 9764
23881 2021 3123
30552 29413 22343
22532 2062 21031
14304 24308 25868
1857 15931 30727
23500 9643 23054
11807 28233 19871
6220 34512 7530
574 14695 2574
39047 6992 30502
37064 7324 809
15838 39246 15945
9766 33616 13421
36355 33879 9119
15131 28763 10935
13996 1421 37033
10198 17168 34343
3925 3160 8117
32331 10305 29141
8401 11602 15190
3233 24960 4825
32554 25191 22461
17971 25035 175
9021 21948 5867
15935 35113 5581
21095 3805 39478
19595 10166 754
13026 38746 36458
32777 2892 28720
2918 39543 12464
15940 16989 17941
38079 23780 6786
30889 35159 26470
29522 24931 24996
15798 22586 10819
28370 18767 13925
1751 12014 22085
13542 30690 11864
37758 6271 30489
36007 2625 15948
13639 10841 18022
34575 37648 2485
15469 14297 11538
38720 37419 7185
25767 36440 17375
2084 28359 38256
35811 3849 34187
8808 39806 19119
27340 26759 8278
30214 28458 15192
36099 39079 5992
37216 21374 6241
26421 32120 32312
13729 34438 11018
2247 22077 3422
34604 8251 35357
36847 22036 14095
38406 9242 10423
35131 9541 30035
20227 5159 33012
7072 39413 19001
21356 10432 36183
36175 34759 23336
38810 11208 38928
39400 12044 31869
2762 5421 11829
25934 16409 37472
4244 28310 29649
8171 30833 21760
36762 10971 1823
29747 22268 28256
20304 24361 16077
16178 21716 16798
11700 39950 36592
4195 9113 33438
31127 39441 7595
7543 16840 13275
5645 39356 33411
14525 2974 35935
6121 30673 15651
17416 2287 5952
8724 35022 28606
23509 30784 27938
9323 33261 9821
19595 35726 6091
10352 37707 25153
8712 20885 30689
35127 20199 38060
36648 8822 26247
3040 13597 12850
34929 12373 31550
18632 34577 877
26509 9428 13634
119 39219 20207
7362 3574 36546
13640 15557 26377
15827 2397 18981
36092 27662 7191
27126 23594 20680
39232 13368 31436
30791 23330 22438
5859 24481 21181
17067 23230 15746
4260 1460 20008
20555 33588 20832
19314 18904 13554
2196 13400 1626
28160 4844 26259
9123 28092 11660
37819 16193 20662
29588 1430 25281
8651 31090 38657
597 36962 1169
19705 6416 32771
21231 24839 2829
36431 21004 17286
38640 14752 5310
35218 30148 36029
25122 19599 12164
8634 15084 10195
25205 26282 13536
29873 17200 7810
22810 33571 6910
33292 1415 17043
35995 30532 8822
16774 11741 21459
7561 25317 30766
21349 11397 36778
39029 15529 4809
15139 2516 30565
12252 9830 24138
31603 9311 4434
14007 13659 7393
32381 9216 15950
39761 13375 1545
24509 974 14426
35615 24340 2203
18629 10616 10007
39662 19923 13009
23511 4455 39877
33975 25168 32094
38121 3042 15394
22613 15148 11899
3051 12301 31299
35007 125 39156
25010 13755 15553
12539 37432 29879
32679 30342 22295
32943 30729 9917
35843 7996 1115
13376 2215 28754
7761 23287 4174
14434 36046 28870
17780 35360 2051
22368 9450 26847
28780 35507 3808
17176 11363 38849
10258 20169 36192
5711 3602 1850
2830 14837 4974
32858 25290 4886
25277 15049 2746
25258 10763 38959
36232 17079 34206
14793 26298 9119
4901 2500 27440
38930 25468 4225
13625 19747 25566
24121 32209 1593
8680 8058 13307
29212 33734 3344
31415 2671 30972
14591 15649 7869
15891 34987 12198
21995 28126 4187
1827 28109 34664
9170 15452 38805
3003 15389 3029
30503 14095 24363
8721 32136 38222
11478 8356 34356
9664 22912 32247
34574 280 27416
8280 1842 15706
30588 13115 6503
12519 18745 1042
38704 487 17197
11780 3649 31121
16718 5645 8975
17754 14787 35569
38528 22071 25712
38238 16002 9617
8527 7965 24823
7941 33913 22772
10702 17620 10373
39644 30573 3246
34311 26458 20810
31318 570 17405
6553 4850 29176
37171 26016 36529
36261 2119 36198
31001 556 15419
17226 26476 6753
27134 10031 38774
17734 25098 17109
29238 30121 5276
37699 29798 35818
7697 17824 15081
26075 12250 14498
36369 33280 30428
15773 5769 23733
34150 12285 9125
35503 29584 17679
7045 29531 31468
17273 11232 31394
17452 14218 12210
6286 4176 620
28676 34822 26377
182 18197 31029
17647 39710 26082
2057 26140 5580
23767 39128 8035
20489 34578 11356
4976 31510 12112
27551 36926 33241
22582 17330 37423
26035 26238 31511
23563 26285 8380
37950 8728 18640
7116 38700 13457
13011 24603 18360
30599 31151 18766
10224 24145 783
31634 29080 38385
24163 14977 19538
27781 6292 15661
24345 7783 21970
18125 26791 20833
38344 24322 38903
27856 32753 13828
29605 8020 4612
3566 18609 2033
35147 4386 26274
39429 32850 21914
4999 6630 18938
14860 28313 12439
26989 27513 26812
7655 12972 979
17764 16167 37123
25353 5012 1158
10974 39856 25090
31819 21494 39119
31959 5741 36324
36359 19474 30034
16150 12701 25932
7394 7839 3366
5462 23048 17768
34062 37374 30661
9284 12932 9649
15152 27938 22918
11002 37262 4059
18820 15849 22090
17772 38835 13070
10641 34877 23217
10597 11340 1951
20560 35276 33339
37589 12994 17390
18859 15689 12895
11588 11732 39648
26133 9842 19857
32295 26412 14605
25404 39148 37364
11772 9381 30570
4942 32060 18223
28380 12629 20349
31688 39282 37479
2666 35779 27233
7891 1734 2324
18901 35041 27825
2663 6722 24184
19979 29789 18520
13872 4783 19876
