3300000 1000
17452 34054 716
33110 8242 938
8785 29178 1643
21473 2861 17137
35997 22828 34835
34191 25181 33277
36840 28504 11169
3170 31847 11516
3763 22413 31780
28145 12482 33084
2990 18282 3731
7497 5069 20345
24341 24976 12906
8894 8209 18744
29198 2379 37696
33184 17155 4054
17846 7208 14935
16857 32765 23129
28478 26314 8253
22642 28311 26930
8918 10320 19079
9069 19600 35961
13634 25789 36394
18501 39592 22986
17871 9065 22667
5690 29094 5857
27087 30377 26248
39865 747 27653
1037 15545 15756
10889 17727 9323
15640 37140 35376
38666 11599 6629
12712 23689 22862
12470 10038 12093
11182 21362 14311
18215 16009 30419
26581 35618 35740
7324 17047 10853
8 12848 38102
10742 33395 26766
11199 23660 19339
1002 15572 24735
24299 8104 38749
20206 11478 6519
6845 6380 15391
11528 9887 18151
20331 23402 26895
37527 1871 2180
6309 13152 20179
3246 8796 17156
11544 10860 9920
13864 30613 20423
25606 23233 36093
24842 33910 9627
5053 18070 28419
17158 4705 23971
27579 4317 19670
39251 39577 3188
28618 15412 29048
31837 33200 16851
36130 20183 8287
30967 26695 25172
33306 8321 15497
4710 29803 3102
13044 34309 12392
37990 31115 30655
29079 24084 31357
10109 29422 28834
23863 2541 26995
39041 37779 31825
33666 8690 10734
5860 7341 31300
1814 30500 5309
5994 25826 32577
20439 1016 24349
5728 11898 9018
5914 21964 19749
39537 30315 25722
3605 37291 24300
7991 31596 13246
28794 7280 17901
36641 18498 16733
32740 17190 27316
38412 32803 6488
19669 2310 24742
25773 17012 38751
35160 39912 3636
7391 8239 23246
36744 17800 27762
11778 7038 13252
26843 26815 6642
28973 25751 17778
31395 36088 16553
6322 30562 1727
31599 3869 20582
26409 4861 7184
7165 22200 13222
1282 17885 25262
38361 37309 16089
35229 679 29691
29551 10762 21666
37465 34301 24381
23137 35322 32724
17192 8865 19003
26149 32369 21318
21326 33048 10590
22463 27701 25980
21980 21959 19037
20633 30764 18695
34325 32736 1259
16344 38377 5508
20284 20263 25183
5474 21140 25714
10573 2011 35489
39150 16853 9026
31576 10315 27071
21809 32090 39567
5297 20534 11330
17439 36685 15659
10061 13725 39655
38499 24487 2026
22626 28480 34190
33996 25574 546
21349 15851 16383
25146 11095 7094
11477 1340 806
739 7044 22707
25551 20755 3608
31406 4572 10259
17254 22616 8454
31679 14729 2470
21572 16449 36344
3625 28532 29367
25025 22915 12069
38963 6564 20662
12607 24795 37774
5912 18959 22449
9201 28771 16563
38573 16828 35752
34335 28103 10172
35428 28873 18321
26831 36267 37047
576 3904 9025
7139 29835 5188
2632 6535 35051
8592 38419 18379
39363 35605 29912
13001 28954 28249
11460 29945 32899
18227 27113 34174
22814 39779 5907
15116 34743 5196
9720 12980 24843
3790 26893 13261
11947 20228 2165
32641 27578 37783
7124 4529 19601
28669 450 20294
11265 29138 4444
22037 24440 21521
18932 15470 31100
22447 8872 21890
1109 7380 23824
4910 29000 30967
26193 39784 28029
30420 20559 2948
36866 1933 25343
32420 30376 26331
12378 826 10123
32879 17005 15163
25968 35049 33741
22435 39622 39667
36136 33246 17103
20988 17655 36698
21912 1677 26064
30631 6692 1481
17688 26439 5287
18373 13910 856
20142 8193 35170
24667 4380 39363
31868 23264 29326
21519 12665 39760
38432 36357 33879
29591 22921 28375
7282 12460 21409
11428 30672 20606
20164 7414 27863
12860 14158 34325
39134 37761 27077
31494 10144 34843
32215 12387 14541
1462 13816 8664
8570 1770 11501
38647 30649 30366
7783 17657 3908
38487 6791 28114
17555 39265 32832
28144 24589 24216
7131 4943 19291
22227 18387 28539
28759 29102 6752
28964 28707 12339
16017 30999 37783
8933 2770 18655
3346 32616 39118
5751 497 9424
29485 12906 11998
4164 22142 27145
27264 2382 8817
14793 29072 387
13627 10742 39243
2378 11804 21912
35971 30730 35325
33441 26385 2228
17522 17103 19237
12522 10080 15012
15742 26186 27320
36288 36661 28956
2593 14680 39027
3988 17204 37013
27458 18947 15777
20683 19841 24737
19183 13780 27186
12399 33632 31305
36845 22860 6578
3612 28663 19030
450 14613 10158
23803 29644 7271
27227 8155 205
27374 1130 15067
9545 28488 30709
9033 15400 3597
14972 7207 31676
20524 34353 4886
7326 39587 7472
28321 20406 34970
6604 17890 6936
30109 12357 12629
7947 12341 12501
20407 39142 35297
25769 32858 25556
1078 28781 25800
20790 5136 12480
10257 22183 24756
5063 31412 33179
25924 4893 28134
27680 2013 35752
20481 17543 3153
15431 9484 30044
34876 31335 19363
17040 1733 27189
195 36920 17907
26990 36468 33902
37481 14738 18515
7445 22272 19383
27771 8443 29055
22073 5008 38487
5305 33039 24807
19121 26692 18233
22293 23265 18769
26709 12115 14383
8557 34897 3403
6810 1939 20027
27906 19444 39147
38133 21665 12650
32739 23748 39585
12258 21097 16647
10386 11965 35778
3076 8585 28988
32074 14878 22756
15934 10760 419
37947 30567 3501
10690 24549 12061
37033 25817 740
34476 26667 11821
1582 17801 23667
1907 7129 4660
29781 18443 23522
17526 33356 29644
7193 37834 22712
1850 1581 2328
32373 10196 5584
12380 23834 13066
22726 17126 33995
4556 13840 1978
16443 4862 7535
9559 20418 22856
24983 5269 11799
26377 24818 6183
6890 37739 32909
31296 10337 35217
11747 20371 19756
34861 7108 7282
31111 7471 9698
23512 19916 37464
20984 26690 3890
21805 39383 11191
38438 31238 207
24041 708 21830
3766 35316 19250
28133 17112 6467
25241 36264 14459
31186 23937 9074
14029 30861 456
27444 7148 20056
25343 38017 26834
38696 3554 2876
15196 39758 8945
9330 7221 35348
24047 11396 17507
12608 30198 20733
15534 16118 29109
66 18408 14905
2632 17063 6366
22866 31858 17950
9369 17737 20154
32074 2385 1040
26655 18162 8751
37888 32248 34193
15678 38714 33261
33418 20205 13551
15244 8696 29315
4220 10761 3299
10912 2797 14357
26896 11179 37283
32345 22448 27549
5328 10895 10360
10665 8606 25021
4624 29575 30895
38991 997 16796
6400 20945 8345
30472 16231 18758
24858 34507 7419
32039 29584 36948
20370 14907 12784
32232 4645 20175
4718 26668 7824
23187 19023 15567
9398 19729 38748
3798 11202 1035
19634 24709 1416
12783 14775 18663
13321 6585 26215
31035 24149 12709
37708 29947 28555
34384 3340 27337
8508 3563 21852
38585 7470 34650
659 9973 27900
6959 6745 24849
19035 4605 8446
10604 33207 3164
20263 26687 39483
20217 10850 31045
27824 25623 7387
12359 26685 36582
23400 35075 6733
30462 10111 15032
18510 33016 11655
19729 7189 8681
10379 4843 37726
4028 37579 28357
14705 27243 12269
36867 16097 35994
10897 22943 25903
14544 38722 11629
26379 27986 16391
18121 37882 23838
27354 20447 17235
13697 26352 12438
419 2326 35639
21466 30704 12443
7710 260 24347
38577 16589 22376
5854 27632 1718
38588 33973 356
29315 36896 19930
20073 30959 27022
10664 27998 13873
19168 29409 19017
26578 27512 24715
9735 11744 25423
373 38382 1915
6814 36631 3201
36044 19426 1047
31887 3478 39824
22888 19112 37796
14613 15949 33917
13794 15048 7548
4051 38856 31663
285 22308 12593
36459 9841 3474
2058 10561 21392
15688 5733 18629
8715 13743 11117
6565 19952 14026
37044 38991 10091
35631 35817 6784
22217 1763 19429
9834 18712 18192
28900 30529 107
2725 4817 9955
27514 8651 10745
32098 30437 39423
13090 4975 31769
1872 6261 9252
5963 12791 3222
2413 4002 7182
8340 10004 23089
30895 37052 34345
994 26410 14856
38218 34094 28706
25205 20565 11848
22084 34034 14567
23065 13221 2164
19023 12966 27128
14630 29780 31183
15976 30910 6111
27057 10008 13355
33351 38698 37173
8874 2743 3644
22964 13432 22782
16971 19181 36578
39539 25856 17940
56 22467 32464
2640 9952 8921
4119 7737 6598
20712 37342 17395
14001 18136 2747
21345 18929 15306
4120 10056 117
38410 8140 36226
27257 31696 6565
30044 36316 1971
37319 21644 18703
29803 17197 32658
36650 23553 9870
20521 18457 10837
15644 8106 2611
16651 19558 638
34155 1428 21150
32574 7711 35796
20212 873 28622
25461 20064 7297
9639 6024 18815
22978 18172 32211
3541 34816 1557
31547 20913 6428
15969 9231 36782
18082 19527 36526
7957 11778 21211
11863 8416 16554
29805 15499 10522
37564 7227 7521
29346 7345 26438
38758 19022 15562
33410 3502 24107
27694 1510 29564
6627 30565 27044
36425 17976 15791
29107 31797 19692
19010 32135 20551
18563 95 17634
28578 34848 8976
5252 24903 15436
3968 12286 39553
5462 21046 8549
5745 34580 6896
6241 18166 23687
13400 27493 20856
9245 18213 36793
26386 22031 3857
28595 20634 11883
36530 8068 21262
17388 17784 1838
14108 34629 9602
22867 6605 38397
39709 36649 23632
37811 32026 34506
34399 15043 16458
1448 11600 24129
18776 13918 8122
21474 17604 13537
8834 38907 34808
25941 16321 8161
10184 10428 19731
12911 12619 21769
26431 8997 208
26131 21566 4141
26943 32549 30186
30266 35406 31090
9093 3977 2076
11238 20194 37129
23853 31383 5107
10391 38659 25178
25649 34466 15829
14450 32802 32046
35951 34404 22794
28660 39525 30054
8688 24486 27701
36981 11 12623
6008 22918 10250
28697 23813 21396
35645 3433 22051
18328 16803 3428
2600 17815 6800
8213 31538 25173
23611 38439 15489
23527 24994 716
10992 9254 17434
34240 5774 25536
5366 33064 989
26984 38995 17300
32103 4717 25919
27940 19319 19176
1604 27782 35771
12880 1684 34589
14132 6824 19794
29181 28887 9815
10171 36115 2628
14808 17455 17250
736 37512 1312
36328 10705 39964
20118 16799 11989
27445 1372 22239
35967 29004 22282
33760 848 26696
13680 23902 29742
3887 4316 20885
38595 8760 32265
7724 28981 22462
8356 13294 24445
36817 39675 8435
23783 8359 16773
9949 31589 7088
2312 29694 2959
1351 4011 2071
39035 23044 16088
10171 10485 26734
4237 8403 7323
30734 37568 32378
35032 11807 7917
23752 34939 19169
27197 12780 37107
17420 24148 34995
14953 31970 36471
31717 13050 1117
25113 6286 39055
19336 33473 5594
20315 26474 2905
11738 33009 6428
21653 18723 37376
21180 11837 15509
27116 3642 27481
14905 34825 18448
32057 9796 27382
25998 14302 21817
20244 33171 39560
11626 25058 2648
8925 12830 22711
6502 6579 7438
16218 1000 18298
11978 10049 3547
23433 33721 22181
6753 23427 1149
16574 25333 32870
9589 33120 24121
1648 12764 5618
15660 9261 21070
23111 33527 38818
31147 37658 1382
10960 2772 19883
4404 29669 22611
27760 36351 11332
23895 21306 35226
27119 20700 20390
27713 22031 12905
23483 18407 4705
6003 13351 21740
28092 12255 6481
10602 26050 5925
474 28783 20259
16144 30518 32325
14153 4642 928
37868 31588 2836
25215 10473 6418
19642 9299 27959
12969 28421 6555
3868 32485 28770
31239 26007 26665
14401 32341 1205
31859 19312 31563
25091 24289 29349
33552 39646 15322
34330 35430 4582
12379 11475 28935
17297 21022 38395
3420 1948 8232
17132 14612 9500
4144 9806 32359
32050 36007 5207
39016 7260 13288
6000 26368 8681
17278 2552 28364
20869 24908 38369
20629 2610 8541
16696 2472 18647
18761 4803 35858
30962 35968 10051
38522 5418 6646
10073 28507 13888
21163 2245 5596
9891 4758 30281
19917 5090 21997
10028 33792 28476
37844 27994 23746
36371 20575 13289
28405 3903 37702
36022 15883 1151
33444 35822 19873
24267 940 1129
11957 5701 37353
7024 1158 9421
27055 18911 20487
3252 31843 6054
26047 18376 12260
31657 36288 5773
14293 16519 18241
14029 39433 16184
12251 19399 25097
21968 2780 16963
1988 31200 36428
12741 14164 27324
14586 31264 22185
918 10689 1185
38356 20617 1692
5868 10610 13618
24931 31717 6835
11321 3810 14725
39110 24493 18388
7692 20323 37005
23553 35413 20148
11748 29873 1477
33249 24780 15756
39901 17654 21330
39567 13552 16691
39738 34797 34222
27505 22041 21760
11870 4268 6689
7402 10218 8433
10170 3149 3092
27557 11594 28962
22279 36399 29847
4730 34568 23107
35332 37327 18891
7308 5368 34694
12194 10998 21148
26436 28368 2453
32066 9898 13820
34485 39267 14254
26817 28095 12289
14359 10658 24580
33387 34261 7707
681 15519 29050
23186 23855 457
22489 2477 14430
13162 39866 39613
25038 19988 26615
21079 28242 11089
19318 18500 10049
13220 7426 2510
13282 37415 33352
5627 12275 8083
37100 14998 38678
22302 2374 31464
28953 7487 38717
518 13281 19277
12925 26244 23666
31749 19352 13447
27996 20906 3575
2872 20805 16455
6778 22805 1232
16592 27828 1249
24616 28775 252
31356 19819 11834
28849 23821 33269
33545 39374 13275
14535 6405 27174
31611 26836 39700
11132 7844 9640
7474 3073 23710
9141 433 28586
18841 37372 20257
6510 15066 11284
38794 8473 272
13850 18838 35088
11589 25526 332
38498 30320 23877
38583 36678 29287
12584 26853 26167
24241 10793 23883
9257 18874 9605
12678 12902 37280
23514 14268 3082
35306 18286 2721
14039 20888 32153
12949 36214 13461
26961 34411 11659
21193 22608 37509
26931 28427 32548
39707 8669 9012
13906 35546 17090
16974 3880 25705
31426 19756 37342
19270 156 5715
22952 36559 32906
12630 32219 10013
32055 11583 30713
12811 24606 1129
3163 14740 9408
22763 34682 20186
28290 3439 20889
27651 352 35360
20115 20286 12434
4929 13949 25764
36986 21467 27063
5945 9542 33999
35924 36561 31528
27017 12963 12367
18799 1109 30426
14409 23362 32523
22174 27463 21625
33894 7026 14826
24280 15667 313
25258 4201 32933
22313 32504 24501
8901 7886 21634
30494 8518 12856
5653 27164 38007
8451 33436 32018
4049 8769 24390
21388 35696 3078
9862 11480 28895
27087 4020 15614
4044 21263 26257
10077 14170 27480
7911 24099 1877
29218 14095 13928
10369 26492 9420
3368 17611 17612
20053 32347 39777
20292 16241 31411
28445 28964 3002
14897 21468 8165
1347 4453 23406
14345 12630 34880
16870 381 32918
8343 80 3047
16195 2487 15170
3538 24860 18335
6987 3635 30943
5214 38857 5272
4524 13386 25943
27948 19784 25306
36642 32681 15804
38113 12253 27930
20701 26471 2635
33356 25063 23526
23929 3921 8643
37534 21518 17200
3624 21589 9786
15724 19549 13935
38028 31919 9373
24997 35872 21203
39443 25317 9653
35534 12484 28678
22813 32439 2508
35943 38989 3321
33088 5091 6036
23123 819 36722
19433 7945 33172
17887 13021 27691
5044 609 38959
31999 27622 9497
19646 35725 11967
11751 29273 2248
4413 17833 27506
2452 7108 36626
14386 11576 18307
2210 24678 28130
8822 20231 13206
36561 23812 39440
118 11811 23176
7690 14966 5755
8941 1593 884
11406 30770 373
19153 24907 35661
30110 32033 6884
12908 16317 37500
318 35414 26040
21106 11057 29040
16690 11163 21884
8860 17341 28555
15304 35388 5436
7397 23639 36884
9946 23367 11785
26125 32033 27939
22859 30358 30584
36781 9052 10789
22780 29936 29437
27484 27257 22524
629 10694 30469
22522 21758 28928
13881 34144 3024
36020 9101 13759
31815 2241 30543
27193 28979 23223
31232 19153 33660
24062 9227 21211
38320 18134 20706
35922 35435 9464
2679 1608 23010
38364 30549 32120
2316 7444 15960
23671 19117 8598
38351 1737 25408
12247 31148 14416
19584 26514 18790
4448 9043 28071
38764 23853 31763
16481 7365 23526
39803 18576 34696
34395 4395 33621
15221 11288 8600
24892 34927 8662
23955 29379 31959
24007 22004 30201
19462 5584 291
35842 5990 36627
2882 36215 15534
1641 14586 34538
37944 17583 28577
38599 5440 36600
33413 12053 32955
33888 19992 38876
7378 25728 17336
34465 19193 33661
13593 25549 31280
2107 3409 12524
21078 22383 16767
17297 39397 24851
5145 20374 14990
36722 15825 7552
32690 38307 23396
8450 31802 35794
6847 28184 6035
10617 29646 32404
20937 33007 17122
1654 9791 16023
37757 6387 31817
16569 26877 2712
36518 7725 22371
15304 27549 31155
14784 10081 31474
26016 36347 15613
28613 14003 35713
19285 11720 13574
17545 16703 7771
21216 5251 17560
33926 39911 14748
18172 32978 30899
28336 17970 10372
22013 35917 36837
36279 13878 14688
36877 37525 32372
21247 9453 8690
25671 8338 2101
27973 32042 16671
25607 38467 31701
30192 11222 12314
26223 21730 30059
22727 22177 2637
3842 15636 18886
11531 38033 28145
32382 25255 30696
8878 11362 10532
38643 3219 30290
38439 11869 22301
39017 27905 10959
26389 15634 35165
9430 2765 17588
36867 33571 38522
16841 902 14251
25705 24716 33616
37679 22624 28497
6856 22934 4178
1070 18077 18806
6461 30039 33202
9457 6436 10760
22566 32444 35492
36955 18815 19067
8182 39225 13170
10888 34496 557
37393 3667 6744
39700 17617 24995
13014 33201 35639
33275 31700 35677
28063 13015 1541
24219 39721 18581
12271 11914 8320
31857 4102 15411
36424 32489 5286
15170 292 15423
29421 20370 26017
4061 23603 10465
1346 24338 17256
13219 37992 1659
16840 28658 16414
38589 4093 36322
10751 10670 28689
29043 21444 20051
38413 13792 1262
8708 31667 2836
21004 24044 16021
8380 21802 29485
32145 36343 11670
28896 31274 27178
7120 32378 18691
19697 19341 25738
18298 17072 26344
10142 15838 39815
30630 11077 31887
14948 39204 34224
32817 4210 10975
8434 39116 3375
10784 32103 27203
35035 11906 39920
8175 8012 33
5084 23064 36446
30817 37090 28880
5512 3864 1931
36651 19659 25241
38188 3422 39491
17950 19537 25715
15392 11217 10934
6054 3054 22967
22190 26016 20304
20922 7655 27149
33163 16529 32517
32028 39998 16334
35306 10898 9712
20227 15895 4043
9474 22546 15276
26959 36803 33168
29899 29709 19938
2197 21275 439
32446 15587 35816
14457 20698 25777
4968 8343 17388
29523 23257 13410
38036 28295 20741
37398 36458 17118
31463 14419 4592
1156 18152 25270
11302 14767 35522
12052 20669 34144
28742 30034 35619
24857 15800 8868
35837 7708 4696
2848 27955 24667
3900 12350 34276
4865 37208 1199
18683 20187 8352
16854 21017 4261
22340 2471 23922
31725 34010 4379
29748 20902 2522
19725 23585 18956
20226 33396 22782
16366 2266 14078
18659 27677 4498
10117 36531 1519
20487 23600 1062
24880 13988 28585
26562 20135 28005
9782 32361 26368
10487 23030 31819
15387 11004 13243
12795 23152 13290
23742 10911 26460
11091 8835 26370
24589 19775 17546
28484 36871 34933
8175 1457 21776
36761 17119 13038
32318 23023 33655
10191 14363 15486
7482 14470 3186
25743 5359 34295
4281 20180 2901
