3400000 1000
8050 10 31769
37563 24939 27526
32574 28436 13625
29898 24868 20744
31530 33772 27599
12549 37127 39887
13092 23732 23181
39310 5109 7359
36741 39890 32363
12532 29826 34948
15375 27201 9015
8667 38965 37855
8562 5974 34373
22924 33913 13446
23399 27952 17600
32515 6795 4577
9987 2623 39058
31362 24646 1975
8348 33222 32679
17541 11503 15186
3804 1043 19392
37313 22927 30314
4450 7425 35091
23720 25416 10074
23169 39120 5624
12239 30516 22651
20047 15389 26013
33261 16555 13408
33923 27587 5752
5077 19034 10120
36698 24634 11583
26214 28596 26514
33678 5753 11475
31045 22049 39039
37115 24995 20197
30828 24395 18633
6682 9370 32591
3292 3623 33630
7266 17267 22807
32054 23934 1681
36596 21086 10722
37967 11774 37889
15198 24985 23048
7693 17662 12367
30704 32351 21137
1803 32441 1758
37653 14722 28487
20259 18880 21891
36342 9622 16173
19165 7958 23572
39522 34206 15879
3084 13498 27829
31342 21545 26932
28345 39633 20585
17686 35330 34005
33613 13247 32821
38801 5801 12680
5150 17294 16091
25558 1462 19358
37784 16128 29891
27925 5602 14679
31390 809 6550
7894 15376 32802
6561 35815 17110
7485 12819 1616
35076 3619 19980
17784 20422 14977
35026 10586 18497
6595 30981 16133
23832 21170 5993
17357 24586 19368
24675 29842 26360
21932 32575 14762
20996 39662 28718
10478 27990 1696
3341 3678 25720
28974 10976 31218
16161 13724 37981
25662 9999 20667
18085 39040 10957
32968 37710 3593
31124 10657 13787
18886 25294 33829
19149 19307 30837
29223 7378 4667
602 8973 31580
1270 4802 31755
33805 8223 36203
9400 32974 5096
36524 38794 4671
2940 1594 34163
13960 18537 2567
25495 31438 5161
12356 14888 29890
34123 12040 7264
28371 29187 35913
13402 30724 6154
21894 10510 31576
6707 4039 37543
29481 27084 16444
4995 10967 33645
19779 39174 11614
9888 22789 2139
27329 1964 14719
22217 5219 6144
12831 31981 39796
2041 4804 36250
11720 38608 360
26249 12739 17251
16794 29566 1009
1182 5539 36026
20146 1798 33291
34967 17618 34658
37940 29955 39927
20934 9251 8795
3316 36605 13087
16035 4346 9170
37298 39200 34285
21051 28556 9107
12373 22435 29639
29778 36779 18003
24966 31364 21267
17724 16630 19832
6698 32867 8374
26978 15284 3113
27411 21300 7160
15990 9068 1621
2792 21506 31093
25281 1208 20159
29718 22205 7503
27751 9331 31157
3227 24669 12551
34036 30527 17026
13033 27390 18792
24407 4657 14797
28669 18058 36532
7463 10420 11871
1066 2712 37634
13692 4401 3089
7082 19281 32234
12125 29687 35234
4098 22524 13381
18802 17099 734
25465 11470 24648
33853 36176 34291
7560 5399 29205
25500 4585 7623
25772 17132 19006
191 16972 15349
24331 36132 8458
24739 36717 9414
27984 14089 38870
39995 27820 4613
10486 10199 24901
27089 3638 13897
9512 26473 26718
5333 5568 17749
6871 10538 30308
11218 138 17119
5835 25889 8870
9935 8410 29867
14401 22733 38366
10383 21462 4294
23509 16586 11949
29810 27111 20162
13208 7222 3570
20655 32473 6298
12803 37478 3489
25954 26080 18116
24435 15819 6786
21875 38759 4259
13472 3740 22347
34117 16102 21033
12324 35056 7044
25269 19218 18692
17379 36883 31313
17368 26355 10360
2588 9530 5728
5318 36844 28740
30435 4533 5982
27799 18933 16992
34034 37687 3102
3050 13615 11523
11051 6859 10660
31119 6589 16187
4554 14432 8510
38201 774 8387
3439 27640 36746
18378 38877 11879
38171 39908 21491
18459 10989 14680
33512 14556 31274
2718 35288 25161
4242 33306 27697
22632 38715 7670
13636 38030 30330
25498 8699 935
16538 35659 24746
1763 18761 28317
18430 19582 32211
20822 24338 26282
6405 5601 5984
27226 14579 27820
29972 38765 29654
8222 17276 13493
14989 37624 38172
31268 33284 23623
7903 15122 21234
38211 20199 11822
4540 14216 9861
14462 34679 28078
25092 980 35147
16455 19296 25615
27379 820 26836
10315 14368 20068
30865 8358 31293
811 15306 7920
29966 18106 26156
21166 15985 34241
20524 20619 8839
31390 17592 7644
20460 6976 29327
39822 29217 27485
16364 19503 8779
3020 1053 6165
20181 6079 35507
12399 29552 20897
14482 29862 27322
33864 16616 8751
12220 21783 21499
20592 23182 4979
3866 35980 31893
31072 21045 24205
31213 8119 25609
31597 34401 24518
25971 36033 25751
16196 18726 27459
16905 30255 31096
21946 30830 11396
8918 968 22519
2586 26072 39248
14325 3804 5168
23297 34263 38561
33339 14276 31953
11114 35578 22142
5401 12151 30106
1218 1163 20806
14063 36950 7981
37033 4224 16352
19532 32259 16187
27502 39621 23839
31689 29343 37664
35372 26108 22448
34902 25689 32293
36646 9203 1225
28163 15125 29270
38643 21206 13196
1046 26521 33233
16926 28991 3811
13229 35533 7802
22808 11546 32084
32586 1336 28304
18577 29171 19960
34372 34573 33141
35098 7159 36074
11574 7657 6440
744 34237 26126
39082 6163 14554
16786 35792 17037
19940 14001 31300
13427 37530 5335
24631 19951 29483
33210 39730 38618
39698 9363 20428
34443 12120 26618
19188 20097 36349
221 35438 17705
31793 20060 22811
3468 15677 29701
30704 24023 20543
9703 7049 9992
13522 38293 5718
26867 17100 505
12019 4462 27809
13905 38422 31263
34148 26763 13090
29536 32366 12793
8600 11788 2007
24689 28461 19881
28641 27844 950
4274 21429 39193
1151 23999 22021
24037 2684 18963
7184 29257 21655
27714 22148 30471
6184 19197 3325
18786 9027 36540
38700 1554 19882
30598 8723 18081
23075 32352 37292
3557 18277 19728
15401 35866 7404
15372 5015 16475
3692 6980 10652
39421 36066 18441
27871 24201 21125
36056 26310 13203
35355 28359 37466
30395 10601 27275
35656 34112 29187
19172 22145 28924
24513 24613 1408
30464 28946 9572
23339 14348 23658
25786 18323 13547
26775 19063 26262
31209 13361 39013
36708 8050 16496
15159 15262 27465
18264 36751 8858
13089 34639 35049
30723 32156 35855
4839 17502 36509
9590 36921 24615
3724 5498 26536
20569 28517 2171
19520 5581 11453
27441 1176 32186
5971 26948 5311
11291 29007 9339
26501 12782 28506
20236 20003 11800
24089 24529 16200
39334 27271 38684
30337 28910 24109
8801 1411 37012
3521 3730 13656
12520 7897 15880
21540 15085 11850
38685 28371 28725
30561 26582 25250
27175 24189 7165
18630 39267 18376
1678 19836 13052
18640 7431 34350
23012 18374 31522
13567 21605 14737
21983 27699 34763
12304 10362 37694
36832 7403 16444
9192 9231 27348
36782 27929 6762
32992 33320 20615
23687 16380 21255
27449 19141 3533
14973 34422 36077
872 6274 34383
3187 35179 21224
4550 2395 13686
30284 6362 25720
37129 33704 35120
19663 32956 13062
15071 23515 26005
207 11480 31466
9289 14210 36464
7141 6802 33344
17420 29292 2089
4227 31336 14112
37857 22319 31108
20410 18784 1537
10347 9432 38522
31140 30817 152
21675 19362 24680
2653 3185 12279
15535 19119 23172
23682 34968 39423
35187 23957 19812
32327 15132 2795
30334 36240 25736
10489 35873 77
37089 12765 22502
30117 38224 6579
22382 22606 16439
9479 25960 4885
20040 23460 3647
570 14080 30475
3875 22199 16964
7423 25139 2977
13206 6205 36100
4072 32308 3082
529 34105 37773
39972 28671 39490
34209 29338 27338
12373 24052 39223
16338 33190 33838
8666 18620 18607
38674 34145 14278
25587 3929 3268
20011 9950 9066
2686 28783 3339
5433 25957 16392
39712 2233 37787
15081 10260 7551
9693 21228 20305
17909 18680 29402
29620 31415 24284
5402 14898 5837
26121 16629 84
13894 35558 30466
26018 39917 1840
36723 35934 14379
17039 22010 7527
13944 22597 27289
12991 20223 19903
6405 37990 4238
37326 2614 165
5559 15663 26190
38630 34758 25734
34147 31040 8350
15722 18603 785
1586 14041 27331
23941 12957 16844
22108 19891 36511
16934 17346 32934
24373 14150 22858
17976 37716 443
14040 31514 38401
4247 16714 4657
4944 4636 15365
29659 30519 22228
24986 20176 8141
22717 8724 30819
31269 20512 13088
27942 34689 33026
27929 17709 1141
38132 3120 18923
18842 30981 11573
24954 18923 88
36484 26614 36223
12368 18190 1992
38691 10151 14979
3649 22547 25950
32985 16284 10837
36943 11644 27174
38067 30302 15506
3193 21907 22990
5546 39396 7860
15408 2112 5798
5575 17525 9391
26841 29864 33829
23924 30700 1719
23145 21786 15433
12887 16514 32072
15637 28355 13084
22755 6229 9480
39357 17889 33902
20963 14424 18859
34821 22327 35134
24174 26309 33963
23540 5439 33982
34270 4383 31976
20459 31560 16924
724 15372 1390
20140 2642 16434
17281 23436 5257
39705 5268 5283
11641 8751 39672
18837 36137 22963
20279 14517 31283
4153 16937 11159
31080 8330 9781
22275 20897 21415
32680 36229 31011
5550 38891 36001
1646 37718 5476
8355 20450 19605
38380 15701 4815
5089 168 1035
30872 27282 21638
7256 20674 23526
27862 34467 11615
16607 36418 24083
15505 18183 39212
3303 21629 1939
17763 31779 21774
33894 21504 32165
36515 7148 611
15318 37654 7975
12422 18940 2474
25030 26042 8427
36432 29809 10886
30683 34774 21794
33433 13973 31277
27821 40 23368
11861 31008 10152
26232 4967 15749
29674 35478 21374
8772 25934 7210
22403 26917 18149
22572 3860 13236
18087 8563 6993
37949 12621 14661
4739 33335 19917
35853 4840 37821
33392 10794 1439
20407 11985 37540
12140 28823 28340
34617 4073 30592
128 31318 7306
17857 22554 19233
9419 17790 12640
38771 6136 7087
29759 2211 15449
25090 14514 1213
34423 34972 38423
28626 22671 23677
23215 6185 32723
21634 16946 22547
39191 26115 2445
29788 14303 36124
37497 19166 8706
1929 23801 3439
6586 10667 25520
15034 32459 13671
39836 19883 21006
12334 5491 10564
14746 37271 35608
38221 12301 18536
39034 11368 12476
35251 2762 13186
6453 2077 30743
20262 16749 9018
4999 5739 24395
11028 34740 3534
35984 13579 13280
22810 26593 16278
17879 25475 38386
20647 15008 23187
81 11501 24927
1852 33164 31027
6986 22476 17984
21222 19206 13246
23040 4595 18141
17068 17694 31247
12254 11234 36121
16 11602 7759
11555 33400 3158
22485 8909 21395
9242 37695 23505
11126 19444 18194
23868 8551 32546
39420 25142 29851
19355 33065 6063
14490 21072 17525
8936 33343 28164
13436 21979 10395
18244 6092 27080
19258 1413 9532
35166 38013 39706
36502 39042 27494
38351 22383 17150
21683 37669 16152
23177 9633 25129
1837 31919 13265
563 25739 30685
15496 10040 8414
12043 27985 26317
14359 12230 21693
8633 21565 537
27723 9397 27355
32023 2850 29954
3095 20616 11002
11559 24099 22382
29467 21254 3276
498 21310 7258
3376 25712 19279
39312 11917 27612
36948 35134 39668
35279 31271 2372
2204 29682 8287
20158 17106 3461
1549 25315 27726
10445 30434 18365
20450 17560 12910
27717 28811 21038
14147 34266 12650
39830 14136 34462
24204 7362 1418
17005 7973 37656
13596 18939 27868
8413 10271 11785
26880 512 9932
11844 36120 24385
36110 23930 24663
60 5310 30457
35182 17110 36742
30406 1212 27139
19046 32183 31329
1457 15957 28526
26288 36884 32511
23794 34306 32847
17901 39403 20392
19452 8067 35514
34040 8600 33762
10803 10760 30670
6638 34296 22649
4638 10025 29939
7339 13418 6974
751 4366 12189
1818 26580 34968
39288 24117 7933
27475 17210 7663
10935 39566 21228
469 37273 6323
7750 35778 25211
2489 2241 38626
20052 14000 28410
26066 2356 28857
39360 39203 36762
31128 19578 21886
25331 10274 4536
7201 1264 33296
12692 4552 1090
35062 5060 16806
23733 8013 14208
34898 32166 11436
34122 17471 2274
24982 4319 8164
36765 28716 32760
26106 6924 20291
6333 39652 34143
33488 32519 24488
2783 18816 1296
39707 14367 13157
9210 39004 33698
26122 22392 9334
22665 18023 3613
20969 23735 26352
5631 23234 35523
22536 5959 19559
20377 7187 22233
27695 27438 8424
2202 22062 20445
6949 33570 27470
30115 19422 31552
88 9907 8429
36836 35602 1719
10029 7341 15683
10661 21122 14992
39122 26105 33615
481 973 33364
13771 7873 14789
30193 27246 29157
8790 2432 6277
37566 12996 13089
38757 970 256
1214 15612 23479
10763 28357 27650
25199 29490 22849
22479 29381 10551
14804 31815 18810
22736 22675 22960
32427 38856 31486
17508 22235 4740
5402 39714 4505
15648 16749 26686
13966 20216 22678
2297 29285 38851
27526 7851 15959
13209 15327 5021
12818 28245 679
5299 19589 37973
25896 9030 7115
16798 21096 11984
22705 11485 35905
6592 27429 21064
12188 9838 22206
37283 9742 30505
30498 1311 35727
31595 33688 5853
38802 22190 23787
208 14854 38039
34551 25599 19625
35089 1747 18282
28740 34293 9691
7748 19719 21733
3864 19935 31681
12152 25166 20390
12091 2831 22051
24195 14898 14150
26663 10721 31408
2439 4868 36299
7366 18296 14403
32755 38952 35668
632 5456 28005
14615 33612 17758
4353 24275 35109
39113 19505 21216
4660 4324 38066
13681 9946 5843
9094 16257 38968
22410 16524 2539
12626 23084 35707
7449 3614 21589
11258 33685 36143
9459 32223 19323
15801 16015 38531
16207 31296 34026
4799 23979 29986
13826 22277 9169
1405 37684 7644
5791 29182 11963
1209 12320 29703
11030 28215 17918
26044 11656 38708
6166 30699 9209
7623 37988 14485
24634 15777 28893
5917 5990 39807
27996 10252 34083
22025 10484 21503
30920 2059 22052
11630 19289 4109
5608 2585 28461
9168 29676 1233
23025 5736 20699
34528 6853 18417
4310 29526 18052
5935 39297 34225
39201 34758 13943
35688 9324 9618
38877 25684 10932
25636 23252 251
18183 5850 8136
28859 27733 4122
1382 18832 13107
39019 20650 19266
5627 29295 36310
8110 38544 37953
32318 2862 6143
19879 19072 20584
4161 24436 7506
6192 39325 26941
38516 38683 16042
10805 33412 28385
7346 39784 18096
18286 14323 12432
33797 38149 35327
27031 4903 145
38979 36138 31066
16202 36324 38647
28284 4288 7621
37251 31381 37895
25573 2345 21191
18368 16998 9458
10144 3839 15336
27662 30094 15710
36308 17197 15282
11101 18165 32189
1741 1780 20160
11328 4183 37560
24372 20873 7086
4773 23452 28754
35115 19918 2674
16893 17617 26526
1502 19430 24799
17994 1307 29537
19205 34133 1658
22421 33843 18303
24257 15476 19084
3339 33515 23638
13689 34284 10515
7025 282 17547
14187 24119 11352
7480 26854 29772
29910 16746 20406
30755 39494 22132
687 32244 25304
21063 35403 31771
8844 18654 25607
13264 16233 37962
23786 14719 14598
5018 25957 10628
30917 39846 36758
36229 39008 6968
14119 26219 19739
31192 21715 18877
15833 30387 3977
2395 22091 231
6121 19733 19651
18478 25131 31398
16230 5604 9887
11600 448 34614
32270 31765 24690
169 35648 1295
35718 4740 29911
26861 31395 29084
13721 25546 5020
21434 1867 3115
38562 14314 31736
25621 20250 39715
33361 9929 18058
32334 14830 32734
11436 5557 38642
28793 18405 29449
13005 37738 11855
37263 17372 7014
1522 26793 22571
38365 3922 18941
20762 19896 24226
14660 605 27313
20950 14705 1949
34382 8278 19451
35580 12923 33998
9865 36662 22915
12130 1210 27106
6507 29823 22542
7896 35307 8013
26100 813 7305
39169 8432 36058
8340 36494 3624
24443 12731 13307
7756 37555 22536
2768 11680 16556
1404 10282 13992
124 4615 17966
24303 739 38308
35738 14387 35697
34959 5559 13936
32261 30820 13675
29255 32175 14805
29931 7691 33975
20104 38605 17769
19831 10315 16955
31409 19427 15029
8131 12997 18985
2010 29004 19101
30387 38634 10852
18100 7370 4390
11316 19474 25812
9728 32021 1207
27518 17039 22139
15905 884 1388
14159 24122 5325
620 11547 4706
11141 22970 28127
8916 36322 5647
17600 28151 32759
17937 13728 29123
13702 27781 20873
2702 33024 23539
19202 9779 6313
15829 32580 7197
15191 7291 15750
35381 39001 3966
39477 19046 949
22750 7744 38281
10377 22523 28303
2994 37650 6765
32979 32854 14603
10368 17976 14807
21933 18191 7288
9838 15381 6779
8841 23156 10820
28169 23414 28429
31680 30998 26700
7154 35543 29687
555 34649 39747
1009 16572 12738
36137 28881 10625
5792 31804 21930
1735 26531 1791
12457 6393 27806
359 24854 38543
20506 8350 36393
25251 10678 37924
33415 8548 28089
8848 30360 32547
16886 7989 15941
14859 34203 24287
33811 39918 30550
9149 26775 24058
35491 15000 23189
30858 26038 25217
32697 17880 23490
13258 26609 28113
19749 17962 25701
21825 14448 24388
38548 13614 39510
2433 15564 15296
176 20441 21958
24477 23018 38897
36507 915 23374
21855 10983 7855
18283 9353 27129
16618 16225 38635
2739 33603 31756
55 9861 30696
22219 15830 2624
20622 21612 1485
14042 12576 22069
19771 16445 13779
9873 11966 9291
24664 24790 19638
2803 23083 32879
18785 361 30665
14699 5157 6661
26494 7073 6893
8250 6428 19581
25770 15153 24712
14188 34235 24065
36142 5152 27816
34701 14548 36352
15943 26363 35724
38704 21825 2445
37955 28920 35055
13981 34743 31571
23774 24441 26566
4694 18801 33881
4577 29179 678
35961 15711 26058
5041 9495 37038
30883 20484 34187
16612 31658 29872
7870 2612 22479
24485 37832 9276
34489 30933 33066
19002 38862 17399
14244 25567 8673
2856 8949 3324
5689 11499 8365
3481 11834 30289
21744 4197 19123
15732 3145 36551
13699 24925 18664
39442 33896 32645
10746 33240 23525
25593 7523 13013
16016 27222 987
34892 30325 7860
20706 15600 19690
8544 15905 38136
241 32961 36319
33493 26627 2523
7516 15680 26047
12786 15182 35436
12271 8454 10677
987 3827 17533
11933 35469 6924
7071 16176 7571
17095 8763 31093
35073 20355 20134
10601 5441 13665
34787 5688 22596
21640 21598 4504
37844 17874 27091
7811 29190 27415
35660 9231 5643
36244 31559 32491
13157 22199 4150
13688 34486 19081
35295 65 1459
9976 31204 36313
8376 26176 26205
15952 13174 29366
8929 5137 23175
30577 23652 38811
22242 36757 27770
36890 24682 39741
10682 34209 7393
19588 31613 37895
3961 20337 24518
11739 6859 22716
29052 1604 25633
32769 13906 16314
13357 8128 27335
10779 10845 36559
11849 26667 6470
12317 12405 27627
33789 22115 36665
17236 13381 35049
7387 15152 23010
16881 19346 17878
5068 31556 12818
27840 21695 4376
9829 15882 24047
1819 13493 18506
8729 26463 2918
36934 16181 8418
39456 3990 17672
16568 21034 18711
19861 21015 32114
30217 51 28671
11113 2438 34746
8644 21067 37728
28567 12345 1404
35157 39935 33979
36750 36913 28289
28567 22239 15873
19571 35609 39903
