3350000 1000
35398 37360 19536
37777 19430 6537
6858 11013 3441
29422 26577 4089
17325 24722 10384
30969 5251 28814
30525 29823 21719
7119 28094 5797
22648 29789 34793
36613 39923 34120
32164 21039 16002
22961 35308 27782
9954 754 177
1463 14338 22251
21341 21847 17367
36714 34549 39257
31501 566 12248
2856 6359 14776
18149 16231 37031
8583 17466 15299
35258 21519 27095
11057 28362 17820
33248 37577 21159
3785 1729 7230
39264 28159 5100
13049 16731 13164
33150 15506 38404
1027 30783 19563
22242 26153 25352
23528 8901 1347
39359 17870 33244
729 3966 24375
14755 37735 24914
25840 38585 15552
24415 3759 18191
735 8865 11828
28093 1100 19405
31354 6831 24808
19926 30618 23996
9493 7051 19901
5079 31620 2653
16124 4126 30492
34495 30486 29712
30212 4262 18701
26460 7693 33456
21789 10132 26623
7137 36250 1280
32319 3784 31653
33295 21913 37696
28426 31465 31152
26514 14777 736
38079 3832 37024
35588 26187 39292
1313 22229 4391
22975 35445 9811
27619 39574 5085
5234 34771 27343
39616 19818 28023
26641 18278 874
12428 33505 8463
14956 19822 4929
5297 27108 39144
10995 5709 19090
20506 27931 9005
20023 28037 15746
33724 27363 29239
39863 12737 36269
30158 26704 18682
10877 7530 15886
21201 3075 23091
10782 13885 13002
11971 35644 35000
16679 12978 15602
19864 15243 10045
6015 18509 28472
8018 26514 23542
9617 1211 13557
24352 29321 19108
12551 24284 30461
15307 546 35131
11550 30851 35803
12520 2567 27492
2471 24547 4013
12690 602 11990
6964 34792 7051
7445 18910 14338
10068 4535 32990
14692 1974 13451
30219 15435 35481
16057 3760 3021
3824 34487 13120
8175 31163 2532
23527 1283 7526
32388 9467 33404
26639 28441 7889
21648 34853 6042
2540 9416 12716
17299 26449 30375
32412 1880 10166
18165 4201 30503
22489 871 37470
22873 8748 11820
995 1413 19245
3158 12189 178
27732 38051 36532
5558 20582 17320
3568 6255 37223
22681 1148 25437
14316 35959 2573
4315 28878 22934
27676 4088 6587
29322 4815 26422
16422 24174 29750
27295 11551 11792
11248 30014 11965
4092 35950 27969
4343 14308 13647
23785 14610 14185
15787 38955 500
19272 5292 37415
17048 4836 33558
18754 24667 27435
6887 34338 23283
34536 152 18053
17087 28069 20164
894 28152 27323
39648 29390 5639
9784 32744 25499
23665 1643 37723
6351 10797 35470
28380 22608 10775
22224 33914 24215
33404 30655 841
6959 7061 143
8239 22861 7249
36937 10107 11590
12363 31891 12143
4785 7323 35928
17950 13401 14536
10964 2032 31839
34843 18941 14787
33643 38031 8465
38188 19148 32036
5305 39707 1972
37714 39831 39452
15049 5851 6769
23290 13673 21882
24697 2878 39485
27511 33976 39445
39544 9756 13975
4687 23149 6018
16586 28676 30475
35332 29913 20625
21878 17557 30540
24320 15298 30126
5811 21830 35662
30367 39119 17957
38139 9223 21537
17842 24264 31967
26892 30769 39244
15792 31401 37596
17038 37477 13096
14659 28740 5499
28317 4109 23463
13268 17135 29404
16623 9835 18776
12943 34672 7267
6937 24608 5009
6392 12094 1902
23716 23446 12361
20630 6183 1928
8446 11834 26327
1545 3018 12003
6635 20215 25809
38467 14068 10725
21011 25491 34063
655 10298 32987
2883 7272 8578
6352 28286 39312
11269 15831 39655
17122 16034 31336
7583 4905 30217
25358 4762 34290
29414 1994 25363
38140 36072 33303
6193 6924 9837
22153 4404 25309
10444 13519 16091
36597 26622 12375
31190 1555 3945
7696 16995 36741
25099 25931 35848
6422 8000 38907
31403 5347 3759
39323 18065 15118
23639 30830 33073
27468 39090 32610
39797 37146 38915
32334 38860 31629
2497 13659 16750
10950 37728 702
8174 4036 34936
5731 20277 34515
21588 25445 12960
14690 16218 38522
14072 26418 20178
24044 38410 12395
8340 30594 1763
15689 14226 27517
37162 9715 6847
39102 34074 1964
38428 20933 1946
34402 34205 3732
2554 5092 38012
36978 16588 36529
30681 33483 24349
26347 38092 4084
28559 37035 19721
12109 26260 558
11823 16000 28617
23276 33005 23077
108 8137 13393
8712 38012 25829
26671 39362 32172
30990 28202 32067
25923 37333 26530
30130 16851 16382
10170 25643 21587
31760 22148 31335
28764 16525 27532
16570 23484 22844
9726 29621 31418
36642 28532 22699
33192 21263 27808
1809 3998 27540
16275 38975 29592
19218 5287 15955
18478 36077 24655
39668 15020 26080
35833 32372 4045
9642 13597 30223
37849 36135 26213
6288 13464 22073
24121 5715 6258
20709 29094 229
26596 22010 28650
39495 16481 6635
3870 17170 37891
2494 22848 24244
15980 11485 15389
33240 22334 27210
34519 1316 4722
30512 38296 5596
21657 19540 11476
25188 7021 3114
13428 13346 16211
17796 12132 10178
30768 16422 12730
29075 20325 19700
13889 28047 31912
15948 5794 36663
27456 8944 1006
3229 30173 15260
4875 1531 38033
759 24888 9793
4079 12452 7294
20524 32703 13303
33717 4370 17370
14917 35312 37690
16104 16788 28422
10343 32628 15281
38846 9462 425
39969 11030 34141
5484 30767 29296
17299 14293 31076
32538 37071 331
13589 35000 17640
29946 26518 5584
16923 7156 7500
12146 38251 21025
8673 36738 4387
22116 19920 38947
28727 15949 11488
3458 37065 11636
24813 3708 4487
8696 5985 17261
1009 20116 38018
18710 12664 28315
23462 1002 13506
12560 6145 20981
35914 8676 1759
2154 11813 16268
20333 36423 27551
20734 1521 18791
24708 3465 37658
21988 4410 3791
26801 38054 30475
18464 8175 13389
33345 39859 12201
30007 11626 4739
23847 21550 14139
5572 16978 11569
13393 13888 38667
4893 9299 17427
15896 1656 21298
38847 8697 19291
20882 30701 4761
39673 11267 3841
11744 12815 34472
11800 37093 38570
28024 4897 8961
32592 34467 19989
30399 14092 30540
22804 13743 6170
36021 17629 34841
32170 32761 34858
22863 20052 36914
28966 17116 35673
4538 32204 11032
17938 17359 28253
33309 11320 19664
17021 39124 24591
20324 9963 38504
25775 15994 28316
10269 35440 34474
36914 34425 4465
37626 25310 7648
20037 26494 12687
22590 28604 1431
3477 9372 18057
30683 28503 10518
35861 11093 31149
4132 19231 32099
10523 8212 26190
35390 20395 32472
14101 27223 806
11707 3265 35356
25262 11759 29538
30425 30587 16003
1875 32444 2160
27312 23400 34481
8793 20498 5236
33516 31812 28532
20916 8260 12793
38980 19228 37756
35927 38310 39227
17694 1676 17444
22093 28097 22320
10754 16029 1577
39679 29551 1493
20173 22129 1240
39716 23603 35384
39447 20106 28472
533 4809 2307
1260 13144 27774
18445 15257 16050
30665 2456 38437
37688 25334 1418
30669 18678 14171
684 8913 19886
6087 9460 12207
24748 37208 25071
39879 6535 12329
7307 10525 39862
19112 12862 39485
39756 11525 407
35513 31377 32902
95 28046 4415
15991 30187 10597
28886 30719 3521
18101 6172 6222
23397 30213 35637
9075 6911 29135
32922 30154 1770
5376 633 18514
39515 11293 36521
1629 33260 8447
34889 14112 25348
9279 1204 39338
5541 23404 33890
7666 33234 9145
5150 7433 11483
4596 7455 20910
32134 34225 18054
14720 22940 36165
8883 28942 1293
15086 26116 30411
31681 16784 4588
22365 11772 12314
17515 33492 26732
19847 18095 31800
27538 26945 14599
11579 29963 16288
34176 21005 23098
21967 16990 8974
29140 30607 15993
25567 30664 18773
25009 20561 32457
17423 39375 5759
2489 8261 6713
7608 36403 37594
6226 17428 34549
34289 36652 28072
30569 23980 25834
10964 30030 17039
16951 4025 37384
16323 15773 26568
16000 39735 15747
37494 30905 37281
37254 12427 37937
24162 38066 32026
39727 21064 8861
12299 24560 3309
8352 19924 1320
25916 11123 10182
22199 724 8932
22595 22889 11588
26676 28430 1706
34294 9422 22779
14405 1897 3236
12933 38423 21079
14312 36030 3476
7605 11172 15969
26741 20185 38711
23683 26429 19829
35053 808 24679
29185 1209 33714
13102 18743 35282
15669 13240 20280
12711 1446 3936
11212 26751 10673
34270 8007 5681
20329 38614 21831
37757 34330 23290
24793 6662 6842
32284 19195 19053
27966 19155 11324
3851 3850 1545
14912 10570 22784
34144 25568 26849
21306 9215 15406
1578 82 16317
9941 11233 36894
15400 19935 24315
35641 8497 7121
32800 26300 34296
16689 12359 37068
19504 15208 31469
11981 23343 30786
28530 38069 33493
26065 31184 16955
35350 14257 18936
5677 6693 2727
31243 5537 29310
7587 5298 8131
27280 9573 24858
29838 19014 444
38671 726 35057
33960 7924 32065
17876 8609 20125
25046 7243 15089
16905 38637 14040
1980 15679 12422
15371 10976 39619
14198 1358 26039
39477 6524 14858
4281 20487 13106
17914 37503 10457
30047 12298 11298
9267 37545 16747
35394 26206 18472
37174 18531 23455
23893 15482 28401
15761 35169 24292
38308 34654 4898
34634 9918 18650
16360 34004 5361
14716 12462 38343
28063 27577 33900
24111 20985 15807
6090 6185 17224
35531 39854 29258
16010 3367 21366
13743 16436 12227
24962 28195 18903
22511 1768 10662
4189 39667 39947
864 30642 28364
38726 18850 3519
38147 2305 19476
18641 13482 24486
9217 27032 24438
14702 15036 15116
2484 11989 12973
8618 35306 16044
15739 26780 35403
19213 18456 38327
27029 7528 37412
25758 17483 35836
38015 22468 25482
5218 16942 5710
15179 13763 27816
31446 15988 25770
8766 9740 4955
14900 39782 17335
39000 26212 3683
8153 24389 39443
23250 32241 20564
29956 35986 37594
23758 24086 31313
28625 19172 22738
14896 5780 24051
34469 37522 421
24281 7911 5830
26094 17262 9113
30926 20350 13922
12462 7692 33393
30385 11904 22536
21294 37189 14819
17888 11978 16872
35543 5133 1419
3043 10583 22093
2119 25976 26766
38387 35818 22009
26345 31367 1877
9732 34375 27291
36 13212 38094
811 3016 22628
16663 38255 31315
34234 16777 2177
37075 3245 15939
20582 6485 3741
26163 23099 32971
7534 36100 9342
13704 36712 52
2997 33127 2606
13187 30334 4364
33625 36871 33973
22210 4401 20637
10619 3524 25095
27706 17577 36439
19442 27679 27281
11668 14308 37227
5741 8196 25000
37322 6055 12899
15802 15883 7300
7047 13123 24848
15790 11482 24431
21470 31452 22339
18925 15892 15520
27684 5378 39289
21069 16956 17482
1198 1410 24812
141 38274 39960
21782 37114 4388
9636 39009 16643
7795 23209 31449
9044 20530 24413
1588 2289 5335
2966 28975 29803
12674 38033 10583
20542 36235 32159
13604 31178 16628
10093 33280 20076
2366 36782 14757
25081 22167 16935
29283 27158 1392
918 3009 10487
19565 13504 14139
6642 34230 10582
18794 21631 21675
15043 30978 7695
18420 35733 7349
1541 24630 5573
36212 26197 2465
38693 21269 14584
166 19813 18384
13385 39942 13121
8483 9023 30406
36555 34262 19336
22143 21456 12185
18814 3857 23018
2569 7944 823
13410 30801 36048
10230 191 24045
7708 11824 4719
23306 14219 24725
11537 21449 22958
2873 16477 39203
20609 38208 19889
9895 4741 5941
2680 12702 29947
13178 25721 1551
36543 9690 5114
17822 10622 17722
29390 21583 17301
37551 17730 10344
12167 36777 20384
34293 6491 33164
16094 36901 6736
29791 38375 7186
15870 37085 11011
29662 8651 12137
21797 22328 10886
34719 33745 11838
16291 36678 37288
9277 3475 2273
33873 339 31168
2660 39302 34550
7586 28036 376
23501 34689 12519
2720 38524 10183
23163 37412 23933
5377 33187 24865
19561 34418 39243
38427 30935 39508
25500 8510 2651
26988 31819 35856
240 5384 24972
19254 31024 27096
25829 2528 35071
4391 23389 31249
25160 22196 24467
31886 2271 19313
16490 32675 32838
279 24674 26956
33291 32676 39618
15303 17103 28787
39921 19444 22433
13686 26469 38629
4680 30609 16179
30536 8927 32470
26372 4206 36123
5785 2280 25143
2153 12208 11652
10524 34162 30857
36455 4249 12224
36456 13563 23605
16378 3963 24471
38255 36939 3995
10481 30791 21601
22881 13681 22054
9234 39267 18336
31595 17945 33418
447 4882 14205
14993 23221 34691
21714 18844 20768
39989 17113 19443
4172 28989 30082
18009 6337 34487
16019 23117 17910
527 26656 7260
16612 16813 20474
36705 37686 23547
26341 37659 22172
27156 38784 25385
27327 13770 29001
18788 11791 6740
5561 9881 33080
20626 29323 36385
3250 29823 30875
39391 28023 16754
9129 33942 36432
30289 21180 8165
14281 36114 39523
11488 23875 24239
279 5579 10344
20838 24060 27445
9721 13738 17926
31791 37507 35113
29625 3688 2608
11323 15240 9062
6777 17764 16351
35107 5177 6790
7292 2050 38557
39462 632 30892
18744 25688 2596
5515 36787 14602
398 21795 29345
27371 26723 2312
35057 5622 31982
19776 9469 32095
24831 26421 7999
25432 26471 6871
11618 8256 15903
17228 6262 17961
34760 16277 35454
6852 17101 15294
1124 7596 16100
18689 13837 31115
13812 8057 33030
9965 34833 19966
20637 39519 28962
15777 25741 8451
292 14597 19089
17075 22151 4056
31705 9040 29430
28845 37658 15974
24436 4920 1536
30653 6562 3109
17471 30271 2461
15253 6343 8577
22276 14069 30294
16624 9111 23549
23143 27097 32122
10562 28424 7316
7449 13625 14729
37454 11558 22153
36752 26994 35967
6027 37578 9972
39850 12385 9788
25210 834 17264
38199 17766 5099
36795 30890 25476
448 5021 36114
37965 25231 27555
35276 33622 35450
26244 16074 35736
18814 5117 1636
12700 5584 39053
38854 11267 7587
5642 14088 4015
27654 19423 12891
27346 1707 35107
23710 32785 323
11094 38928 20372
772 6714 17953
6765 4748 4492
1185 38178 36511
38174 9306 9113
13837 2386 32185
3807 16687 9077
34790 30932 1999
32181 31478 33655
2663 1536 21046
19402 5250 11579
1000 28001 36863
4956 28810 32141
5685 7269 14161
37343 36208 8318
39477 11035 22424
25197 3430 13435
38258 6452 20892
23260 35264 6983
15820 6026 20676
37160 32630 28387
38371 9441 14747
31402 26532 14749
25228 24234 33879
15844 18270 34116
21586 4594 24634
728 24535 4018
39569 35340 24785
7324 25452 20412
27261 38696 35617
15806 4198 16877
33 24144 14601
2395 47 2081
14871 10897 22251
36600 9752 13468
39436 4869 8876
17741 31533 33154
20268 6646 16382
12294 816 27649
15899 36006 24490
9004 5561 8008
32816 6244 31677
13893 14359 20989
21543 27450 2490
34956 13995 38764
20186 27938 34400
14869 10784 421
17873 25295 20605
23436 10034 34396
32754 33654 3885
12944 38892 30696
21849 33756 27079
18722 18508 23863
16883 35804 8071
23722 18868 12194
5776 30521 7939
13257 29149 26921
31442 26189 22444
38387 21741 36873
3311 643 8636
5393 22309 37997
3365 38575 32452
5229 31182 4473
15826 28505 27520
24779 26708 6949
33063 13479 29597
39378 36021 25061
32967 9077 28519
23512 10432 9632
22688 5695 39420
18479 31473 10725
22024 8433 20474
6678 37695 13296
31849 26878 12949
14687 31905 7903
13520 31071 17975
27822 30231 11885
14294 9739 26275
21228 2562 23004
21138 9675 5945
29189 12314 32211
822 17221 986
23568 6031 35632
13644 36697 26302
1541 3607 17021
16828 23787 15298
36811 37257 16333
3842 24446 19273
32719 18804 33347
13640 5355 10982
361 26846 4269
20815 26020 29678
5447 16863 24702
18696 37393 34865
24859 15726 1121
22430 8039 3380
29956 26091 15006
16832 29398 29090
24375 28849 25987
17790 39086 34269
22362 9855 5549
25970 37195 35742
22998 2302 1917
13851 29167 17161
13646 18226 15915
11360 9960 5675
39633 1517 35964
25809 22411 26369
27166 16058 21261
28340 29245 26501
35616 2340 13117
16291 36810 1177
17139 39883 25948
22089 31676 5649
5464 1463 15227
37009 13756 38773
22765 14533 39343
2187 7530 35255
6535 26992 28794
27792 12341 26165
4881 3854 18702
12225 35305 27860
6646 11767 17210
33691 30827 18356
1369 21830 22380
3764 8042 15956
27588 16660 259
17135 6966 14514
17951 38753 39430
20016 4860 6950
23586 22488 30226
21404 29548 29401
38832 39447 7525
33200 39092 8401
36279 14114 14758
6590 17566 23269
23537 25790 15925
11935 30784 33132
7769 20678 28785
21459 380 21926
441 24001 30216
29377 34452 32499
9581 8784 36326
34991 329 36648
25139 39345 27699
29240 36856 37373
3620 36015 22948
13267 33219 31226
28854 15233 9804
19371 8756 12370
31196 3893 26757
21604 219 403
36524 35159 30662
27529 1505 16162
39448 39107 14094
26815 1044 15449
37795 8583 17266
32436 20694 35992
11747 10442 39674
2354 37699 26949
12731 31073 22299
39426 5364 22293
6479 15156 18605
10637 9578 25065
8052 9906 27268
29285 7894 4288
30222 15722 27194
16927 36986 31705
16027 31120 585
35314 26016 24322
25138 36344 6234
29381 16812 27504
19033 39638 7193
35207 20523 19480
34319 19475 1779
14820 27203 2162
36705 6903 3412
24719 22611 33738
36465 11011 20296
26943 7273 23
28349 38071 38414
28136 10150 5760
12740 20195 29770
30828 11371 24048
635 11389 32870
33004 16945 2748
4232 270 7619
38376 35547 26347
25089 20684 13772
33492 23280 26474
16566 23965 29219
4563 5833 23033
12594 16408 21271
12929 16218 3674
3579 16595 37745
39870 24614 2839
14915 11901 33159
1885 2638 23448
33494 26786 19607
1640 18110 3826
22440 14035 805
30375 27110 26395
14681 30159 22866
24656 32344 19372
18204 30566 39036
10900 15775 12449
19777 1145 39806
4269 14260 30403
33049 26058 28219
24793 29803 21476
14203 18815 34883
1024 31145 35801
18332 7763 8497
4046 1755 39725
21756 27080 11622
27666 10914 5783
38556 31209 3244
33077 10932 14670
2180 30628 39285
13186 37883 20980
23247 31938 20599
225 37653 5621
20408 12249 6488
36990 8261 13786
2849 2866 29175
19642 17610 33763
20577 20672 32889
21595 28314 5808
21306 20325 9514
35429 9208 11588
14285 33558 8984
6343 27366 24378
7219 13556 17603
2056 25389 29665
14025 28056 33974
13795 37692 14053
24093 39901 12717
21364 12556 13306
12929 21069 18468
309 34457 19176
10806 6549 18339
7524 3866 35831
38653 24944 10800
25411 3265 5452
29681 3393 26673
14314 27761 28164
33344 4590 28659
38660 9915 24341
36136 14986 16786
13169 27718 6468
32327 30738 5186
824 39026 28545
27625 25365 32878
25190 544 5093
21860 4489 9718
5855 26482 21045
5027 37082 8055
27449 21216 35035
37501 23368 7522
10063 9988 19712
30388 27732 12903
16903 35888 1137
15854 30290 10265
14951 25903 34367
1432 27551 15009
21410 14162 27202
39230 21341 16482
12264 37012 33641
4344 18856 29609
29233 17549 22734
17161 12253 13570
36970 16238 1580
23764 37445 17482
28218 33598 9647
883 33569 23788
