3350000 1000
29428 39083 700
471 31277 6283
5191 15361 20530
8652 6306 591
22445 3762 8116
15614 25097 4054
14252 16771 38410
36046 2851 25604
11639 34811 25054
5228 34802 13934
36527 13167 24488
23607 38394 15002
7523 11276 29333
13781 2044 36243
2633 32185 23470
16652 5814 36872
1735 12190 8018
11789 21239 28860
36754 11025 15499
35764 35425 12087
1971 28244 36365
12149 12799 15801
13057 879 28905
23605 32173 10161
5195 20316 7490
265 9265 24812
32345 6847 11785
39766 1651 1395
22839 12653 18651
33937 8773 16170
424 4530 7224
33050 30943 21266
23869 27812 4149
1002 39682 9339
13681 22122 30754
38236 9776 23829
21048 10116 23490
3256 12117 3314
12402 9352 14668
18388 38883 31447
13930 39761 6614
115 22019 11186
6728 21019 6247
10094 10296 36127
16500 9872 38343
28563 16197 22599
17911 20079 25032
24650 6230 11718
27054 38309 2612
5601 35899 11045
19535 24632 16445
37916 27920 21452
27417 13138 1390
23844 18240 5576
32945 3490 33793
35306 39569 2752
36601 30544 14269
9900 28837 35121
10167 25982 6488
29605 1116 2898
36872 27348 10881
26631 36354 27456
8186 11987 13438
3437 4916 21760
39821 4585 1922
39558 37102 5563
10805 10950 34881
9196 19683 35681
17491 31916 12042
5555 30552 29987
28303 4847 35958
28246 25439 21784
39805 15601 12022
2202 36469 9911
1214 11267 9169
2435 37199 37921
37055 4345 5269
5688 12129 35535
16912 11424 7573
3249 11636 17977
13616 35734 17456
1741 29770 925
38860 30336 36467
39331 21995 17398
36292 19748 15536
8385 4048 33994
28925 20485 18552
35415 6167 26347
38237 16172 31461
32638 26353 13940
2647 5669 5671
32176 1508 32509
2185 19231 23019
25811 24231 26377
7483 32251 16557
36648 26030 6479
22414 18228 11888
34504 12380 37258
27293 25330 35450
14136 5961 18383
23529 18343 20249
35659 25854 3557
19854 3414 28596
33486 18658 39971
17886 16151 36363
12349 21365 19383
1116 33281 2319
34419 32715 37628
23921 25348 3981
28833 32891 24742
13533 34983 31745
32512 14684 21181
31483 9131 28691
16491 6290 29792
25748 327 1562
31363 254 2640
17055 35910 22750
37994 1176 15419
4338 32438 633
12922 31050 39565
23332 29419 21320
6490 23231 33201
5190 16977 19233
5556 22230 7568
21797 16841 9636
9808 30433 7679
18808 19079 24561
7944 15640 19358
10540 2 20363
17930 31097 26657
16376 19465 25402
22139 25580 1147
8037 8816 19834
11995 10996 11764
8508 13912 28019
7611 37752 13588
27254 25151 32158
1784 29805 2161
5870 9330 32144
16698 2231 5196
12020 17068 37818
28970 35200 33930
2349 35808 31929
28144 10267 15790
8120 20129 17833
27929 5630 3179
15731 24294 862
1209 14292 566
2904 31733 18181
32185 4038 24983
35356 6288 26799
20303 10486 17219
1722 17163 11696
30683 30461 31973
17935 16798 15858
35629 12992 14949
30602 18702 37625
21787 32092 5407
29053 10900 33398
37192 1023 13831
27860 33359 27102
18346 10159 14654
35343 19625 11564
7923 26457 12994
19189 27780 6009
34432 39845 14028
6821 721 15069
20567 15661 25798
27316 10341 34366
27815 14411 3167
961 4785 6334
9364 35616 9838
11638 2925 41
17326 35675 31925
1867 27431 34407
7551 37372 2919
21846 26163 5053
13937 12537 33017
22197 17724 6570
6081 12730 15748
24730 25388 1327
18634 36358 2842
25927 36655 10696
7761 10280 22249
30794 8390 618
799 6485 24908
34686 18151 34823
26774 36524 14809
36451 25002 38516
13392 17411 19941
2646 5245 1448
22501 13870 9831
30578 31958 24183
25859 10539 16477
18672 9451 10237
26522 35163 33599
38340 9822 24610
38037 6334 38505
5141 35037 21215
35550 12174 35926
38082 26949 1846
11175 30649 1917
9120 12251 36293
33532 15506 23740
21793 2500 7909
20490 3961 23717
9090 34841 30968
37353 15180 22212
17598 13151 10844
5585 2097 14087
1191 21475 18987
27543 380 30614
12305 3176 8938
6267 30147 19648
36351 31536 26799
19836 11435 26906
35136 39898 1154
16513 26805 17505
37216 12681 14668
13613 16102 6921
15708 923 1379
35850 8066 5005
9295 25630 34035
13466 28593 1178
21105 36821 17760
36401 33625 3320
30054 15534 15192
11822 30272 22221
16638 10042 18882
17207 555 263
21399 3289 23014
33612 20390 24032
36364 21083 19153
15059 28261 4423
21143 38732 18258
18608 23129 37332
8931 31085 37242
8538 4421 19860
28575 20880 31512
22312 38869 4707
3103 39904 29778
28500 25745 22672
13268 16120 76
20406 37670 5640
32681 6372 31233
4838 23274 22789
22287 18925 6096
27149 11083 28915
38345 34753 15428
16478 25479 10016
23679 30688 18540
39149 7804 30480
5217 7642 17297
36966 33862 2130
17331 21203 39684
23971 23892 9659
7678 19975 38310
36688 37477 9998
33149 15180 14122
22249 6802 24650
17935 26645 19747
34562 39703 5793
6392 10847 7260
15198 2945 3199
11455 31459 3868
33094 34489 14714
35698 26719 13008
8683 37953 35473
18406 24930 32244
8953 19180 13247
27374 18026 4915
33978 37093 28894
23587 34609 23467
1367 31556 14096
18697 33110 10234
25436 3780 39479
14926 21532 33409
9575 17574 27364
31044 15812 855
18623 34964 33359
18001 4536 14459
11216 39161 35717
16874 18759 5460
13969 30265 30154
34142 39333 15499
5568 19579 33330
10959 20600 18181
4733 18724 12903
9732 9127 4564
17148 5883 19480
35841 8098 17503
39496 31838 16337
31715 39594 13972
36561 17710 16757
37572 15565 18094
9488 19820 15568
9414 33049 3299
2654 34595 2385
7806 16561 31404
2600 7445 5199
36824 9121 14176
38980 16089 35874
22714 36290 20662
22491 30920 8849
35254 26704 31027
27956 30072 29764
7952 31514 2656
11204 14625 34238
26668 12045 20469
23260 24484 28187
8170 38095 14896
37903 14099 9420
23875 18939 36212
34101 1269 14990
8618 25883 20271
3607 37288 2899
23167 24439 12700
1843 35020 32040
9455 20330 38627
22691 38827 15545
3823 27763 15928
16658 4616 9812
25919 1099 12258
10759 304 27327
19622 36213 24734
14017 11613 189
33863 33086 33033
18780 36722 36078
38734 26232 11313
14391 14989 18825
26310 862 7698
16933 29026 22506
19747 31270 3400
16599 36281 12153
30033 12980 35083
31750 5256 29082
4485 10807 18869
2633 1944 30248
20023 9824 21035
5033 26442 11640
18735 14898 18153
6879 14864 21796
36045 3948 28231
25784 31379 3779
31884 22662 13115
3047 24233 10932
18316 21751 38442
38841 29846 71
36273 16461 35984
22428 35493 5103
39327 36675 31050
7314 10360 1358
35309 25445 15068
27948 6710 21566
18498 25892 25951
29410 29075 25006
6468 27187 30223
1902 32016 5111
13453 22798 17303
36224 32479 9271
11779 15166 18196
37931 30949 22173
18262 9346 33261
15324 25652 14334
4981 3116 34747
9805 13943 23168
5629 14812 12959
37751 36467 31443
32956 31460 29758
31152 12751 5302
8713 6979 18374
36873 39627 36355
30787 26120 2729
24204 23764 22204
15352 36086 34504
35894 14112 39827
28567 1557 30492
16644 9856 13749
7773 30712 25904
37812 27278 21251
5278 18082 28083
20439 16308 14788
23019 929 13543
34693 2324 6786
5159 1786 2509
14696 21426 9424
32983 18953 3204
24725 35028 6076
15785 16927 7346
16884 28530 5597
3553 25561 28870
31288 12287 4484
24080 17061 2390
22039 11542 36490
34875 27512 3369
2506 6295 17832
16504 9839 33666
39107 15552 21939
27787 1878 10079
13931 32340 25112
25094 30865 38362
26823 25995 748
22291 25632 6430
26846 37232 29947
3156 34954 30530
38464 39263 30432
7737 24906 223
5446 3655 13526
35089 3364 27170
19239 6117 17356
19241 39802 10222
25541 3294 36065
14387 27635 4177
25791 28642 24548
27870 32863 12836
22201 28685 13809
652 4143 32343
36705 24936 23497
21768 14485 10746
11804 5888 6340
20801 22454 9811
26862 26480 15788
9488 14907 3648
30335 25503 6004
18465 33514 38916
5528 29132 37771
10048 7516 26420
39275 27478 31171
14106 29164 29227
18453 15104 6926
10758 22335 9269
19677 4600 8775
10383 22971 29845
23721 36087 11334
27488 15699 11806
9253 11013 24826
9678 24948 25407
23063 27995 12234
6746 37698 29368
37475 5714 489
30693 5807 10779
38573 26566 2998
13370 33369 32207
39846 23056 10431
13724 13370 20407
16689 20381 19401
2437 4825 13231
22825 10350 22198
6597 6270 18182
28531 16453 25570
37667 10405 21871
6898 33249 21346
23608 6643 7679
39992 6005 36768
17638 28945 20467
5073 23882 32545
1507 23561 11561
28041 33266 21468
34801 268 2423
33083 4990 1514
19078 8990 31553
16414 23266 24781
17212 8689 33870
39498 33897 8442
4356 1246 21307
36211 33983 15999
21308 27320 38899
20250 16725 36126
16733 18243 9580
18861 35828 7735
24551 6972 20735
30858 10320 36072
22976 17521 9553
3312 12494 22510
6750 8944 10624
14676 39537 35384
16517 1014 22833
36937 3729 33712
7660 14891 2610
38993 2243 17581
29761 17188 32805
35259 32563 20633
25651 38229 591
37525 20163 1458
33274 9171 1280
11248 32302 24437
17583 8566 6217
15979 11532 4392
33986 6078 19859
646 5622 4154
35354 15970 18528
24054 12187 26555
34664 38465 38928
15931 32530 13099
1655 19530 32791
27117 14517 5709
22673 9398 11671
2815 1999 35475
5427 20458 3272
27513 7789 17217
1517 3250 14165
21853 14295 23971
36014 35794 25248
25462 17994 26798
3149 19048 22609
16781 32297 2928
14752 25244 18285
4427 141 13032
16219 12768 2697
9954 7785 31701
8223 30642 10331
36206 2009 31604
36266 16284 29121
39955 25120 5098
24389 11521 26949
17983 34548 8592
15923 13457 34853
21168 4614 23847
7286 10949 11696
7240 31794 12580
17321 11205 33484
27243 8387 21152
32520 16826 15707
10264 35769 24018
8107 15826 18277
12552 25469 25126
10564 31909 21114
34819 4263 21661
1185 22015 16182
14506 21139 1342
30290 18501 39050
32638 18329 3969
21930 10942 22279
35652 23792 969
12985 25762 34119
33187 31950 7383
29881 9358 34022
36001 16322 25337
14092 27768 5825
29190 34352 16043
9160 17719 3085
23897 23442 29940
9449 27528 2324
32507 34747 17893
556 38756 230
33689 28150 30288
39268 25540 16510
14126 35390 10904
1871 26025 22647
13909 38378 8178
17481 5596 22098
24101 9351 19378
21188 30170 5089
20372 2757 22091
8262 16434 21395
21277 7204 32841
9213 35085 19082
22048 38863 36344
31727 37278 25253
5958 23244 14854
7200 39092 29476
1937 25847 126
14372 38503 27685
19173 8100 4537
31104 8994 39117
19773 2794 8167
8918 27527 37920
6030 12839 27329
5424 30689 28894
17863 34311 16133
23279 15585 2280
13827 28005 18718
9721 39220 24584
33609 5816 10825
12759 3275 22539
9524 33973 9181
52 36343 26208
15463 6691 35463
1564 9914 1125
10012 19246 6567
30139 4568 31108
25722 18565 33233
24498 31190 18333
8765 14807 15406
32641 28729 23262
22301 19112 2294
22880 20387 20725
10816 7975 15165
10505 25836 6094
22880 32819 5726
9220 11857 36098
5301 35951 11300
4028 30483 29612
27087 13159 5324
29621 30826 35332
15146 20444 16133
36379 17371 16244
10022 37362 1528
20750 1245 14743
31922 3169 30406
9373 667 4163
1563 21155 10510
31956 33011 39695
17021 13178 36187
29274 22741 18694
22735 32773 34256
18421 39574 6186
8534 27667 17527
21229 33809 39995
16475 1809 14092
31929 28865 25639
38278 37776 21847
28385 34649 31767
30972 37252 38338
9597 22288 9212
33420 20846 29812
17353 31710 22158
31459 35416 3037
995 18988 19116
15935 30479 6347
7547 2862 3578
33571 12117 24276
35022 8539 14143
36297 33180 1234
1310 6935 15964
37504 26447 17062
27473 17322 29715
12169 34955 12609
24680 9059 33926
11032 22067 25591
39344 37697 36440
9228 36040 36419
15660 20985 14242
32633 19714 2962
8135 33418 9122
34159 2809 24384
7768 27989 20243
15367 22760 5828
3215 18053 28383
4317 18658 37584
33412 13549 21890
14288 26606 8026
33543 25523 38575
23336 13679 9094
2670 6185 1148
27511 20627 21119
15800 25892 23643
28175 22617 37087
34955 9284 36671
17793 128 38589
15449 39399 5221
11669 10984 20238
28159 8844 34844
19399 32547 16470
8026 21590 26247
1600 31839 6125
9461 39291 37374
3072 8155 38855
38341 27973 36544
20925 9406 33738
25041 28473 35921
28210 39449 23522
26375 36621 31248
29143 13673 32211
3530 35127 14919
5117 21008 2829
23380 18753 29708
6551 1070 13416
3421 39601 14844
6093 12363 17827
32689 30708 35540
4163 2925 36484
6565 4872 22210
9570 14884 9389
11475 28140 6058
20990 27801 37263
35598 323 7615
12422 25501 3974
27693 560 19109
22337 31587 15180
8496 38121 10619
39827 35918 8465
11089 6257 14412
35837 3646 18978
23553 12292 27775
35878 26758 8992
15092 34656 8837
28630 39877 14225
23658 26044 24991
20907 23479 32940
33436 14165 11764
30404 5569 16122
24835 4182 25696
24526 10898 19251
14238 23967 17321
33103 10127 12243
15395 2641 22077
3460 19833 378
4936 7669 21882
4463 18343 23599
11543 7652 10764
23100 33178 12135
6438 15679 1207
1031 2240 17710
4091 3423 34311
10862 673 3074
38057 4169 19715
14532 8152 25998
16046 37859 5357
11718 34446 18065
1322 16334 4744
8031 4568 2006
20583 2375 37775
37941 35309 1878
37140 21734 5323
20276 15644 1571
1197 36818 17519
34268 13228 14126
23272 8724 15591
18502 33817 17305
33580 27287 779
2782 3983 21648
16546 36918 37021
1752 24287 20399
5035 26617 4416
13065 36999 2343
16066 20818 21584
21745 38406 15711
37730 4355 21522
28072 27497 32533
5934 10177 19159
23796 25582 4081
12400 23083 5968
8049 39234 30414
14459 3715 8307
28066 38248 9835
8818 11500 12252
142 12304 26133
13523 1638 35111
38198 10105 8608
17144 18182 33425
14867 38675 39133
26233 11804 687
22564 31492 15962
38234 13084 32263
27459 7946 5639
28656 39457 4113
12086 8911 29805
32175 27376 38713
1990 33921 11388
3009 35406 18712
32716 14119 21346
26469 37830 28941
25139 3919 29359
21668 28102 30951
31286 22566 29124
18099 25499 35772
34430 16487 10234
11455 38530 36914
36984 16347 33106
32499 9545 37136
13319 34700 35483
26066 1858 22159
32930 15185 33994
11734 24705 10259
6983 23023 33618
13692 922 35827
16594 1007 34647
27512 32172 22351
35488 15580 7648
3615 3807 29570
38864 11335 7647
27865 23271 5560
35976 37656 17062
33958 24565 15558
5837 33076 22260
18997 11298 6382
26201 27087 4256
5743 27071 25544
21439 28387 34716
16755 20700 31335
5184 13169 31110
20749 8170 1987
8485 7611 20295
23233 24966 26675
32584 34724 17670
16941 30110 23677
2715 10848 20949
32328 39546 23392
19082 9243 26024
4193 36491 28153
26593 7705 14985
17156 3102 15684
36348 7886 583
23041 28244 38544
7797 33945 8087
23155 15714 17312
14492 3724 35952
21173 24098 2853
20755 37092 36493
30454 6171 37610
21823 36787 11041
23384 2191 34175
21454 17808 21289
20030 4931 17900
25346 20936 6440
20415 33525 20345
148 18995 21247
12965 16662 28625
29140 22313 7006
14432 20764 21788
19403 2276 25805
4453 8914 39751
13350 28902 16264
24406 19013 32982
24780 13282 20133
31405 23635 30535
29496 37624 21137
23753 1373 12556
19457 30554 19134
18839 27665 632
7113 30738 19053
21107 27849 31058
23783 7564 19104
7742 36544 8057
355 35611 790
12870 21458 17859
6057 38869 17586
35893 19083 2758
16201 4037 15460
5489 4918 29748
16543 35792 34666
2266 37045 36986
4167 29504 31444
8778 26259 10698
5419 33694 7705
1617 19093 18171
20380 5071 5343
11214 1785 20404
8696 19598 8088
9813 14324 25597
22926 14980 16509
27212 17491 29690
13142 32606 8219
10417 5581 3365
37075 36047 4349
16361 22137 34172
24189 25959 36824
38420 34345 31190
3231 34424 32586
32708 20317 6655
6053 26271 27292
30282 17949 12944
2135 15798 8325
15618 9752 34666
16454 24705 27059
7055 24426 25405
17624 6751 18499
7981 34329 19607
15162 30480 4601
22534 36919 39182
749 12040 33642
29438 17778 14796
20341 9473 7946
16848 31926 5643
30868 15727 39028
5378 6215 35280
35749 15038 1995
12800 21337 14769
26868 19930 4295
17120 11355 25635
29170 39887 39963
25266 25528 31291
11173 7308 22263
17921 10241 18702
38428 30364 674
26307 19529 11659
22435 38614 22114
35665 12132 35105
38197 39830 21052
23651 260 38379
29913 34640 30896
18667 4219 1539
38851 9149 37577
27855 34521 39925
29903 2995 36012
39706 26965 7403
18747 6530 33885
12259 24599 24410
34296 38599 394
36994 26757 10805
6692 34517 24583
1300 6947 33798
17506 37054 22526
7334 1906 13529
7118 15554 27592
16387 34074 36392
37442 10795 24701
10442 3398 28925
12342 25468 38555
39221 2188 29080
34084 4565 1564
1601 31289 31474
640 25284 14499
19880 23838 11226
25012 30445 30282
25482 35329 17155
26009 22827 23358
7623 20163 1543
25652 19367 2228
26012 11041 36209
2863 38908 22252
18054 23519 30612
6531 26221 23740
21705 22867 899
20374 34942 17059
19920 20290 26162
38222 33910 18270
26119 16347 15811
14146 17309 3514
2021 5764 11101
24093 36797 8168
24210 14961 27596
29987 33841 29496
7370 21194 37497
21893 19605 9948
18933 17939 28103
39208 23711 38849
25312 7388 8607
2286 33570 11884
39281 15405 31228
2971 23076 13157
31646 3881 9470
36744 5419 35929
5821 6574 39949
19998 20600 21261
28194 2210 28516
20887 2643 26866
20915 39216 19206
21513 9111 22795
15401 14199 17317
9952 1839 12653
14676 31692 22680
30632 14500 28484
36904 20728 22363
5495 38969 18220
39722 7104 15916
2844 25967 24773
3515 35795 35540
30767 42 4374
31572 2950 21468
6293 22494 24488
19586 15085 26514
27301 30702 32600
5224 16634 13638
35826 14128 37289
20499 18024 23732
10097 6329 1343
30841 35247 2881
38271 932 3729
28306 22010 8186
17458 2175 15932
12224 28951 38906
3792 9217 26821
10021 33005 1326
27133 11145 29436
9247 24214 15200
20871 20664 26229
204 12991 35623
14443 33579 18346
6985 1002 39298
6503 33324 17637
39766 1055 14831
9988 22745 38922
20870 6273 11906
32539 6106 34786
31349 13898 8717
30099 22498 6587
34395 37727 31338
912 25948 26827
35707 21256 8934
38543 1212 11410
32079 7794 17828
32178 24719 11393
9829 33231 18180
31531 15046 38102
24016 2748 4431
11983 10717 11124
38173 1914 13505
10435 29909 5157
28988 28196 33717
653 29086 4883
14214 15278 30534
16876 20526 38826
36869 22050 27682
1554 37536 36696
19448 147 38644
1247 20698 29375
9588 18189 6231
23863 21582 27574
