3300000 1000
20027 6926 9428
31056 544 20488
26043 18122 8795
17192 7006 39887
25 22631 35855
10998 3243 15847
28909 4158 22431
14748 22854 8907
15274 37078 27095
33407 32705 12271
4526 23985 9286
5453 21425 23757
8415 22548 36471
904 11363 39851
23827 20734 16814
24170 12530 25001
5204 7325 5402
27392 946 19063
10258 8234 672
31639 32865 10589
9218 11311 1710
5464 31166 30359
13510 30393 39240
11181 189 11259
28312 4006 2603
30928 19838 4790
13912 27031 30156
3608 4466 33914
113 31994 19962
14503 14565 5257
18496 36329 25216
27860 39171 1826
26214 22367 18106
26599 10269 2631
38448 25208 16319
28236 17546 8603
32522 1984 35428
26004 2069 27019
19610 3842 38494
17880 29347 30296
8126 6752 27159
17015 38141 11601
30097 34661 32514
9818 1135 13997
38435 32086 7926
29971 18331 11410
26259 21489 21209
15677 4348 35378
2549 31915 1013
24618 3069 39942
24239 5777 39342
38929 23050 21595
23487 12698 5115
19125 4950 7484
27209 3677 3230
12110 25458 8734
34608 23532 39978
18023 19630 5344
11267 24007 15151
21100 39720 1224
33364 7926 18819
37989 10617 13968
14783 18857 14599
15076 27687 36197
18279 29625 36525
34061 20241 33956
455 11887 18434
35533 39220 22545
25036 31196 3101
14247 11719 16577
19990 16942 7141
16030 30595 33064
34532 20433 38744
38900 25052 9953
27192 15817 28664
13956 22591 11855
14465 24778 29659
34650 25750 24426
20309 29379 7672
11944 39022 29285
6338 1183 1636
20977 22198 1968
6612 34799 35378
3719 20601 35090
27969 33351 22482
38390 15245 9042
10978 34552 22386
25974 10385 17522
20399 6455 34608
10065 22710 8373
18842 31509 18339
12666 4981 39461
16073 32802 35672
26957 4519 16487
27719 32085 6969
18440 23129 32703
299 17878 2427
12508 12072 1883
14221 35019 29521
31015 27690 15695
6474 39992 25285
29964 32110 4997
34990 25886 36450
28391 2612 13014
7751 24293 21477
10706 9481 26458
37361 8440 2133
3269 33325 34319
32039 26093 28531
18170 5633 37167
20390 39825 13367
16422 29523 26141
36903 11317 38963
31408 34887 38643
30477 38559 2839
15668 33336 24286
17205 8688 16062
34294 4687 21971
33372 17317 8946
34336 29095 28818
13313 1859 16968
1899 35202 5617
14376 34397 37907
15870 5031 10927
34874 34875 37573
14908 30938 38473
37027 30091 15296
27135 34276 27020
16349 26163 29550
10290 5135 24169
13389 34983 27991
34262 15158 33008
17583 9551 27944
20575 16501 32979
19886 10799 34176
25905 2177 12543
7252 38679 33675
24942 27760 31673
1479 6095 10756
986 38340 28745
30271 21242 23240
30862 30407 1949
34385 34998 36930
14835 14903 24439
28945 36905 30829
6915 23261 30027
33190 3071 9225
148 340 12251
38855 19540 38539
28370 22471 27516
35077 18752 32969
30473 22462 28699
11155 12235 12928
3663 30911 38097
121 314 7084
22387 7048 33473
36245 11708 10326
16525 318 24946
7713 22310 22474
20354 19668 2922
4522 9101 18834
25897 31920 22985
7762 2592 31041
32533 3364 7057
5865 35486 38994
12347 21001 10535
34402 34939 23339
12408 22839 23423
7670 9125 23255
4131 10365 34425
35783 11306 33521
35840 27154 5786
16055 9710 28969
9588 16917 16943
15204 11662 26693
3148 18214 24463
11116 39990 9311
37639 35812 20595
25068 32296 29941
33762 32409 14053
10083 236 11782
35302 25825 12553
17255 17637 13411
16172 35365 19176
20625 26317 24738
39899 14679 3729
23386 37641 22105
1687 18980 26423
10692 6817 10648
10077 24448 31325
19851 24962 1794
20623 34422 15603
33981 33822 24373
4959 5240 31352
31339 10898 17083
39970 39490 4684
15075 13023 11536
21757 22613 22396
18837 6496 6095
39862 28833 21617
31770 10953 7058
6988 17500 25431
26811 12324 28681
26161 1057 17564
27194 10308 25311
5765 16278 22755
17065 28021 25324
12396 14125 9472
37859 37402 7253
28438 10889 4199
39593 21113 8711
10012 11666 17753
37365 23798 17146
5773 10186 21046
24526 13232 17388
25478 26341 20502
38182 14723 13178
18410 5752 28907
4949 13734 13319
28324 10185 12845
1333 34983 7190
19144 24267 903
23150 18683 26579
14690 30421 9859
34307 33187 39585
20847 723 17265
8353 24536 1456
32375 38682 12415
21833 21073 18541
19905 13190 35472
21332 21945 37464
8810 28747 39730
22059 4161 23947
31815 14841 10702
36145 3866 7864
16810 2302 32237
31027 2233 13112
1696 20599 36275
29293 7623 34339
6800 35351 23527
26275 17231 17627
36238 31990 24868
14252 12876 7530
36796 26892 4433
29098 18350 39155
20644 9646 27327
17352 8190 7568
11666 2572 11009
27839 15658 29846
36248 10252 22622
26361 33516 37602
36696 35649 39871
27987 32649 23196
6441 19981 26925
9046 36077 32427
29750 4541 31288
20711 13720 25315
35061 2094 14896
28098 13967 28748
33873 18554 28228
12358 23085 8245
26403 27463 4381
25259 7522 18162
10061 32641 11614
1942 36359 3597
18799 7231 10778
31093 18919 9513
5351 29045 35432
16720 27591 36478
31967 17315 9180
36604 5921 2327
33331 21616 15200
36055 24531 7804
32585 11160 26341
20286 16638 6091
16767 851 36139
37292 2511 17085
12615 696 24096
37279 14889 23163
1164 36325 22788
4743 34367 26944
39233 37184 31011
39695 25656 13909
13997 601 33354
21193 4420 24247
38045 34223 15689
14735 26293 10356
8199 29179 8684
4246 5368 23687
15694 32819 17138
17625 3603 12988
24557 7468 12217
37256 26673 32884
5246 28741 4576
35046 7799 35657
4445 37840 18128
35399 17752 20003
353 7004 696
32593 26536 26569
37283 32209 9961
30076 15341 31808
13151 36743 20186
7841 37533 9394
33618 32837 17798
18091 8864 10182
15269 33372 21350
30253 14506 38037
10465 11443 1090
22760 24725 19109
22866 29076 23189
36064 30799 30937
1649 13884 18556
39211 14524 2758
13185 23553 21624
7013 39909 11084
27809 3421 1512
6213 16275 31282
1472 15775 37912
6500 24110 12700
1234 1753 31355
26940 29633 19417
21204 12175 33202
1587 39423 25388
7301 19516 38073
890 7449 23543
13934 26923 36246
2256 1428 35017
150 18307 39653
25384 2544 24346
28599 22268 1187
21779 29753 22659
3228 1759 18892
20386 6692 5639
20348 14542 30057
5802 2521 18977
38248 37537 26422
28045 1075 35011
32445 16172 34916
9092 13933 13045
18654 23096 1394
22219 28732 7862
14240 10607 34586
4951 37259 24278
20604 33374 15173
3030 8670 28145
8565 17594 39064
4166 37584 4340
4718 13273 20215
31538 6770 4249
5101 5385 1110
6051 26995 718
1106 32997 37634
12868 5870 32165
13093 8623 24173
7130 21424 15367
26518 37752 1568
25160 544 31177
5393 21350 33913
28087 18454 9054
22579 15398 33401
5224 34955 13374
7247 28745 23320
5510 310 4164
7181 29356 35821
36976 170 21409
17553 18341 21317
25377 13360 25872
8817 11024 26124
32102 22856 8768
2990 15861 7387
26639 21219 6678
34738 21037 34264
29823 8642 19516
23053 17141 1962
33232 14585 17822
38185 22229 10235
39733 24353 30608
13175 34774 4800
1598 29525 34809
23569 17112 25490
31035 37790 27256
513 9432 31999
30614 2082 17654
23044 12203 5469
20506 17722 7286
23068 10429 39838
39580 834 37369
33372 9514 9995
9758 36482 17271
6785 37858 19654
31653 17624 34612
21936 17606 19239
25201 14373 29978
31555 30768 11794
18806 39034 39160
14705 13249 13097
1425 23547 2201
38394 27383 9770
36563 28222 683
4266 26910 11363
17829 27291 7304
2194 37988 38917
6363 1704 32421
25433 32160 3150
22386 24480 7107
23799 18257 3651
30742 2357 35550
28661 21808 35321
13619 32961 37614
22053 33667 26731
27609 5328 23174
39622 32232 38485
26958 24914 2716
20632 3001 27215
6857 33815 10943
29474 29621 30696
27371 26915 35993
5460 28071 29825
12356 4176 34479
11859 28255 37652
14120 37436 8907
9371 8906 121
29287 28917 17079
9546 36269 35852
30256 1594 28348
39857 14877 19661
35312 9378 23049
14086 15917 31835
29617 18130 29691
20821 7281 11668
24843 30367 23327
13070 29336 18456
20723 30440 27369
23687 10723 15328
15539 15639 30542
32463 32411 25906
8078 23828 35352
23416 9840 10143
15863 19676 38080
23452 696 12315
2749 28729 39126
17178 15531 25494
19556 13852 11912
3465 39123 37661
8342 23818 14160
26445 7959 23234
18698 16108 37847
38507 22993 12798
3235 12579 28250
4012 11991 12499
2015 9271 22549
17014 11107 36761
3026 26889 36179
24314 35082 7182
28680 23243 34004
8380 39337 10819
16400 27846 33070
38708 17980 10886
21951 36617 12838
24710 27450 9886
9212 875 4628
37564 14143 13631
3607 8432 1878
18777 16649 18374
34111 15659 5613
24807 800 936
31651 31820 33724
27920 35370 32862
8001 14873 27142
32108 27581 23483
38397 12488 39793
26393 11515 5439
39614 14087 469
35186 3772 12284
24810 23893 36202
18133 27174 16260
15807 39939 5216
31165 16927 7187
12579 16126 361
38361 4874 31996
39277 30648 38724
18621 36859 30735
39544 15379 16406
4803 35650 38197
24840 16037 19418
38587 16975 9664
6742 32886 23157
21378 12038 10089
29437 39236 2941
14184 953 32568
25263 21964 39161
11118 21814 29712
3550 6147 14319
27724 37452 14438
31361 39179 24253
26120 29565 26187
5683 39904 23265
8208 32198 31000
17527 4069 14939
25239 34523 29360
6645 38124 21529
19953 38181 24020
38900 35351 8797
25064 25604 3647
23203 9766 14391
14090 30753 36378
27768 12633 34264
3560 18796 10535
25397 19577 7513
3908 17660 19712
32865 18794 39905
16872 12333 2878
27574 29724 20197
11876 28349 18290
12187 25279 33055
17652 30535 20228
15286 10893 13485
27770 39365 26957
25947 28176 26055
39385 28302 23258
2148 20594 24948
16682 11264 25824
34637 15175 6830
4282 15211 38797
1795 3413 3544
26144 6916 26055
4502 29262 36993
29399 34305 27201
8187 11011 16401
27037 2112 1964
25404 7228 6680
20194 6840 4419
31576 2376 26910
23009 28307 33508
11946 31204 11312
25413 27423 18743
13335 20305 10631
11644 29893 13098
28504 26946 11776
28413 24627 18787
38692 33319 8133
7293 34267 11395
38480 37643 3051
7892 15556 19359
36521 30668 18951
26366 10891 20343
32340 37848 33307
5575 20031 39906
15624 5308 27159
39890 2135 29936
8996 19510 1462
37820 12751 15538
12017 25546 2145
4692 5630 6329
22628 12885 25842
37606 31781 6319
918 16478 3291
6485 17941 8412
29474 6868 36876
36032 39264 7044
13252 12239 2824
22570 6844 1313
20669 7086 26078
12907 20878 5619
5652 10281 25824
16856 11124 11240
4073 34635 11479
7725 12376 4805
38023 27974 22931
35430 22422 3243
27480 3309 20428
14799 24453 32915
23032 33737 6131
19845 3303 23962
31420 6269 25267
5594 32477 19964
33074 4420 33975
23654 7248 858
8048 10809 31223
13622 31350 5163
1770 29039 3236
23328 32561 32932
26429 17349 8815
12968 29780 28108
32015 36810 17102
11140 23453 29055
38656 979 38321
39342 38706 34259
19461 22296 19397
33031 37544 14115
32368 35897 588
25090 8678 27505
31929 3458 32788
25428 34020 754
18054 13334 38555
9072 2537 2141
12119 6284 25771
23284 30708 26396
26495 38696 13948
7772 15292 31427
39583 33023 28133
22690 34943 20374
36355 18933 34088
22940 17327 37139
21533 19868 35884
39736 33997 15999
2864 14364 14757
15542 9603 35120
28095 8128 5569
8631 26103 4248
29498 30207 11166
19519 6840 22268
4296 29153 2912
13183 17152 20326
17137 17560 27164
21592 26858 21637
25579 31084 36552
14101 31242 13487
39661 37149 3094
37838 28764 37334
24891 3906 13473
37138 17963 5270
16846 32729 14379
11926 13215 13604
29447 33110 34431
25717 17574 25372
35876 33745 184
299 1813 37531
8588 1453 39883
35471 25789 26940
9781 26967 36364
21197 16790 38285
28362 16825 37194
28366 16940 31337
20390 6775 28161
39646 13756 32063
36863 19611 4798
36849 16185 35183
5754 708 25261
10018 36163 23960
4857 26812 38576
2704 28910 12908
22654 28422 12669
28572 849 38575
21134 24719 12631
10637 27440 2291
29133 26635 13098
34633 21276 33720
3696 23085 18907
2915 8754 22212
10616 17487 27022
39554 13936 21139
36389 1302 23739
7825 14346 32946
39622 38352 36503
33338 24984 1017
17498 12232 15766
17579 29869 13274
2594 11387 18595
32729 37085 36043
30238 6086 37261
37957 22206 26883
29786 21877 6388
3900 7603 1
22388 5936 1934
24645 20169 26400
30604 3663 25730
15954 9914 7668
4938 13506 18100
4429 23189 20582
15780 23441 30711
27549 22568 9616
5263 7795 5842
4234 13792 39059
15240 28778 19264
22410 35916 2402
35625 36467 6166
13604 3564 28805
2269 6714 12294
37877 28406 10178
7947 16073 24723
3146 18815 18107
7404 7044 39620
30854 31994 27238
39469 21840 32
21600 19184 4979
30629 11195 12218
9513 29468 14603
29789 10324 34213
36304 14821 5800
37772 10351 7048
18550 18638 4232
12859 12053 33980
26996 17633 27951
4473 25564 8734
19301 25373 35833
38282 19040 39228
14115 36098 39094
38337 33240 12312
26676 2035 32460
33066 18190 19610
4583 7824 24160
38971 12832 10735
12896 10430 25652
2858 29859 1009
5122 20473 28808
37157 22342 22290
1349 21878 38192
31043 35276 7272
27680 993 27417
38509 2369 22874
1307 22468 8639
12135 18812 6395
9638 24286 34895
20373 3352 25252
12565 38726 7403
14144 35756 4123
35485 33546 2069
36150 31668 32514
32160 39991 36471
2557 22198 20791
28098 25465 28355
34542 13578 9874
31998 17012 2478
6862 13718 22949
9333 5714 36091
3869 35242 12984
8901 11170 9681
13624 13061 30817
34565 15235 35559
21457 5551 21038
2752 19188 8037
30027 31226 39612
413 6164 36825
29450 13900 27073
15849 19601 37471
2617 39622 26009
1813 30500 29576
33248 22263 19743
15049 14299 4341
12233 18452 14874
28255 29498 2923
24969 19900 17812
22709 35154 14090
15281 34434 29984
34899 15996 33596
7679 34857 2140
31021 27615 1150
7626 27687 29624
6562 15171 14804
33927 12953 30937
20250 29110 19736
36325 34922 33625
39580 38743 10726
27285 12840 24622
35565 28699 28121
36674 9540 29842
5031 27070 16162
16467 1914 20588
26072 5774 13158
5993 21083 24329
37253 20855 19119
36617 26160 35505
39986 7177 23450
7769 33859 35175
2248 30798 15565
28254 2609 7193
3188 10414 23918
3878 17242 4248
7965 32143 6222
17669 1240 11860
3282 19335 4429
9127 17415 38007
15738 26084 24311
39228 11912 39134
19839 39597 39424
34965 35735 8974
29102 22403 15999
11063 34193 24597
16456 20691 24187
26103 38717 1795
140 26888 36268
290 34309 14957
34644 31716 38987
10049 31276 9879
25467 5802 12622
9996 5412 1095
36222 21263 17573
12869 9563 26129
14116 7121 17569
26727 34536 12648
31385 12971 15316
36170 31454 13440
31425 19212 4364
12212 34486 8589
15302 3518 22151
25985 11492 2982
33095 35369 13368
32452 6379 31523
379 12000 30204
11933 32985 28473
32504 16933 36758
37089 17350 33500
10395 25349 37461
202 15073 11403
18320 5835 6457
23636 7359 18470
33333 19360 16189
30270 39671 33681
13650 22945 34964
30472 24492 4669
28708 24940 20287
14707 31720 22473
6326 18244 37464
25748 38868 31785
4105 15885 17388
38271 13176 1469
15993 21278 15990
34335 13723 24394
6319 39451 25583
2370 1688 22637
38217 27830 27381
11044 9425 22294
38340 28039 39095
15302 14921 10194
33236 493 35511
94 22622 22445
22904 32606 17928
11949 6553 26373
11828 16017 26453
34374 30870 715
13757 16755 39270
7243 38528 17991
30145 31698 29597
22783 26653 26916
9890 24610 23399
14044 30943 35298
27835 30233 2732
9179 15807 22102
38164 15480 35741
23320 11933 23669
39067 15808 17973
32062 22424 4288
23099 5303 3941
12779 16294 31125
3325 292 25494
38825 19362 21560
37237 16381 34134
648 1610 14615
628 799 15258
2010 33577 38370
16379 23436 17937
16933 29366 23859
33330 33690 5208
26584 21327 7844
31574 27821 35242
25290 23898 1994
22682 27078 37934
2579 12548 33661
19716 15734 8825
34058 10975 38545
15724 38579 24418
12912 22030 24637
9587 11828 14344
6940 76 25167
17300 13314 2142
15083 33337 35096
15393 32426 18529
30986 6909 12360
21272 33277 15886
33885 29859 4124
13016 38656 35195
26640 16135 12037
7397 14798 4000
27750 25071 12362
16330 8895 8328
1097 33331 38323
1981 28052 28320
29293 22924 19464
15125 3201 8551
38154 31261 6000
8006 33817 19895
24138 9001 29564
19741 11694 4969
17818 2546 39277
1082 26216 5575
22093 28928 32444
24650 27753 35786
32321 21643 29686
39535 19972 26668
32800 6403 3242
32741 33874 3702
25348 18354 36437
31434 6331 32153
33168 9008 13158
37403 27565 7357
36795 35255 38429
590 6113 37269
14961 32053 20771
9046 23913 2590
4609 2485 1546
28227 3553 14554
7016 12871 24227
38331 3012 8243
30993 11311 21902
24332 8053 37265
26379 845 39557
27021 145 24070
37114 28362 8176
5969 16127 34868
28843 172 1540
13413 23588 8184
30705 26927 28181
18381 19256 23816
2234 37432 27907
30995 8717 14034
2381 12871 24361
22206 30669 9342
36304 25662 29900
39260 35080 1331
4440 8858 37728
39983 6993 20910
30224 15288 22560
26393 8958 34076
29640 17484 3357
20012 33492 9272
39920 24086 6896
6449 17581 23971
28052 1022 27388
37897 31067 33983
18910 33198 9650
10875 6187 15610
39659 27077 9075
25751 16561 9675
27910 35528 2646
30395 15952 9955
20937 3090 22044
19500 13027 12419
27257 11664 32608
34496 18106 8699
16618 31719 7638
662 16593 36300
34672 22432 24984
8735 10162 6248
26985 34618 658
28772 31080 39946
5239 5169 11428
7191 1012 9960
19690 29297 16818
35673 31412 31673
9133 4967 4159
31433 7253 6016
36858 449 23572
1335 21850 24431
20463 2879 38730
22810 14406 13062
3200 3819 20533
26731 35627 10361
35933 21598 18952
31920 17661 5267
6612 8860 29881
10147 25052 15832
15421 36735 37680
16397 33723 4753
24438 21865 1744
24561 8538 20318
32389 19712 26915
24084 27824 31845
14369 32237 20027
20130 38723 31218
23548 15250 8197
17759 37508 25153
28934 5703 30196
39400 31799 26405
25096 8771 19311
29185 7799 26705
30172 14588 4787
12391 31957 3512
24523 24114 31499
31910 1584 32711
35101 36205 28053
7336 25034 8244
20463 18006 11584
4556 8156 29134
30356 26749 39136
23905 3211 28460
17674 16627 23253
9317 11317 19728
8089 15819 29290
15782 16747 19097
1251 28579 5531
8916 12523 35244
21671 30991 30177
27638 31760 4442
33946 16389 29578
38856 2790 6399
8652 31260 8299
33708 33352 4816
17454 9357 21301
11649 37553 30933
