3300000 1000
20573 20717 16084
36667 15574 2629
38818 4796 31138
32602 17060 15160
39634 34623 38066
38556 39536 31224
35816 25889 34774
35868 14658 23050
36316 1893 27233
17145 39276 728
29034 15279 33394
35467 28942 1247
24048 27928 27556
18733 11694 1885
18033 2824 4302
19756 20106 31136
12094 35542 9169
21894 6278 38287
30171 10848 28353
27326 6130 33925
21544 10212 11702
36091 20682 38950
16414 29706 30296
29112 33180 5564
18012 37800 38879
33588 9866 36100
6258 24041 12847
22186 36609 5885
39814 37034 36220
16062 19178 17753
39956 32312 6373
13429 8419 20212
3814 688 11944
26514 36113 15195
13167 31486 15985
4912 719 1106
8521 380 34957
39304 12488 24743
29983 34586 33306
2913 4043 1464
24411 29099 27244
997 30182 4031
7318 25007 17548
28318 11793 20873
26336 38644 36098
23943 27503 4073
34344 5812 38222
31046 30849 31059
26379 23042 34893
30833 34245 18793
35626 35555 6936
34600 21982 32866
31088 34999 9780
36031 16063 37219
18237 6468 27977
16375 34871 39657
10844 32134 9228
176 31454 22424
32753 26654 16191
8239 25263 33110
23309 33076 13503
21971 21541 3139
29901 35969 10823
17488 34655 36409
38339 31988 13775
10776 10128 22040
32180 10938 28540
19836 14431 26200
9149 5541 12993
36027 34469 35937
19818 14748 2228
13496 22764 29019
26887 19249 2014
27671 12591 20926
6396 24432 18333
21189 4268 8599
31609 9419 27355
32078 29841 18495
23878 23489 1710
1121 26261 9409
26691 12813 3809
36249 447 13864
36311 1167 37697
4838 14516 19321
9643 8885 10928
26744 14351 31241
375 28822 29383
14405 6290 4024
15393 12163 8101
4287 16950 33728
7953 32321 36252
16679 34553 29279
26161 12088 37730
15939 6296 13397
5940 37049 35456
36073 17437 23398
6880 33717 16981
21737 4031 13624
16380 8204 20143
27643 15903 2598
15130 16310 32985
34321 5044 22882
24918 37316 8848
17628 29171 2892
29775 38771 35137
5676 13554 19470
11433 13901 21137
33405 10921 28771
5733 32474 22780
2271 9279 37275
15064 15690 36444
35896 35025 36933
13455 18611 30619
7962 2526 33737
18733 29758 6378
21811 27456 1445
7173 10457 4662
24322 14312 22612
18584 21722 26492
33438 36984 19588
6998 14169 8501
14399 8192 11448
22429 31664 14066
36238 19117 2038
38624 5489 16499
3372 24941 22410
9044 33402 19517
37437 23594 15256
18600 12591 13573
29921 31114 32056
26579 14159 18295
34663 33114 22041
31820 14764 5665
15334 22880 14694
4079 8684 25114
30026 24555 17898
32604 11436 36642
29950 35613 13229
25576 7332 5141
11202 26005 6091
32529 11293 39217
20373 19942 20538
30442 3884 7746
32583 14145 4668
4382 12464 28869
2896 29839 21511
39288 19468 6396
20621 37262 34053
22058 5535 979
5688 25651 23104
21996 5422 470
5439 20597 38058
31784 15749 29066
21835 12775 35389
13474 29957 10478
30496 6293 30710
6341 9244 18750
1896 6864 36000
8763 10786 12008
23111 39249 29291
5895 29022 26541
19804 25309 33236
17349 3296 20863
26557 13405 10380
37183 32834 10470
27989 16790 4969
18432 31538 13054
3325 22048 24207
33693 31194 25037
1898 17115 23255
39173 30158 13076
31056 28348 27050
2665 26062 12292
22798 9393 25238
24264 25025 5197
25035 7666 15937
2010 13504 45
8024 35007 6046
4868 35607 17829
2350 34665 8946
2951 38660 30354
4599 29791 11657
894 37165 13056
8995 13654 10245
22978 37187 7534
28479 27991 2250
42 8028 8252
29465 20029 23995
652 20020 34317
16851 37614 1169
31475 30732 431
34499 670 30842
1770 13246 7191
18999 29604 4102
20191 37275 39028
38905 21940 154
38175 29493 35827
2363 33538 20647
19415 11825 19432
2033 39775 27160
16700 5943 36814
3917 22488 30535
460 7722 10427
25954 13482 9373
19034 26731 11331
24548 8013 15723
27773 37991 20458
5055 14127 26865
17967 14175 30941
33164 18136 35403
8606 18489 13265
1492 28191 6985
33222 33348 32576
21531 6486 14251
37595 8114 36133
3911 20390 9202
35024 23119 19950
34424 20156 38428
4739 29843 25671
372 29619 22050
16096 33589 5166
38986 34803 20891
36105 3732 31356
878 30238 32162
39229 24395 20816
8268 2443 22220
108 14300 1474
4247 11243 24801
9752 11328 17492
29812 36943 2844
17854 10309 13764
419 12787 7456
25829 17857 27120
17410 33344 2617
20618 38354 28726
23478 1578 12222
12878 6832 18553
25587 37925 21751
25366 19000 27780
8927 13892 8040
30474 5641 32225
38986 36488 32521
13649 33359 17643
2681 2426 22631
10900 37402 23527
5760 37316 4833
38224 12060 28467
20838 32753 13773
15295 24165 30934
3600 19394 21486
26424 5764 39548
6767 10369 10309
35311 31068 15276
2281 25482 5304
10056 13206 8189
10627 34075 34238
36779 39488 15331
35833 20670 6818
21880 13310 36244
26578 30925 34557
214 25376 10965
36955 25642 19587
30466 25674 15678
35726 13032 19780
27845 29106 23297
35173 6015 16362
9481 7843 7472
33991 21002 30891
21810 28568 14386
39384 3174 11189
38431 5970 38214
3432 10621 16577
5846 33273 32583
38637 37753 9813
37481 11636 24032
13722 5574 6694
24029 22402 8917
513 13142 16169
22182 12996 34261
6012 20227 21426
37243 27776 7794
14757 6164 32124
27158 2635 30534
33989 14516 23106
33700 22116 21396
7756 35616 6693
34366 12079 24412
2111 28451 812
4193 32667 20126
23449 5865 12163
38927 14813 6806
28520 30375 15880
35654 38863 25731
17357 22142 32282
29359 16540 1987
36271 35275 37216
22599 2375 18635
8210 38977 25557
3608 39544 14613
39824 34708 17534
13171 8543 5306
14511 1340 26273
1956 22672 36382
26134 28967 29337
16768 16749 14041
34577 7833 35050
22387 37765 19868
4275 2705 26980
35981 33784 34198
18298 14775 39165
23468 29895 9014
11974 233 28796
9391 5534 20301
8657 7840 34947
2472 38597 34322
19313 34200 35379
29739 3145 18800
31054 2784 27230
1909 4601 24967
23325 38658 31814
23306 31638 459
2312 25336 19691
39038 34902 22005
25940 39749 37983
27090 22284 22632
17061 20535 15835
25296 9880 1213
4737 3879 25040
38616 39484 17242
19621 21170 26550
19712 20334 31187
38223 16980 30165
34683 34882 37662
20180 30994 23734
12337 31950 25526
16099 35597 31948
35636 14815 15588
38098 25875 28741
17530 32926 36169
960 37 27004
33489 18617 32372
35785 35860 37531
22252 16706 1668
39743 36462 17863
34696 35065 6068
18738 8785 9726
18682 35534 31372
21297 34553 16886
2352 5192 35086
23180 35703 30495
10234 8082 10281
9305 28546 23336
18387 24367 33143
36962 22167 14359
1744 24837 36573
8081 13107 19231
14823 28432 12947
26880 38211 14404
26674 29977 33369
25664 7304 18543
10020 7501 22780
5755 33982 28874
33167 35041 1683
39742 38424 7691
19639 34044 8617
37538 29524 22258
4433 19561 2428
8078 27259 3573
35485 76 14324
14989 30162 14817
10698 24346 9238
26109 29519 8266
8275 36801 18813
20744 8025 23613
26676 30480 27562
30628 5214 17137
2225 2063 30771
12579 12371 16874
28120 23682 6303
4607 7907 10983
10143 9629 17337
4193 2256 11172
18265 9045 8557
37360 20785 25391
28583 35680 32238
22788 6962 17730
23633 31110 18361
23261 31612 16995
22770 27354 4493
17594 17163 34447
19553 1082 22595
35177 11578 8345
7446 37558 25467
35246 4945 23629
5392 36589 19523
15002 6698 36732
2900 1738 23208
25846 30575 4495
17937 8955 29659
13328 13118 26545
2344 16689 31381
37404 25860 20922
31663 29590 36269
358 33499 25067
23168 15370 14908
23827 26481 24160
39373 29324 6996
33136 24133 37524
3799 13274 6678
9536 3666 22466
22351 23740 16631
4056 16481 8480
17956 33411 23550
15467 6232 32169
25053 8222 8833
38301 3995 13495
8307 3174 32379
22345 6069 16360
26126 22964 6006
19122 1582 15623
31901 6563 12836
5678 18366 569
19753 5209 9640
15032 12554 22444
8539 27507 9444
33436 35095 33465
79 13805 14735
15135 26455 4613
6012 27175 10150
30763 4559 39242
9341 35746 23230
34855 29537 22684
22464 37128 11602
27549 29011 39181
39798 39277 6842
5239 9685 10041
20997 13523 20605
29831 34120 9024
6918 38356 30830
21279 27056 10509
30118 33239 33192
27430 13243 3010
6826 6681 31169
6008 5120 20670
8683 9590 38376
35843 3514 42
21459 27401 7696
14557 1546 12380
27811 19517 36716
35276 2316 10566
34706 13100 17087
19405 7187 26919
18133 27049 25059
29114 18437 7038
29654 22673 20722
25255 19715 30338
670 13631 27459
10336 25340 11149
10073 2237 5666
458 22315 34944
27741 8719 18350
32926 11487 9119
6049 38520 19219
5775 34672 10833
11921 38222 4344
9195 12397 11285
3306 18301 10346
428 27145 16018
27020 8853 6605
11904 29835 15321
6698 14660 8035
18926 23146 15607
15497 28354 21239
39855 38008 9767
19061 117 28712
27099 9804 20254
24288 29938 5827
18120 12387 29474
27399 15923 24198
19819 21964 4601
19809 28513 7883
5291 14116 34712
33577 34890 35649
8106 38008 5087
32967 17255 35926
8183 35855 10074
27059 38719 14607
13812 35249 3896
1355 11608 8612
28310 27436 34178
29432 3451 23849
24724 13746 7627
5474 24639 8655
27819 4171 31114
13256 22171 21445
32770 31863 12845
37448 27199 16403
5602 27645 8526
28120 12896 17513
13824 18946 34001
21315 19854 39095
10650 15334 5351
13188 11190 4065
6489 4032 29999
23980 21975 5197
9849 4918 7277
4604 32363 37337
1277 16336 34010
12207 1076 35483
2260 19646 11599
11205 9974 17358
12740 3436 38571
10076 270 30885
9793 7079 18008
20703 9129 10343
15429 3944 30539
35869 32026 36618
29316 26630 37705
7821 7357 27689
28507 39136 297
18192 10296 37074
37082 35731 31766
39803 1921 39375
22204 2040 21440
9334 28082 20754
24046 27264 9799
12032 32038 18944
2943 3651 908
3153 36055 20399
5406 27439 10613
38410 17842 21282
8049 31245 23826
30356 33274 13319
16304 11460 21862
3425 35912 11859
6362 18748 273
13116 9554 11254
32415 20897 35086
9228 30360 12096
38746 21850 16208
15300 15544 21885
25156 11768 36907
36441 2480 37398
32163 18294 1357
13950 3776 26309
13867 27522 2244
5569 16486 19230
2074 1329 10056
13061 34941 24906
11899 14934 519
6064 14121 1069
5911 2205 1714
13782 12765 219
33865 23517 22341
38315 14059 2945
12093 7432 2813
3527 29733 38853
7490 19626 21778
4883 566 9904
30079 27423 16841
26839 25937 31768
21947 9391 35909
15950 26000 26497
19769 34550 945
26541 38548 39562
17567 9618 33426
12685 13652 39333
12463 31276 3640
8164 17519 27904
4221 29157 23816
10800 6103 9672
38510 12148 15515
18251 34361 30260
12659 32828 3636
3406 22012 39561
31940 31607 20092
9651 35059 31801
21379 23201 14616
32858 30301 23185
36389 33693 38512
745 21965 11554
12729 7916 30671
15336 30493 20104
2532 25331 6127
21004 8513 2313
25277 2038 7049
30742 23895 37482
14803 31023 31774
7679 8467 18163
1988 34164 32679
21454 30309 35520
13504 27095 20033
29383 21739 17561
38934 30824 37755
38255 16214 33523
26389 2248 15882
36088 5336 8907
31619 17979 18919
9492 32248 323
4052 22235 11137
28562 18666 5686
27695 28206 14295
34549 18949 34270
22132 10923 13591
2929 4659 22732
39102 10999 11812
7282 31606 723
33636 10554 19092
35624 8034 1035
34214 13105 10063
21430 18729 18925
4194 34681 33185
31095 28485 22750
11673 21683 25567
18305 12791 35941
28415 1070 38523
27035 7393 5736
12756 11275 17440
11591 9119 37495
18425 6841 21373
14476 11448 28265
30479 13707 1730
11708 32977 5598
3646 22776 5584
2764 18464 1023
31305 14536 35730
6521 28832 15972
34625 16849 761
22179 8130 11542
35383 17387 7648
26241 18575 23769
36356 470 20424
17519 12927 20707
4049 24425 23734
13541 766 16685
28266 33738 2593
5600 5154 23442
30849 981 8184
3663 18234 36832
574 6155 7217
1033 10123 36616
4849 28124 7077
7586 1831 27805
4300 7377 22582
33626 1313 25931
36728 7832 32498
33862 10834 25071
39459 19547 31475
25842 11897 26950
1385 6214 11846
4042 10144 14228
20589 38705 23351
30937 18577 4465
19968 13658 28062
33963 34004 28789
14643 31052 25553
339 12267 27286
25138 7098 20295
23289 16073 8831
16441 39835 6619
30936 21264 36471
23512 30288 27643
29153 885 21075
8187 15143 15976
36585 8425 38484
7999 20160 38753
30670 33438 32033
30154 26847 39891
1349 26691 24272
37336 27713 5868
10737 29476 1244
29774 14838 37550
5825 552 5756
29887 29840 38423
36201 34354 25998
33057 14832 24075
4733 8670 8116
6642 11271 5251
10756 10123 30740
15692 16901 563
24827 18694 36205
17752 13012 31478
6827 5749 23148
36969 23589 29033
6930 3673 12505
39667 20430 22713
28389 25868 32689
32862 12322 22305
31176 17993 8234
14636 6378 37909
34362 20014 34353
1465 36403 20619
21829 2747 22011
18433 22867 2290
7488 15366 9693
30006 26780 4286
8876 11558 23316
29654 22560 15317
15035 34624 6888
17682 19700 7115
12108 9682 16789
18846 33319 9468
26150 8273 14835
10769 30600 2599
28413 9782 818
35052 36663 7904
38039 5223 30572
1883 14436 12413
27214 5943 32101
18466 32107 16143
15111 23932 13438
16503 33400 34710
5474 27329 19435
2173 27937 37804
11767 28347 875
32363 39775 237
36386 32717 19372
39299 13138 36941
27255 28692 15742
10552 21443 30364
36630 18551 35910
8979 5252 34936
25992 5418 36453
2173 22181 10277
37141 12161 27821
3472 4003 6082
16554 39135 420
28976 8001 25638
29027 29936 37041
17969 33462 23757
8889 19521 10603
18620 36886 4516
34722 3914 15594
38255 10740 16676
14968 36507 4305
9474 26060 3706
17512 25266 11832
24788 31615 38653
27640 28258 28706
21944 8759 18918
30648 30376 19755
7141 9777 25554
35419 9731 12187
38175 26816 35833
23572 23721 38345
8052 26202 6117
4729 27469 2558
33005 8812 2593
38455 17064 10295
29645 39315 7064
8876 8776 14664
19071 23677 37661
10985 13487 4152
23555 26292 38381
2672 1947 16520
15553 17404 20421
5172 31965 19353
22622 29994 25063
7403 18394 33746
5413 37664 11707
14523 22724 14261
33260 16364 37061
8850 32764 32409
26309 38353 9786
32497 21607 605
20329 15188 34528
12468 34912 1314
35422 462 39617
31599 3734 36440
12499 4754 25449
11033 27711 4572
3698 36726 19684
12710 17070 36816
13655 31236 8649
1291 6458 13142
26497 19114 37047
27068 32825 12694
6554 29929 27676
19006 23817 28817
16044 13208 1568
16892 23590 19013
36077 24700 32084
31826 22533 12603
34543 30298 18945
4334 28590 15114
19289 20070 11759
18301 28506 6917
28481 6725 31751
13197 26508 35723
7050 6228 36382
24782 24661 37908
20690 10119 8922
7391 34655 17901
39523 18927 35194
6996 8910 15387
1129 33521 30313
8678 12838 25464
13094 16754 12011
3430 20987 38866
21216 219 3737
36989 24415 1951
24326 2782 31392
21317 9625 20295
32646 23021 16338
15814 36485 28323
3475 32336 17838
19812 34239 38170
33688 31105 23022
13511 11245 31709
38410 16956 35214
23056 4361 20303
27428 15086 8327
13853 10884 13282
32447 33402 13246
23923 36581 10115
3075 37609 13987
22224 2800 14024
22703 19718 15099
17147 21574 9417
1337 35661 13767
3342 20681 35536
37294 30990 36193
2592 8171 36118
29363 28929 14814
2812 19195 22053
20274 29036 39848
13387 23187 19872
32868 38273 39885
37998 36098 33802
31491 27323 34755
32474 30408 12301
36293 10046 33373
958 5129 33880
23688 29517 37663
5832 11661 34703
12656 35111 22156
26563 33384 30253
28022 17730 2430
3762 15085 13333
21089 19601 5112
21473 16448 5801
7391 34173 38902
9725 2345 5476
26129 1531 33584
5574 24126 28378
33374 7673 26386
25820 20422 33357
14775 38451 25249
29436 21553 1536
15843 13696 11020
26294 22009 33215
868 18077 19426
98 27344 16947
12199 8771 8428
18669 21112 26436
17218 11931 5669
35261 1877 33385
14197 37197 14409
38337 23527 14674
9586 5838 12483
9075 34743 5276
10267 10394 28643
36571 32803 39167
36552 34755 36714
7008 10256 2001
11124 4621 6689
19439 36854 37791
5612 5809 7918
26889 12691 38972
38300 32198 32948
4737 19552 2866
31703 2407 24177
36149 1456 36615
31863 39002 3792
39825 2247 37885
14895 32779 16824
34339 15886 17466
3366 27108 37964
27737 39043 3075
26375 11590 11285
3230 38509 27132
6928 24000 36702
12475 27600 35988
13055 18436 19698
29685 12510 4736
37200 31392 23805
16129 8856 36107
19901 24416 13513
35215 38185 5380
5257 28992 28955
20036 14629 23133
207 548 20517
26915 23170 38652
4555 10620 38342
3063 12905 23829
8293 26358 860
25165 8751 20180
4904 2120 7587
18437 433 10276
9334 5207 532
707 3138 25947
30624 36039 17486
14493 25332 34013
30390 14990 37238
30703 27767 67
16109 29053 1497
7190 36668 17478
35577 29802 3516
9504 23986 26445
26101 167 26728
35254 36216 35538
34545 34541 8667
21537 19935 25418
16402 26099 18286
39445 24102 30068
14279 37900 37845
22131 32943 35396
26631 32145 3343
31207 27496 26901
32992 27420 19814
19869 27954 29124
23561 5487 35738
38943 25193 38766
16310 21839 30161
6120 17118 19125
23471 11788 14761
27960 9716 37305
18969 23460 26638
13617 13220 1966
22463 16364 22176
29654 31514 6281
10186 25445 3162
34143 27826 6742
37215 18930 22471
16593 30982 18178
33787 7698 19107
1789 23890 22184
30686 12628 14157
12698 21031 39658
10989 39204 21335
13993 29734 38367
21349 31471 23522
37310 3137 26022
34158 14260 26000
26162 13829 4532
36421 16195 16695
17040 38488 8010
9910 16963 16422
8711 4221 9098
10789 449 30238
22252 22082 335
2662 4827 409
36052 7982 11635
24208 28424 4417
26719 32593 37744
14821 31131 1122
18800 20872 33619
38562 3575 17288
12586 8226 39960
29407 19608 39197
35257 3626 31723
22486 22372 13396
36654 2317 28283
15715 9447 35293
7496 23519 29753
34421 3506 20058
1002 23217 37516
28001 7359 31508
39048 9406 29828
14436 31049 27110
12456 31138 21078
29446 15748 29797
25258 9573 36796
27730 14248 18613
3390 15994 2347
34428 17640 33744
6460 5466 30150
29253 29277 10358
23481 21506 15042
32841 25587 2241
351 12166 1566
24329 26012 13541
5340 16580 30118
24011 22057 1598
11871 2904 12509
9724 35125 5900
27470 34359 22608
29078 25299 3508
25893 35067 10339
21633 20392 30624
2267 21966 8606
38388 22302 7013
18384 17340 24215
26055 32540 15932
11930 34149 3301
1983 10600 16312
28202 6852 22865
26621 3764 69
39668 19472 26089
30500 12130 8932
