3400000 1000
15834 5728 26126
5911 37228 29870
22355 34876 27264
13480 29074 16478
48 20384 37824
3977 30665 29653
3251 13446 375
21560 24814 4021
8415 19996 16506
16962 35084 19451
25775 12615 17920
22047 6866 10110
4844 37172 24
38305 2044 295
28937 12320 8073
31098 27200 5054
11826 32231 18574
39433 12805 23022
2047 37812 12950
18045 31540 35091
178 2427 7087
15986 22830 30514
39598 8529 29528
14103 38638 27200
30863 10806 17296
3603 15855 29630
20441 27011 24164
33575 30036 28193
6752 36348 29650
31863 33511 28360
82 2493 9543
20705 8699 7221
12454 39244 15174
39524 8115 35275
23480 9965 16574
20938 27725 25419
35876 5410 17969
2538 32995 23815
9703 39715 24652
16085 27660 34451
1878 25458 36214
7894 27086 25759
8759 22949 44
1632 5821 21258
4866 36486 29787
15227 13262 21782
26082 2011 11950
36696 36137 28168
6195 29053 3181
39138 7693 4845
22929 24730 22502
19885 36678 11954
21900 11946 39109
33750 23942 18404
28601 29399 9863
1338 30011 26048
32896 9998 28469
21911 18704 15828
32552 5298 39127
21692 10888 8050
3432 5306 28548
5025 33629 34670
39972 996 38212
10293 9740 17309
39158 20940 3741
1183 24008 26843
35579 11086 36379
33126 27753 31187
33935 16267 6863
31802 4820 33913
29854 488 36320
16558 10698 2620
39933 22186 17654
22720 3834 13237
23150 34828 12417
22986 35213 36983
23241 13343 7807
38075 32418 38802
1441 28772 18605
3121 22405 6069
31086 12326 37713
16279 12026 35005
4487 39486 29579
26644 39647 12763
11506 926 26000
19831 2347 35539
24557 8115 31244
15288 17772 601
33496 15238 30019
18142 31344 32506
21419 3255 19241
39288 24391 18964
12089 8541 15197
37053 26314 28896
39170 16072 36849
18339 1621 6580
24888 22812 10465
16742 16791 5403
18982 5437 17922
19255 20146 31764
25180 12761 8552
5843 4361 932
35170 3890 11296
28096 25011 37836
22336 29570 28037
35483 12730 12217
8865 38166 2092
34072 1614 38500
4973 27003 32656
16699 32484 983
7505 17562 38899
23555 16862 35615
11729 18205 6856
7238 7286 25178
28779 34942 6319
18030 35083 2281
31313 6100 5465
5041 30602 2107
4438 27906 13203
10637 22159 26087
17665 25308 2758
34501 37691 363
16689 21550 38342
33687 15324 26979
27452 19489 26089
5737 21148 16281
11448 21382 22522
31527 8673 17816
6359 12025 16734
24851 4619 4292
12742 14549 9823
20793 35124 26408
21367 35207 7174
36563 25196 1414
36161 15709 6200
7111 13330 4191
586 12085 751
18373 14522 22759
25820 16033 34391
3974 19978 29291
29915 16982 27738
39897 36736 19938
26495 10455 21740
38984 17665 8292
23815 21662 11293
14472 19501 2304
4874 6581 6463
7160 3414 14010
34516 5896 38511
38366 16589 29846
39230 15135 12102
17781 11950 17735
19305 6924 23179
29415 3932 20069
37445 6003 22490
2260 14099 38586
37088 21890 6836
23040 12093 27285
33168 15033 31436
7869 18621 16100
17407 31198 27167
14210 17809 28245
7719 39282 32029
5737 39931 31147
2381 37328 18870
5205 35947 32155
18630 13380 6547
8510 1844 31634
24457 7488 5825
23383 9767 5243
16043 38984 14703
25617 19471 15785
4223 35692 23720
7920 20578 34031
32565 13752 11586
23870 27065 13790
29308 30694 29340
7484 25868 31083
17327 29248 39783
6445 31181 18088
18216 14774 5533
9756 24994 32546
15987 16167 9044
7147 36438 5331
38138 2769 31900
3489 28032 8866
4786 10466 32658
25387 36536 28725
29774 6011 15625
10270 39771 15824
31768 22846 3859
12833 23541 18357
28316 22151 20655
36561 12308 36873
8020 38257 33322
37955 13588 7290
6730 10097 18436
30133 17200 14557
30590 37572 26270
30051 20453 29503
28520 11806 30150
22640 30317 22001
27674 35750 16544
14452 32616 18298
19460 20088 18567
20252 22390 10041
20225 19928 38116
8223 2900 10731
27548 22129 23762
36028 32511 33943
32360 18297 4564
15882 24827 31439
37752 26650 28014
25541 34163 16091
6912 6326 5479
16493 25747 10409
23970 30823 37447
5903 32274 31776
9285 34200 13720
28121 39704 21106
22645 22282 9717
23135 35489 30663
25755 1777 35962
8271 28373 29797
15193 16433 39325
39130 18241 23772
731 21676 21617
27073 16906 23025
37977 11175 6076
12559 35625 459
16244 6713 388
5105 31409 30020
16723 10379 27402
12586 35767 38981
21172 36314 12438
3179 36897 25145
30358 19000 4035
31545 34408 12604
16879 8148 36476
37928 12252 33638
14546 27897 21130
26341 3697 35583
19519 15102 12912
30025 36012 37132
2417 14768 6831
38199 37614 26364
1778 38311 26603
39094 23216 9636
11723 15307 24216
28236 20927 3801
9354 6383 24409
37913 6590 22411
12287 37674 196
24735 7098 34742
23589 21934 9198
39619 26793 16786
39204 34584 19122
25529 25219 5641
16006 38593 21470
37089 6762 4396
30567 8940 29033
24064 35456 19358
7796 7358 5362
12707 33571 34364
3446 13124 12314
25761 34929 31155
31878 33213 7422
35955 36167 35139
3875 28646 31528
26339 22628 21493
39817 3144 30518
37014 1438 5163
12300 19133 25424
31250 38670 39457
16321 617 39528
1833 27565 36923
12479 9971 4396
36045 9853 5889
21971 2711 3277
36545 38843 38944
36515 17976 30233
26037 30002 39434
19084 26757 20737
21864 32374 21276
31768 34902 29761
8570 13908 12248
28675 17936 1178
10488 31932 28502
12200 10551 16444
28812 8007 12430
26274 17675 7901
15519 34687 21126
24415 13885 34264
37474 27043 10772
9866 38576 3539
39543 25992 26691
12606 28421 13696
24691 39432 28086
31132 9836 18882
36999 18149 6771
30548 3712 22657
32887 3095 27615
11933 29136 19327
19107 8294 4566
22517 6262 31344
7072 36291 12471
37690 18840 17897
14372 29193 440
12044 6113 34224
14563 38734 31847
1521 22434 12537
10828 11134 5753
39636 17386 27352
27814 20248 35055
36185 15285 18621
23681 1293 19523
813 23563 17018
20301 25178 14441
30400 11571 1387
37292 16347 20431
35985 39306 20038
16620 23672 9381
12154 10597 38362
8566 15125 12764
31597 28246 28565
26835 3709 8937
1731 35562 38932
10151 27116 7222
33109 15816 2762
12538 27880 12172
23874 37764 8207
24100 20679 1446
8919 18496 29980
1296 36267 33206
39990 23879 39555
33420 19839 17924
28601 5986 35639
29803 29052 25279
37301 2790 19933
27638 35724 5534
23367 16692 21641
2134 24012 37417
35160 8419 15002
19089 11909 38284
19852 28638 22176
4474 18717 25924
11963 39836 31863
7584 32397 30042
23657 17734 27321
31411 11320 27813
17768 16501 33804
34905 23058 33944
13259 27726 35292
12152 8963 12811
16668 19758 33857
11298 30840 16969
9919 39475 18924
21678 15801 23448
39338 9161 15200
20016 29659 36911
39784 10059 7492
3986 25788 18927
8196 13920 15121
12741 5113 18680
26840 21859 38915
33353 30477 25207
22560 25865 39981
12748 6711 20816
20292 6140 6256
23503 12196 24435
8320 4975 2930
18523 7682 35402
27802 5930 37441
9280 25954 27332
33362 12919 12636
7693 13982 12019
4790 3663 13886
15374 36267 26885
26943 34644 29212
5314 17796 37629
11001 5377 6603
24328 16921 10058
26248 6960 31658
13309 15021 37581
35970 28798 26507
34506 23764 6845
38738 6847 38078
5728 29748 27179
15998 24528 31272
10255 20101 19677
13387 32041 19556
36879 25697 2956
25123 2186 2168
16408 17841 6300
18925 26652 11125
7143 38472 36293
6786 18470 8899
25856 30890 12957
2280 9076 22954
25185 17688 19093
26434 8257 9511
37159 13160 32848
1573 39440 18322
16016 3576 28631
35505 14589 33509
21375 38398 2035
39021 34874 12332
32636 10836 13260
38589 2938 20093
38333 15409 22253
28528 7738 34073
13858 2366 6602
18697 37049 7164
23912 19179 6609
25450 26753 31793
23378 22968 37387
27106 4502 29790
29311 16662 24821
6057 9397 16637
8491 11606 7003
6873 5288 7575
15442 32076 27701
23666 35110 36171
23038 25545 10471
34738 2880 37684
30568 30514 13328
14794 38100 13733
38149 9919 22696
18882 29379 37479
32912 33772 28133
11545 38050 16165
5830 36271 7793
3231 38956 29673
19151 8819 22098
32049 8291 34923
13201 29113 611
9081 11306 7744
38509 907 1586
23796 37448 2806
11930 30258 5362
4111 35034 17833
10853 8665 14010
21596 2667 39768
18173 34181 29594
37828 30058 87
38767 22617 27704
29085 34947 12107
31893 9790 34220
28951 13779 3937
4275 32821 38960
34413 16301 25258
22656 20713 32120
24889 34937 32259
8532 24313 20187
31084 7067 38210
27770 5088 4062
24449 37225 37827
15134 32428 15109
13287 20900 7119
22619 23274 23101
28868 9847 7293
27158 31680 28874
26047 5104 16714
1399 2887 11519
32392 17274 37377
16549 35762 23989
33903 21702 31271
25305 14353 10567
12318 18541 27424
17064 31861 29118
4212 32252 24485
38947 19845 2881
25047 22188 3406
38944 19983 29991
39245 32962 23687
33550 16551 35724
32471 33680 30441
10553 12047 2362
23978 8211 1319
9346 7884 13774
17614 11056 26401
24065 5854 29162
6378 20481 30769
39258 10234 36188
27469 24382 18745
21231 36858 31499
27844 549 14773
6143 32306 22860
4733 27394 18098
29781 23306 23352
36496 7528 21789
36966 29398 25122
19314 8254 25167
16300 38675 20872
33511 25977 23751
29423 6446 28508
25703 30694 30587
32003 28368 26677
1901 2260 11508
31844 16973 21730
5579 11330 12687
18316 5928 6738
1207 4786 30822
38547 19161 15701
19073 4523 7480
13514 320 4975
21072 14555 2512
7569 19696 36410
6957 2535 10174
11363 10873 34644
34078 23501 35439
5077 9390 9100
3889 26218 9129
21062 6589 9246
21995 1359 31998
1077 21715 29796
20031 12466 38148
22849 22906 27522
38150 17759 5647
18888 9547 38158
28816 10374 10635
10346 9721 17957
6288 33981 6077
37601 3662 18417
29307 5907 5866
2224 8207 20764
28635 35866 10693
32107 23278 12642
23145 23596 7907
25478 35450 19086
32181 35624 24957
17646 11703 7246
18989 25253 7514
33331 25295 29099
13899 1031 17316
24294 36601 21066
12536 8531 25268
1664 4504 7312
17009 12562 15393
10883 15914 17857
4466 27499 24610
30983 37635 20609
3398 33740 19279
24394 34799 10306
13229 27836 35845
39901 32189 14090
23293 30002 33341
19790 10690 6955
1211 21650 20786
31909 4517 13179
11391 22694 5436
5971 38646 39102
16935 17970 732
25273 13092 29575
28724 10685 16665
10120 25054 26311
21961 26996 18778
26365 3618 32833
14057 14831 11442
12072 21780 24430
15546 7113 5382
31817 15515 38139
18772 16481 32877
21492 14813 21800
19695 37202 10957
15034 38936 5892
18555 19031 39948
216 27378 3837
39018 34209 32909
38238 18498 3716
11516 24387 20900
287 16163 32829
29716 12887 25697
33987 33305 14717
17838 31149 5620
23837 19997 15948
10158 546 26497
39780 12042 4201
7148 5831 12954
9952 5714 11918
3950 1115 8781
14967 10983 25139
4218 21910 10089
24731 1792 39097
31663 37504 23921
32349 33528 20380
9672 36806 29983
38104 24018 4287
8648 5916 26666
17646 28726 24372
7389 35347 18874
864 18220 5469
15366 34104 7535
1257 10592 634
27414 29720 37042
10930 38539 10059
14910 33476 19379
15486 6446 20121
25556 3390 32393
34468 34449 2760
21314 11856 31760
1344 13483 6088
4156 33547 2055
15906 26598 8393
15676 14697 35334
35762 36007 36933
32992 12620 15754
39369 38018 22406
29088 22169 37610
6900 30482 36726
12100 3304 1730
30824 656 35433
36036 2631 21730
30675 7212 2213
33219 17419 12802
29147 30645 35804
338 12911 1940
33907 24160 24991
5080 19891 18169
29709 21111 12214
33637 8262 9127
24801 9273 1648
14529 19235 22857
9488 36225 12810
26618 4598 16362
32130 4212 6981
8775 19754 1015
19299 2315 17044
34565 14329 39898
21273 20989 20711
5089 30167 7112
28616 19616 10377
26220 15773 18760
19073 15870 152
26878 32388 39476
19975 20991 7426
38041 32667 11679
26608 24601 14805
35434 20036 26748
10956 33707 27661
27824 31197 31690
28332 28158 26479
13392 13810 15007
30561 20551 31320
18408 21971 22397
8213 12064 24590
16487 6240 36786
8145 13089 33602
23037 13689 19411
26902 6729 27851
7856 37280 38613
25761 16152 6152
33804 16496 30813
25842 19733 15474
19747 25787 35017
29812 17569 7633
33728 14590 34564
32047 19716 29594
14642 16948 7719
3395 33963 29919
7985 18667 16716
36009 34801 34665
1774 20223 628
574 2987 20955
15572 25730 6592
25726 36712 1520
6862 6604 14617
35147 2171 5955
39124 19499 18358
20185 6043 13415
22807 29938 34679
38176 31332 31419
30984 12264 6192
28710 21884 6222
21021 6594 36958
29063 26115 31414
12102 29563 15465
25690 21167 12649
14832 15729 1189
14071 6352 12359
22237 37210 19257
16996 4959 6046
22235 13546 35230
27410 22657 24016
2280 212 14360
9211 6520 38197
14862 16694 23977
39752 25686 13006
27781 22604 6728
36685 15420 15027
22308 8401 31600
32526 18615 39943
14637 16024 1238
39049 27574 732
12615 13778 10106
30339 9088 26394
6438 29118 2631
1811 9876 9932
13240 26750 8289
33320 28517 11818
3164 13075 2071
26506 793 18553
28211 23538 934
37635 22392 16686
18005 39288 13285
6463 39608 31568
31672 32179 25003
26967 17232 2847
20939 30203 35508
8316 25221 30834
16492 36508 5641
23050 22349 27847
39772 29582 22483
20086 6477 39634
7334 34411 31679
23516 191 12459
19877 23791 25380
13850 205 39477
12495 24753 8275
23112 493 18654
8054 1373 31234
22456 34695 39821
3945 24092 16125
27265 35705 26665
36198 15034 6148
2262 2808 38971
28345 38955 1286
39507 12137 14754
3918 12491 34022
29083 11375 29160
22215 14262 38327
36957 31241 7953
30234 38672 4048
7262 35520 11399
36107 33375 34485
2479 2741 15105
39300 1993 33783
34898 24797 32305
37994 12129 3251
36813 635 21809
2979 6606 35176
10073 3726 36646
36071 27515 15111
9030 10341 29279
24680 5394 3051
37035 36991 5540
35613 23873 36198
39354 22813 25973
26928 5949 33100
26473 27775 6191
21936 39367 5171
29424 20529 29275
20925 39980 6334
38667 36561 14564
29581 1971 5882
22296 191 24161
13639 17422 26785
19370 27043 66
27279 21543 9475
33579 15283 25936
23096 39333 15211
33011 11108 14143
29577 36368 23625
3491 36724 8084
21437 28510 1643
6768 12090 25484
18986 3030 9938
23585 28005 19152
29567 8342 3633
24444 12184 21038
26370 360 19488
18467 11023 7750
25017 26610 4498
2572 10422 9280
36843 36779 10830
38887 8036 37673
2795 4258 3599
34077 8546 18961
29580 32391 126
25064 21799 23433
33717 29370 26590
8582 26620 30174
9215 23254 9846
19387 32624 20003
14087 33014 26953
4515 6600 27188
33179 6514 38611
8014 20756 7627
23741 6609 8378
6050 28003 17838
8789 26850 32029
25221 12650 31742
3600 13704 39841
5686 7648 32847
23496 13608 36226
9528 26928 24336
943 13305 31093
17950 38452 18820
21788 34419 21542
25557 3861 10807
2100 8475 18335
17049 33045 19329
17546 3492 2272
16983 21912 17851
3962 37730 26749
21873 19689 21500
29190 23495 3271
17577 13782 4867
24531 29752 26122
38057 29090 14675
4222 15577 33715
30947 19049 18756
38623 7650 10404
38924 14895 9150
26952 27576 1416
34087 27252 35280
8129 32886 8494
14491 35669 12729
16097 37171 18996
16351 2372 11202
22516 18301 5980
14491 10084 14074
30359 30071 6593
2205 1689 25802
9666 28081 38613
18049 15310 20883
39313 10843 19790
36376 8523 16161
12956 18333 5946
20163 2970 19244
32621 8145 11232
28167 18256 18962
31181 29141 20622
38213 8190 24678
37520 25586 30621
26341 29794 14507
34897 32793 1783
26148 39251 11159
10627 39468 20257
28808 19910 11591
36299 14355 7145
15722 9770 3175
33217 20179 17264
22374 14768 18050
28507 15153 13930
25687 19972 22924
15829 31113 4884
494 37642 2304
36117 29160 39481
36049 35302 25839
18921 15700 28873
28872 16796 11554
20759 9231 17552
13168 10643 24931
26018 643 17051
38193 9294 25167
10106 18972 3409
36080 30747 1670
1775 13572 7192
26174 10897 9571
19185 31494 16518
21371 25241 23039
3114 27789 10729
31539 12004 16830
29944 33279 8073
11995 17666 25819
7646 24492 23684
30088 6394 22259
15082 22805 22282
9538 5600 12301
20078 31734 22661
27648 3521 15379
9982 39468 695
5949 6247 12232
8159 17169 7779
25326 31239 38174
35860 3235 1918
6852 37862 6276
26548 1511 12486
24526 6462 4111
7857 31049 8502
35679 17255 36114
25408 36207 37310
20036 19047 20809
4626 11522 20709
15677 29978 14116
31873 16865 21846
37116 26323 30825
31076 39556 28323
17374 33586 12197
16560 11390 29774
12198 23948 1201
22042 6831 19620
28387 12251 21369
25758 26306 23216
30549 35099 19158
29023 8213 18460
22711 38283 19099
8640 5424 10434
37180 27755 5039
25715 28176 17475
26725 25725 38745
19156 37376 38754
8653 1939 39170
7002 10497 5632
17790 32324 30324
19684 32815 11895
2358 36410 39093
16439 33843 6122
23917 38019 2528
4464 15019 15563
36737 18012 34519
7679 35028 18098
17121 35267 13598
34673 4898 10751
30031 19249 29009
26706 30740 38821
27486 29414 23994
15041 36270 17054
38650 17781 9076
19565 3621 7766
4265 10240 28781
38430 10407 34907
17869 17354 3623
21186 27350 27554
17813 10893 12695
10197 13 31647
20137 12226 4725
7152 20884 27731
32439 35973 7521
34756 26137 4737
21886 2242 23674
27606 30023 28014
19243 37908 34423
512 35879 22626
13226 3976 33521
27850 1614 22672
10633 33005 35750
15262 36042 8792
11898 27094 39395
9071 8671 30715
16496 6278 30302
34710 20212 37711
27332 30831 5557
11245 23046 376
11764 18151 20622
74 18888 30328
1830 11398 3094
5507 7680 36446
39983 33891 38879
22252 20038 31009
12006 15872 6284
25215 2875 13367
28266 4465 38424
3142 7258 7915
33582 37846 2787
32149 34102 18186
13295 22300 8533
14620 1162 24994
24426 32229 35129
33365 28984 14907
6965 5981 8171
16308 8387 5871
649 15625 8305
16511 16054 10070
18031 33426 25251
39550 967 305
26965 31276 1274
3257 8270 35764
36537 13520 27482
24407 3773 15858
7159 17509 32899
3241 24737 4349
21223 4123 3642
37168 27484 31165
8403 15684 262
14246 38426 28501
28340 39678 22880
27285 7549 1941
7812 22771 22710
30160 11137 3994
9613 8190 26386
37392 36677 19208
3262 1535 8142
23815 1091 11601
7552 5680 4771
1396 15860 7722
2245 31613 5759
36416 12810 13480
3468 23346 17774
17854 23381 34662
14998 8527 35198
15740 15356 8543
10254 15167 35123
1565 24650 22647
5849 2126 25648
34267 4761 16009
16653 10019 32474
9435 24443 30780
32584 35338 10427
