3300000 1000
28534 26013 22988
3377 17923 23851
3790 33482 1749
18698 36530 11154
675 24931 1094
18276 11609 19360
14991 21439 7655
22428 10029 10755
10422 31018 5276
18631 27126 9407
33815 29657 595
27517 35095 8979
20934 19548 9785
6422 32072 1591
29949 8550 32289
13745 24490 23714
12894 1858 15055
13534 21664 39906
6693 38943 2193
33296 7697 33458
5746 24319 20165
6825 32272 23006
3142 29043 37398
39298 29064 16215
2747 17587 23669
14221 11419 34128
14605 7673 13988
30879 8358 27973
18023 28021 28117
35225 21134 31806
7269 2554 12205
27242 11332 24700
4657 37749 31422
9445 24245 21521
22304 8416 18035
24241 9726 24987
21911 17972 5393
28285 30575 34860
24312 24455 24447
30667 28831 33670
11890 14633 14973
39218 29866 20917
9463 37095 35448
37877 19682 32189
13095 6715 16166
7174 1459 21606
25854 12515 13719
15826 11675 17859
11844 34205 37416
3194 38381 4183
489 34105 19199
6661 21244 16816
16559 12690 30978
2813 25771 37395
31447 25231 34098
36917 14524 38236
17471 13446 24534
8251 11360 26332
15568 17502 9318
22822 25947 27376
7029 39309 27861
9223 3643 21062
9543 36742 26942
11383 33673 24082
35533 25987 9472
20271 2200 30132
27400 8374 27804
20996 4780 18869
3894 28744 26066
14755 30425 10426
12468 38846 26267
21601 16969 22787
21353 14495 27202
8649 36507 10839
31408 2299 21603
8504 16770 38192
24158 363 39276
32233 35277 7573
13860 30438 25565
25737 19014 27557
2274 25549 17048
30712 9315 24839
33767 36866 29262
16517 784 15822
37964 36582 3995
14795 11695 14311
10177 35176 17032
27213 4430 21000
4182 8428 15393
21346 12569 34707
8465 38264 12868
10261 14058 35058
17808 26676 38613
26519 39725 22571
30485 11047 35603
22680 34542 23511
15671 7364 12192
25641 1882 11089
25169 27560 30011
22271 9160 12989
35885 16666 34773
14257 37123 32068
38031 5696 15463
26330 16693 16342
24330 17798 7286
17641 21237 28065
27405 6450 23487
24386 11843 22089
23 21608 29784
17244 20225 35456
35516 30987 4830
33619 7736 22116
16675 20110 5930
39670 29548 11695
35181 20820 28969
15114 18199 39080
18934 6837 21020
21040 20553 17430
23695 35546 11653
35271 4489 31288
9771 11363 35170
35232 30320 23536
19164 10147 38953
425 12000 24744
29410 4966 38112
30052 19855 9642
30619 15672 27674
37897 26623 35814
16923 8052 3176
23729 15142 11747
37511 26833 27773
34333 26270 36688
15078 36519 19559
8260 30168 26439
15380 32937 23887
26739 29874 8474
6207 2011 4775
13484 18341 32208
14682 35752 10360
29647 21937 34402
27070 3054 8373
33274 2492 546
9555 30319 1926
30443 700 7003
23924 15708 7723
12623 13877 22283
21830 33547 6717
28817 16222 27482
32282 4926 38161
1352 28644 35868
1295 16449 22803
8670 5561 3400
39339 30758 34469
2064 14418 29552
29502 28539 9026
27422 13449 1388
3673 11680 22146
11 38093 191
13732 13396 3134
6919 27016 37852
25764 37199 18405
15202 34151 5414
182 20750 17166
15516 11577 35593
11791 38890 24147
7608 14916 2495
2705 30166 16767
13096 14153 38828
23732 31834 34399
31920 11285 10207
25059 28984 28283
29147 10648 2777
13120 17594 976
38240 19369 34809
9458 13100 30976
1677 21598 20903
5377 35379 29799
27999 13930 33557
25215 10629 26229
2262 36016 7168
17954 31034 14406
879 33709 32117
30731 1722 7199
20303 6954 34771
21505 19376 25333
26703 17387 21710
23618 6427 17018
31984 33392 18204
37536 29213 16840
33959 22037 15462
33982 30042 6379
3213 11350 28757
9983 32081 23779
36504 6283 39319
15978 23099 39129
39158 29094 31300
2770 35871 28773
20200 26165 8487
272 20577 18275
5811 28935 29800
3350 23359 4523
3280 13554 12747
8053 2815 25204
7394 9731 18185
2887 14984 1907
10282 30389 4351
37544 22496 26426
28022 13866 4963
24053 19919 16426
1346 26232 19595
39906 9947 29566
37205 1499 24119
12732 28136 3784
27840 2000 38301
38416 6111 342
37269 16745 27510
11546 33599 18400
5047 21607 20422
14069 34335 5950
35034 34402 20115
20706 38426 22652
21781 5968 18907
28723 21219 6477
2904 31156 20140
38615 33526 26541
24560 12541 28465
32304 21683 29002
31017 35313 20957
16221 17219 36138
36145 19540 4605
670 20904 15335
37778 32761 29481
4561 15750 16662
5800 17768 30159
39067 18200 9102
1184 14527 1806
37056 723 1324
5300 6155 36017
30079 22694 29663
27489 4781 13228
32508 36012 37503
38293 21961 8041
34493 29868 32387
25994 5609 2330
29778 36673 28898
7127 21176 2448
39722 13454 27106
33900 18241 13773
3105 29133 38448
9574 22066 3861
14945 15973 1401
1242 2987 7789
31565 29266 17068
31985 32684 16922
15120 26124 34639
1699 11054 38590
25881 31289 7825
4292 36905 13681
26579 915 31182
16047 35941 5744
26970 27985 20908
12335 10511 18492
29190 13062 6775
20865 23339 5900
28112 12011 32494
38868 12771 35303
161 28064 12213
24144 2328 10884
38551 39191 33286
25497 29400 460
2693 35802 5595
33483 34801 37022
8387 36229 16691
31858 38602 6186
21468 4178 9649
39600 7655 12676
17426 21443 12513
11346 15441 35785
32292 33634 32305
19921 4287 15987
3011 9623 25585
25654 33464 15606
23828 8839 32600
18155 9047 35270
9356 30017 5348
19990 11093 16095
36128 37618 22623
4202 25680 34727
37424 6872 3545
34994 39355 7570
8736 37302 18577
19653 4816 2906
34167 3910 7865
5565 39314 34271
10902 18391 27071
34747 39911 3309
31103 36201 13821
21424 39951 26064
24148 17139 31830
25008 37274 30791
27960 15440 4494
4790 4680 17162
12356 33304 27354
16239 1157 32404
24886 7320 6034
9719 31528 3914
15049 6442 2612
37701 32737 10771
9574 32873 17936
20427 22984 2886
8524 20407 34798
9087 17837 31173
16555 37017 22129
31301 7398 15590
34394 545 14022
1800 8114 19259
22730 28068 20910
22242 9782 4069
15665 17583 14696
5546 34535 11714
24201 28173 10066
24661 1439 17233
15201 9785 22590
1831 26556 30325
19934 37469 9949
6840 27144 30116
13272 9015 6379
38140 35451 9767
3403 3518 4496
30425 15769 12933
7487 22957 24349
6842 21840 20660
38863 13947 12815
27110 20294 35816
26696 3516 29192
138 30322 30636
1728 37663 14440
38527 30989 24518
22290 5456 39927
16835 29538 99
17084 22256 27323
17055 17417 1
36588 24489 7108
19314 23897 799
30470 27663 37818
5934 15782 19808
28797 29969 9200
8686 22919 36454
25525 25654 31896
17966 33660 12458
3149 10337 33238
34462 38334 38572
24079 6998 9159
16136 17409 22185
10916 23224 9922
5905 4918 20063
28925 12498 36834
11387 11102 18373
9945 27202 30567
35073 36722 5015
32608 24932 12595
22569 4331 9859
6638 12649 10741
38252 22152 16038
5833 23316 10005
32390 24254 6946
35551 24547 3857
33431 30150 767
34701 38424 11841
8998 33638 1433
38594 33887 21926
15208 33720 20494
38207 13139 32430
35945 575 1783
24273 25621 22241
20583 31374 13916
26367 6517 37082
6221 24357 12256
26123 16945 14914
5210 6115 25253
16184 34420 26542
18393 29266 28776
29121 12259 8853
10563 9762 24833
9327 10285 32198
32170 30732 19990
33653 10255 4232
20159 5834 35379
8703 25826 28822
15523 12159 5055
38309 11028 33887
23557 14168 39513
30441 19289 38193
3390 12658 6533
37806 30084 20427
21888 32588 37816
7056 39702 1516
20978 14366 30772
37011 37031 15457
21266 21836 13484
12874 9405 21672
14536 3104 37440
36518 2612 7918
39214 7917 38257
6234 14095 8821
25286 10262 3365
12998 7189 13167
5273 20889 30425
39043 26951 11930
10943 12432 33059
16015 24093 15015
10758 9490 22803
15231 5081 11898
1853 31397 23132
1048 23122 36817
26708 2077 30812
34517 23247 9177
6612 37806 30741
39198 9945 20157
13933 9795 20365
18319 21257 24901
30860 38104 32015
12807 20746 29887
6596 14138 17544
25811 18071 25047
10547 35867 23944
3529 35033 30346
13043 34217 25608
14097 1725 26977
14789 15055 37082
22065 25766 34916
18296 22480 26125
14499 24011 39978
36033 19685 27894
20744 33514 30459
35667 23822 3497
30779 29279 20637
29458 13947 32709
20313 33479 32348
20741 2500 30194
34430 14337 16905
21982 24465 16932
24853 34355 34507
7279 1632 13708
10166 33889 27850
14582 161 5827
24800 35400 10742
27341 28349 15578
1260 7992 6029
34659 24467 23713
28845 17523 2188
10391 814 9417
5019 35841 23417
7250 32469 239
37452 22271 22259
7355 19171 5953
13897 39515 37873
35300 17872 16903
22925 12805 22431
30145 8874 9969
21689 33158 26687
29596 22783 6991
1157 6779 20102
9988 9247 23550
12355 9726 6483
23854 22627 37367
10934 1758 36280
36689 7911 16273
19917 21439 5169
27432 22810 7508
8916 5830 36627
22566 35741 13378
39707 13214 38706
39752 37078 544
12522 26189 37851
26193 28441 26796
5576 38793 8937
4578 10289 25111
6307 16226 37168
28267 16909 33366
21472 32292 6766
180 20517 39351
30317 1848 30498
28216 13656 22019
21838 36744 18688
24016 16545 37596
24897 35151 10152
12197 19807 14240
15544 8097 21643
34669 3775 5118
23238 4964 21685
870 25309 10960
37490 37100 34322
22291 21978 2065
36379 16002 29363
946 16003 31005
8599 33362 38639
2345 10693 18560
39803 36524 30417
15717 323 23621
39612 19884 37182
8805 4446 33038
18500 39534 15808
17337 34032 8358
12934 27420 35168
33111 19657 22098
10777 37191 24003
23528 29384 39888
37027 36172 21475
13979 25345 32213
2542 1917 34668
37929 13658 2158
1118 32079 22152
16545 25297 4242
15723 21253 29738
19982 8714 21016
20628 35930 21157
11683 39016 36882
367 15766 33544
5055 25146 16640
23499 36069 15665
12586 7762 22314
29502 14033 38201
36382 22732 4607
15402 23339 30246
38341 24011 29914
35710 1367 37975
24511 35083 28356
13770 14403 37641
11536 35318 844
20964 9328 38067
25355 21039 25505
3060 31841 32910
25637 23220 31983
20725 10715 21070
29625 18823 36282
4972 34741 27168
5353 35800 630
12206 9022 5422
23472 29306 30866
10290 32551 35781
31678 24318 6521
16333 28660 1044
18244 38831 26107
15314 309 15782
19144 11267 21422
18353 12534 13841
6867 3283 3491
35033 17202 35380
25638 2583 25612
21093 14064 18496
13444 30593 5566
35439 1315 22382
9976 3639 13894
21059 22250 18711
19429 22788 30300
38027 9088 904
6927 5759 7976
18428 36759 2590
4903 704 23632
29769 12173 37423
27710 15588 39448
6460 24453 29514
9855 12727 577
24608 22427 2991
27203 19271 18866
24178 11113 2603
5922 1648 14169
9977 8999 7038
32922 22125 24009
2678 9806 16777
2725 29627 3920
16929 29717 4634
33638 11219 24511
20364 23203 6933
5175 12504 13916
23783 38738 4117
7748 5799 33800
11917 31015 1219
31557 8574 31487
33480 28236 3194
10294 7130 7752
13294 121 37053
9329 4223 25270
35599 39959 29072
32882 30872 17934
6176 11336 15034
15159 20817 2433
2691 20198 8003
30861 27681 3893
7839 13852 17525
31588 21168 27804
26048 32171 34667
8463 4154 15903
37711 24264 1025
4988 23719 6401
16302 14357 25069
30684 29764 4565
11529 27317 38018
29937 21430 25568
13592 7596 30853
3844 7798 20166
38844 1491 22079
35970 6038 34917
20764 30227 11310
32496 9773 3170
7030 5926 21147
10623 32545 32811
32265 10657 2977
33266 22057 24539
32266 25651 18539
38686 30550 31690
38479 23333 14018
31663 24476 22849
6677 15182 21481
17985 8576 36739
8600 15293 33441
9524 8675 29439
34466 9162 20046
13903 39998 12044
3772 25626 34724
36890 7710 24894
28020 8388 6470
2421 27174 28997
7065 38811 23690
7583 38499 35613
745 14868 33413
27008 9419 3134
39945 23563 12498
23820 19606 32723
28548 22617 2559
2145 16870 38826
38901 33793 21827
12548 26013 15274
7372 2920 4221
29573 12761 1005
20687 36316 22093
27576 28408 38240
27352 35801 26066
33110 19671 34693
5221 38176 17046
5292 9845 27044
25205 17911 29493
2523 10984 11296
14041 9272 36568
173 20617 15218
24487 14282 16817
12784 28369 6594
22005 32401 11181
23642 25602 13333
9043 39306 2432
20331 6680 12696
11428 5207 1589
33491 34785 3775
7878 37290 15102
2771 18094 13351
32963 29207 28695
25227 35853 36687
38487 6534 26433
32774 4782 4371
7197 1722 10156
32558 16298 9895
10736 17779 33870
5294 32330 18324
22654 29858 26626
7095 33488 26096
25586 15978 238
14504 37070 31108
13414 31084 35652
18777 32223 2356
23038 31385 11943
17211 31301 34501
28007 29769 39487
4047 22712 24606
35033 8398 21326
29240 17727 13787
1298 29057 1352
11211 13070 25945
14704 22409 4226
28667 13501 1678
20947 30862 3778
27584 6371 33418
33089 6436 19900
12805 17643 14594
39333 34330 32196
30932 32663 35764
14626 2794 6409
2492 22484 28957
680 37021 35360
22509 11683 35760
7204 39994 3682
5193 20637 24156
37078 25757 20806
15263 14251 23950
12760 39838 38555
32277 11632 32506
20316 19531 19151
16440 20025 1044
21947 23797 31679
1961 7554 37126
32590 256 4062
18992 8783 7065
11252 2752 17732
5287 11447 9673
6010 12250 3626
38520 30556 30597
13634 7253 37986
33969 37097 18200
4134 19837 22815
8614 23127 34928
15163 11431 15238
36253 13648 31300
29726 34098 31914
6274 25009 6429
39672 8374 29293
34522 24899 4708
37869 36381 12252
30584 39723 19161
1877 31072 13140
19692 16549 38212
7220 11815 28975
2339 18193 14397
24732 3851 20627
8071 16612 5749
19616 36017 13036
34618 37702 23493
4554 4406 466
14546 23332 27576
26813 17720 886
19170 31622 20819
38066 21220 38939
27394 32641 2255
9713 38099 30824
28633 883 33932
22534 39468 10838
37976 31417 22762
34891 5709 24865
10882 17678 21846
39356 39592 22108
3266 8176 21812
24641 35880 34024
25753 10383 38580
14165 39616 5995
38163 18838 22464
65 11383 34547
35516 31575 1223
17730 38426 11647
16615 7020 26076
25510 6687 31050
29212 31882 26986
14441 30696 393
13405 15084 31480
4308 28594 30033
11016 13698 13169
30028 21526 3009
17210 12367 11962
551 17649 9067
30685 16871 14598
37520 599 18079
38304 23088 8809
2317 23973 16002
14163 12706 38824
34083 8148 8815
880 22038 37436
13180 39329 34988
15983 18808 29386
38719 36792 9610
17930 17368 21511
27781 33951 34544
32521 35259 16332
212 9314 36328
28583 22881 15498
8719 29372 11951
26049 33123 32033
19595 28272 7771
35160 15388 15454
22568 25434 22758
9291 18051 28358
37805 1709 19423
20454 23409 23108
7294 35162 21912
1692 5024 9571
24106 5471 8982
2958 33078 23764
13556 12730 21905
16888 30116 30088
23550 25655 17559
37151 2729 11847
34071 32665 4814
31522 26233 18574
13751 3934 27374
6779 36706 14954
30328 1550 12097
1767 38265 4688
1114 26080 11558
36719 3855 34792
14555 13415 1336
34127 21065 30541
7532 25216 15818
31352 26783 33018
24661 12236 27685
19049 8461 29476
21333 6880 6004
27163 7944 4406
32444 14520 15297
30138 27326 8755
27303 37331 12100
3560 27821 12409
32256 29271 11986
21386 8608 33174
15684 23626 11513
4500 31456 24186
33504 14922 4948
33171 15128 31808
36582 5343 8805
39864 5197 25269
36415 16955 14077
29903 5922 39423
2752 137 386
30770 22080 8953
23772 614 31713
8741 8744 34329
32651 39141 10027
28383 18245 16470
29736 1902 19325
21368 37814 22022
2468 37541 31021
22203 35446 27439
22138 17568 27735
5588 36626 9362
39193 38112 11652
11038 15578 39008
38566 3344 29962
15166 7025 21913
25803 17470 30569
23004 1713 15636
38452 18517 38313
2463 22477 35750
15989 21702 33936
36928 19669 20846
11765 2986 19842
26965 5402 37361
35795 24910 35960
32237 8515 10393
30840 11499 8778
33310 1566 26876
7783 28038 7587
39257 30527 29686
30177 24689 1119
3625 11816 25681
10974 20713 4846
10607 34398 20394
6242 6164 10929
6979 36897 20003
2327 21898 3458
14601 27174 28746
28236 2051 11523
30564 22087 38599
38284 8703 28080
7376 10072 33581
14470 13897 27478
28956 13889 5909
32274 4725 35746
13561 26838 16020
13029 5543 20461
5797 37780 20584
17986 25687 19829
27812 3816 13248
34980 26641 19059
24525 1403 15094
5123 6564 36717
26459 31328 984
15922 1679 16897
16712 35228 3925
16167 25301 29385
26541 22182 34109
6385 30714 12804
3609 8095 22741
1978 13359 18813
23725 15192 23541
11592 25304 31812
39907 18082 25403
1570 39411 27206
1426 30800 19384
37462 13661 36360
38168 8656 31784
17577 35880 18079
7413 11407 11042
33486 14791 20318
11525 34135 39693
9886 9482 18906
26666 6336 10494
19241 18077 32447
36865 10880 8978
5218 13849 14674
1476 33694 20467
29182 39693 24472
9656 24288 5771
5639 33480 7940
13105 12344 18390
19510 12583 16363
27552 565 22943
37467 38025 17349
25526 9371 29908
3044 37890 15900
16191 24276 14526
2187 37434 26007
19471 1751 34818
13369 32562 30224
25055 12423 37829
10347 2678 23133
1263 36578 5964
19101 23148 21176
8856 29372 20344
22618 27522 6262
33559 21793 26814
30882 3071 24756
9856 3872 7523
13451 16027 46
94 14798 34746
90 38968 36636
24377 14226 13847
38503 353 983
3396 6140 31166
24976 19353 35040
30559 36091 9605
35350 13802 22526
14396 29374 27545
24092 26493 34775
33813 2883 36865
30053 23661 14209
27709 15790 38515
26839 2772 2974
8179 21670 29469
35594 14481 36614
18444 29393 20478
22198 20607 4767
1559 6573 20903
31115 23834 27023
17809 21600 24645
2299 12944 26169
9677 19009 20425
36806 2039 32497
19291 18155 15063
2830 2025 32775
2275 4706 31301
27793 18931 33451
58 33375 38872
12787 7350 27329
18326 24765 20370
3658 38079 6619
256 37934 23021
1629 6096 1543
29659 25380 14623
18162 18529 35988
31580 39062 17994
23528 21240 19845
7571 30431 38186
23546 24963 1492
23196 22338 22433
5931 35573 23096
8791 15015 38659
13097 3809 21593
35461 12374 30898
7155 29587 9303
7203 31035 18027
23004 2392 20443
2457 35727 13298
14485 8770 39765
7786 4179 28685
28916 18704 6876
18477 20366 25697
19427 463 9292
5118 11258 35485
22358 39631 24356
27373 16830 1075
5767 38026 9340
27938 21248 8733
29716 39138 38801
24887 12436 23842
13109 33213 6585
35639 14996 35184
23602 25136 19730
26263 3260 17880
7554 29068 13676
28743 7289 38305
32011 29093 34749
27885 4315 26301
30747 2614 32312
22329 8855 25404
4506 24832 8638
23904 16695 23465
2264 1071 19909
6426 19642 26384
10397 28737 36471
36549 13307 24302
32311 9505 39714
18636 10143 30663
988 25595 8496
26650 25503 5451
