3350000 1000
13077 21906 23895
26096 15692 23948
1801 21739 21434
3828 16270 17971
27230 24439 9118
1531 30994 12684
23122 4259 18781
13026 14595 3570
26789 38889 11345
18803 6722 37626
23423 13099 12653
31204 18684 18867
19287 24404 24253
4725 39446 7712
15365 4103 36858
4528 5318 6047
7102 33097 17633
10546 32346 3768
2250 15598 34486
31255 21255 9552
3064 18431 8791
17890 35326 1610
13359 7317 23911
33987 31327 32183
17868 11629 37524
4048 4173 35884
23223 23967 29637
26068 13106 29548
991 12941 658
28426 28098 28319
20615 299 37672
34912 26889 27167
29773 7223 35861
811 18690 22284
22869 1154 17056
1230 7838 23011
9370 35872 19539
30862 7596 12705
27686 16740 2352
11670 6719 15514
21007 17655 33141
9625 1492 1107
1401 11190 6620
16992 3154 31305
34666 39395 28354
2604 19799 1784
28360 18386 4262
2815 38783 28481
37366 23395 7460
18093 20688 3336
18677 12019 15328
25552 23220 14959
4929 28170 9354
12282 113 36985
14985 26051 20324
8508 9674 37960
36276 26783 10293
1650 28405 39997
32607 14411 7207
17231 24334 1693
16005 39510 10008
16424 22010 22433
2729 25663 34355
18555 3938 13503
16271 31541 22175
33645 23283 15307
25361 35691 5563
15670 21834 19799
14027 39054 8856
14465 33731 29593
10184 774 6481
25396 6604 30285
2848 19100 33335
26462 9966 8602
21348 28378 315
12553 11255 32283
5405 32133 1467
11624 2801 29426
27563 27349 37931
37286 29900 28789
39375 34868 9207
22845 29817 5526
34229 18167 7318
37302 450 38943
1781 8793 35380
33502 1656 27624
32693 29600 7588
29789 18476 23892
10200 38918 8891
27072 35035 23545
9761 8126 16590
37333 35710 4694
37888 17072 1975
13113 16864 34786
28208 35160 36173
3373 23350 12895
16266 36360 29119
21202 17037 11398
12168 31618 37366
33000 3486 3051
35229 36156 7929
38253 7620 943
17282 17126 19372
34358 12470 33000
2115 28309 7970
31068 31226 29387
3278 27122 1077
19994 12534 29700
17052 8502 34035
9990 16271 31946
9273 13420 3638
22113 34553 1881
32629 7159 16103
13822 33919 26397
37014 37143 14850
18435 4095 21246
17344 18725 6176
26987 27774 8341
30721 6089 1044
2849 38481 30965
2021 2528 7408
2709 26089 24798
25158 1427 2598
37217 19408 29813
27006 22104 17595
13787 38305 17695
35112 2516 6690
10545 5008 15516
22952 20075 24385
11766 9083 13945
36871 33058 13694
31263 9830 17404
21628 9190 28482
15601 2458 545
26210 7838 25388
12059 6537 13127
6820 33246 26756
27888 5990 3042
33218 34524 503
11153 22557 33695
26899 32435 18231
29474 6365 31867
25919 24883 36465
33837 36563 29702
13462 34922 33984
5133 527 14298
20196 16879 31120
25716 34869 4008
30862 30061 12762
34044 14959 13050
17911 217 27297
28292 22342 16264
25094 9128 2656
4623 36045 5863
9820 39591 34844
27377 5390 10005
32617 5833 14065
33256 18344 661
3807 2574 12703
4484 8060 20946
14229 13596 34803
26358 26857 22943
5016 31529 10110
16985 14829 20901
27604 11657 17088
20327 37554 24937
4017 588 33535
14556 33682 39429
14065 25268 16615
35127 19804 29980
3916 10289 20588
38568 15478 5323
12334 25400 1042
1943 5704 36675
17929 25991 8009
30725 14309 34011
19035 11655 4621
6084 10389 14984
3308 36698 33645
32261 26096 11127
21835 3178 18543
37742 36600 12245
37091 299 2229
10435 21206 13033
20328 36377 18265
37578 5874 21585
28974 25814 6428
19007 10629 3027
559 24383 10403
22204 11938 39998
15775 24674 1390
33377 9607 32988
10110 15061 8799
37036 32770 29940
3465 35824 35939
30800 13056 17602
39761 37984 19710
2860 4471 35397
28030 35787 9360
31927 38812 29695
27731 25169 38232
31820 16202 17973
20793 34064 4161
25757 16014 24033
24345 13503 39824
30082 10300 31580
2339 34370 21611
37286 14331 25074
22770 5388 987
33857 11901 37283
23161 32374 35717
754 39678 2056
995 13786 26921
22813 26117 13216
10131 669 37886
22169 17485 38387
35831 1009 7205
20704 16259 20951
21128 15099 25873
6153 21953 2569
30138 9399 39264
9269 36731 15766
9077 31212 36476
14916 12284 28439
6990 29267 32723
374 33588 2485
1125 13142 25880
24002 17963 29807
35231 27176 15113
16540 20950 11887
30932 30583 26955
2151 33971 22736
28345 14705 26339
23114 12571 35560
16596 23123 29153
11178 39793 37950
15808 774 25789
27263 30372 21636
10520 14466 15809
15627 10082 31400
35591 31795 14646
27039 10036 8296
7255 26908 22787
18807 20457 30904
27714 39480 6870
34916 27905 39576
5905 28427 22182
37826 38199 39427
6174 9962 12689
16814 21550 7990
13046 25715 33063
39689 22030 10197
18168 28397 10225
10797 12381 3483
30381 39688 33462
39722 33383 5279
6834 22547 10137
4527 29866 22045
15993 32309 5770
2409 27770 4936
31722 36956 38955
8978 1467 29860
10686 27500 8156
16425 20772 28693
31628 6482 15827
1679 22330 5105
15081 34839 25273
27724 12970 18367
7759 39241 24421
10665 20781 21109
11702 36386 21368
38321 4132 19992
16709 20921 36842
8890 27940 18322
9747 27115 32083
5072 3518 39970
31892 20609 30978
10273 34009 7994
298 29199 9499
26427 25441 37940
14729 13441 27497
28689 37470 16937
18245 30042 31947
4156 36279 33425
39380 16411 26532
24448 13879 16648
12563 6547 15750
29006 26388 30223
21334 33295 18493
27955 23376 18600
9936 20010 10532
15874 20536 16617
23966 6712 9458
32619 26513 21600
39689 34567 12655
17720 35129 7146
6523 8367 24181
16247 14421 19085
25157 30456 18292
17791 38343 24191
4787 23171 31253
10973 29122 4780
7495 20094 35581
35411 31887 10335
1177 35930 26307
6062 33978 26270
31544 4157 29859
15609 14345 354
11205 35248 29559
22765 10488 36928
11818 902 11143
20096 1878 29859
13733 9011 35193
39012 36862 7020
11520 30283 1961
10078 33738 13787
19513 11967 6148
23180 17139 15001
19827 18023 26202
22765 7824 9348
7461 30660 8781
11614 2834 15059
20598 10192 27091
36874 371 3951
31911 32697 7273
2115 4996 18655
15105 17250 28016
7249 34624 19883
5423 2628 8917
31004 33559 10615
13106 38225 7551
1983 22738 34394
19478 22128 29976
2359 34256 28389
13976 6642 26490
17389 34159 15257
7919 9106 14412
9751 26979 36551
35794 34350 22684
26669 7446 6996
14849 17410 22787
3303 36811 5415
12893 11917 29528
30284 29858 3308
9310 186 33548
13635 26364 4092
12404 867 22444
27371 8977 26446
6549 17173 25181
11306 16829 7241
25816 20898 28636
7618 32870 25370
25164 34286 22675
4684 13148 37529
28471 9988 35011
26491 36597 26868
17073 28378 38813
9269 15233 35165
33841 31067 8843
13103 2757 27699
8599 34188 37695
15644 16044 39915
39870 35967 25670
25288 10776 39468
31397 32653 25787
38354 13442 16540
11124 22043 12637
25148 2190 1058
33585 38941 20563
8658 6793 16457
16558 18524 6508
37482 25136 33620
26164 25842 34289
22185 23869 31018
38671 34559 30456
26331 3666 16939
31519 29843 14320
39434 38531 20116
15467 28414 10369
35999 12440 27910
7443 12824 23868
37305 29186 26646
20879 20383 21114
585 5218 5292
31990 7752 36188
12826 17434 26231
6496 24226 39391
5970 12171 16022
12520 2584 2969
35486 8244 32278
25063 7757 8557
10574 1235 25759
20701 4421 6143
22609 20928 11366
53 25693 34996
534 39908 6289
11468 14165 39433
587 19909 28685
9001 24659 7184
21307 38842 23445
15950 15415 3297
38969 12250 30561
15574 8929 22463
16874 5605 5630
28106 1596 17229
10767 10683 23367
31371 37560 6293
5481 17137 25787
20181 11769 5231
18197 28415 8689
29683 31095 2003
14069 34541 28127
30175 16004 27755
28691 27054 8570
30564 14266 15646
14399 5008 38231
37967 13072 8116
39971 6200 30504
31996 16581 15955
17418 34112 13360
37368 31854 6569
18265 36808 14406
173 13076 320
33707 35509 33674
1453 17833 22944
4185 22014 2852
38689 20488 20981
20133 32772 18341
888 12677 7310
11646 12676 3636
15745 37816 12161
13926 37630 37455
17712 28124 10565
26154 33472 35466
25049 1882 39488
2602 33023 12911
25840 10525 36580
35447 32304 33209
2270 28308 28186
1587 19147 3897
37611 22314 10198
36865 23836 34638
30040 24747 25999
25067 27354 17974
11301 12694 377
9045 7212 6258
34210 34063 29558
24159 36285 27383
32005 15105 34983
21826 12002 33512
10327 138 19340
24545 22370 27102
35726 39640 3353
38851 39657 21032
25744 34508 30577
12993 13882 38737
33972 26869 29808
31247 13588 25695
35152 12508 16758
30640 39874 5829
19091 1432 34966
31750 2220 29325
27721 35109 33434
38074 1575 13995
30787 8135 31242
25536 17001 37121
23808 21730 16412
4519 22346 37057
37584 18320 23745
32699 35593 36923
16404 8687 36466
14453 22444 10816
782 1249 15280
24872 9158 25191
3620 11894 29600
636 38188 998
28945 1801 22063
35355 745 10299
34775 6203 19628
26470 5364 24871
24897 9046 1728
21845 452 31988
35453 10125 25462
26322 26107 24828
276 22419 18038
12984 24133 39546
24731 33297 21740
15373 17963 34000
25374 22437 12473
33743 22381 18773
37645 9460 22755
11957 14187 11020
22602 31114 7597
10368 24744 7443
8909 21878 29449
16947 16255 6726
19124 18102 2171
11031 21759 3073
23256 1366 9087
16795 24404 32978
28119 34130 1968
16311 27953 18571
36792 37030 12811
8682 481 27565
38505 21786 5707
29480 30057 33337
17125 35763 39795
33443 33455 31498
19278 23386 31323
30208 12176 30031
17805 36568 38958
19919 35074 9668
12913 5005 29836
28088 26570 11080
5755 5929 6012
5144 20184 35431
29367 6427 21067
11860 7493 2678
6172 17344 38429
39306 8470 12899
12310 31605 21063
37301 7733 14978
15653 1518 17639
24750 8779 29013
23882 13336 4896
18119 36069 10756
19608 25607 15288
8139 4564 23804
25647 12451 29157
30091 38640 9863
35758 8657 24275
19395 38375 23037
6769 37534 36798
11337 1237 10915
27736 10963 10576
29518 17589 27420
26281 35216 37681
18332 28145 35583
33318 20863 3123
9246 23599 4288
36810 22084 26696
17953 21646 36843
21649 31300 9190
12503 24369 28649
7169 33760 35543
30789 23968 28830
22300 19067 35403
22513 18244 18233
34147 7530 24932
31730 22359 16026
21405 25715 13681
34037 20742 11685
2440 21025 25128
12510 17176 10913
24866 227 2414
24409 29997 5502
2813 28413 18298
17144 26703 5978
18040 31668 9429
20417 26482 2664
1375 2187 21716
12088 935 32782
9166 7537 27527
37787 19025 36639
31819 19632 17334
20107 12257 37633
19390 25428 14189
24670 10676 23336
15225 2944 1263
34464 20234 23670
39859 3958 13133
18087 23735 17827
25328 25411 13058
23001 32078 34827
20463 32026 35458
30521 16655 13300
27101 27980 9389
17049 4786 32116
35052 12191 26062
14615 18701 33808
19205 9022 34829
19119 33383 37472
35947 21192 594
1224 24519 6514
17185 14821 3430
2213 4674 27182
17234 36914 4902
8624 19103 9955
32785 8053 17992
37295 31121 7699
3959 35290 23243
33742 18787 15079
29616 6251 18004
1147 32975 25234
3778 23248 10757
20958 35099 18578
26575 32901 13476
24025 20224 14495
13303 15236 16718
12053 4394 8558
16902 4903 30736
9488 160 8793
39769 13491 23789
17403 9813 16464
1708 4564 33942
11974 26813 11562
2098 36406 13165
5233 31591 24958
21615 37198 9370
10001 30572 7622
13304 5808 34417
4488 5437 3719
31495 787 17107
13734 30752 26693
22482 3610 22189
33474 742 29160
26765 5373 32206
21349 13471 39206
34561 18613 19256
7856 20395 38622
24816 18685 6101
27144 34583 34089
13410 31571 20486
33584 36149 789
17743 32765 36464
13359 38678 11408
11800 31434 10041
10378 7892 8371
7403 13400 20308
13905 26334 2682
12879 20095 28254
29999 6884 11850
23995 37247 6050
31112 36191 7204
8867 30227 30526
30742 37907 13345
16042 35762 31822
25409 23046 23430
26087 20276 17363
31931 36550 8550
37990 5536 9897
24968 30394 9807
7819 25227 13474
25150 17889 1018
39127 29092 38529
30772 38703 4805
34910 34885 39279
27932 13550 13857
2871 16933 4396
16700 14299 22148
3449 1609 33171
31317 1438 140
35464 18065 19500
12574 36046 17433
22789 27133 35761
30114 37555 33165
24040 36030 28341
27503 15591 13955
33819 14781 1232
3610 8135 4703
36105 26214 27539
26893 39336 17422
32913 35937 715
681 37101 6039
12293 4549 3631
25061 7347 18196
20253 29169 28076
5556 13501 25012
22486 2074 16312
29673 21270 26586
3675 5233 16799
30421 21558 22150
20204 10495 39079
15642 15304 18379
28017 20619 37706
950 6661 24261
20191 5869 30627
31605 28032 38556
19994 15654 33026
13140 33899 889
16460 5656 27340
17413 24418 22853
33800 28041 26336
15707 34371 3658
39939 8748 38812
24782 30370 7263
16619 755 15802
11809 6953 33452
19430 5290 15151
11097 32493 20519
15895 1859 15094
3465 5887 35313
35094 17834 32428
1129 19594 3223
30410 1542 39808
8574 29202 3890
25936 8565 16388
33217 712 8996
26708 4459 21476
2961 2017 23139
13981 39431 9376
5592 28632 35169
21719 29575 28671
36024 2950 7611
25965 6375 33440
24547 16387 10999
18038 21902 7512
9068 38517 11333
3341 5099 8390
8580 34557 11014
13587 6423 9171
23782 9194 16846
2103 10580 7929
25309 31329 29540
6073 5522 27662
16894 38248 18739
29007 13898 14446
1395 1086 26423
12065 12945 1484
3944 30052 2574
4278 21821 14442
29001 37910 36089
21913 4472 24598
1813 37001 21189
17983 28128 25195
33218 12783 8209
18246 7691 9769
23211 35677 21751
22087 13387 26733
37114 13194 30161
10130 13658 39378
32105 36745 5260
38505 25013 33040
15531 18297 25177
39466 4692 34398
8482 21439 4448
36822 21331 35680
10687 11861 25486
8103 26606 22197
8284 39740 13268
27467 16793 19573
34559 3349 18687
34453 34806 22223
3149 4533 31482
32996 28435 21633
37854 4482 24733
11033 7936 34566
29754 2583 26851
14871 10087 20464
34986 14479 5405
3507 17203 7251
28660 25327 17742
67 36978 33906
12761 12173 28789
37483 35193 11868
7032 15153 13495
30126 3845 4957
9908 7492 12215
19985 1739 39858
7787 9436 1601
35094 36099 28790
6699 12389 32470
36069 16093 29473
38264 38851 17098
6375 13473 8598
1789 20964 16508
1887 2099 1640
2190 25262 6546
19667 8257 37042
30666 39659 22669
26383 17287 21584
17090 8744 33168
38535 20788 21052
30079 31730 31490
39148 18205 8864
38917 26458 24090
8065 37522 39790
18213 38834 28781
9202 23022 16439
7178 26525 17334
26118 9600 34669
5775 33152 5837
31021 16566 4923
13696 13078 8521
14266 3975 21202
8998 8638 12437
34396 5410 18101
28015 18690 39267
24593 9812 15564
6235 18932 8583
247 5537 34439
6650 986 37101
5738 12185 10922
10800 36485 7024
10009 21390 14461
26489 2073 13881
8387 6342 7486
21547 10502 35143
13313 4032 16393
17977 31392 237
28623 236 31779
6049 4466 26031
26170 35446 23571
35289 21635 6996
25643 27318 27687
15395 7104 15501
14372 19882 15668
12171 30885 39177
2296 25422 26317
23375 15709 17551
1042 11961 38539
12908 39110 34952
11786 34321 6514
38078 16445 24003
5403 5492 19376
6216 27750 3227
7494 7095 9431
37581 14805 37016
4981 1679 35021
21815 1290 32550
19027 5322 8326
10450 23724 16060
32707 10667 23060
14997 29028 38039
31727 33608 11094
32870 35031 1434
36856 13834 32020
4394 31255 15158
32041 18465 39058
13137 23627 35382
32925 4823 19437
38110 864 27213
23734 3343 39999
15134 26580 18352
2741 28631 33834
22239 5273 35004
25061 926 24451
25541 7084 9371
32264 9528 36021
12442 17312 24356
3765 34817 10921
17591 24432 1535
9541 15741 11694
27994 29726 10165
25294 13717 13001
20818 27508 7290
27912 20683 30493
26249 37354 1951
30100 9917 29133
32361 33406 25079
20676 6107 39311
30538 2835 7130
20639 32802 33687
1078 37143 24401
29059 16068 1413
34616 9924 666
6800 17998 16070
15719 21573 11920
5712 16109 22479
38725 34763 14939
32389 26669 26400
28043 19102 11269
12414 15700 27456
26362 6779 32205
31925 37800 22482
18143 8895 13389
23627 15942 35138
36943 5048 34916
21599 20326 12955
8386 29154 38247
35877 37219 5137
16942 30745 24839
23077 31400 4303
11065 17621 33722
2581 39061 13389
18258 17904 15450
12094 39688 29824
2855 38286 28784
4801 13590 23344
14398 37102 36274
11983 30166 12288
39126 19877 39600
27540 31651 3048
30949 13162 20125
10339 33432 23433
23331 5218 19140
3713 19337 4998
28445 18696 7379
4857 1445 31814
22481 17980 35023
32556 12498 9692
29192 27071 39814
4612 870 6323
30452 18283 2672
13746 5908 38638
24136 25468 15626
2872 39985 11176
23295 3933 33601
12232 1182 12422
30884 1898 34920
19975 27018 3131
18549 17101 39470
31239 24584 15091
26628 24475 36493
11251 33535 17292
25841 38329 18876
31376 20894 34771
22798 24137 35282
4485 11175 1186
26843 24698 34783
210 28209 980
8100 30142 37487
12772 31807 37563
12464 3445 34238
22577 39426 10883
24260 1563 20810
22153 27881 21866
28596 20920 1935
15945 34068 19076
28226 19708 24862
38103 37003 37602
26430 19689 28178
19033 29589 423
14317 16064 24274
22032 6601 26455
39016 39647 32307
38019 12657 26339
4356 20335 29215
18090 3751 8140
13594 9819 37384
15800 4412 32099
6491 20541 37477
9736 24454 33776
30651 9689 25644
38650 2177 4294
4695 19763 15507
22604 2114 5482
16124 29769 4288
3265 11764 37037
16203 5557 20409
25553 17389 12284
30600 3362 30468
32903 7864 18165
37686 29799 4212
1599 3634 18251
11475 9884 24094
25127 38230 25805
13218 13617 17469
12735 25617 11141
33286 35334 35503
11305 24515 30505
35555 27242 35350
29270 11258 34981
9868 3702 11541
3746 32788 6107
1841 9690 8603
10454 785 4761
25221 9382 21066
31038 38345 24651
32235 34400 36521
9528 4486 38155
8845 17254 32479
15784 30331 15237
35633 15994 35637
12877 33111 18245
30192 29747 5150
36105 11244 37944
2852 17068 26612
4571 6764 19701
26484 16879 6530
19636 8626 37511
2629 10752 22955
11213 27030 33177
34315 9458 2140
427 27271 10560
177 39732 7579
13579 17004 636
38299 18949 651
3523 31608 19889
4797 12026 20562
22640 34058 7335
26292 38327 15072
13291 37233 6690
7099 19296 35416
12449 22959 27740
26454 26448 9621
467 9513 4901
18320 7321 26557
4291 8123 6148
15717 14891 12529
10671 29303 32978
31224 33499 9220
31245 18698 6257
8626 16361 7938
22563 5880 8599
29152 4016 14774
10564 16249 11718
7407 33735 12606
32769 22628 15604
31782 22546 27918
