3300000 1000
21529 27437 5715
7145 9923 4389
21527 15947 32407
6441 17425 22515
16419 12920 34831
39911 8498 9454
30792 30798 3106
36467 16116 29483
19091 31492 36120
36087 22396 7708
20960 5529 19799
33086 23844 21380
17468 5282 20045
16045 28108 5242
22161 35880 5060
31007 29465 8478
17009 3421 38724
28525 22466 35160
1669 37020 12409
30169 19752 33209
11836 36409 36018
37394 1416 22312
26149 14092 32325
14042 4706 34019
16756 8912 29993
39550 25284 22782
13757 28526 25732
29918 27555 899
180 24017 11336
26763 27380 27181
37890 35752 15966
2983 12015 6989
10159 8670 33594
37525 36192 11650
6716 34175 37139
9887 2558 17418
21225 3594 31197
28585 2736 1254
9798 21155 36602
34643 4961 20363
34249 38837 3467
8918 8422 2204
20411 15774 5776
6741 15558 15154
1234 8588 9725
27159 24685 13788
38644 19616 10293
26805 10078 26853
1208 20841 27796
5283 28248 32019
308 38640 28986
37988 27238 2009
14807 11020 11194
33370 9136 4481
28397 25913 20062
35246 25419 26367
25351 6267 32814
25556 27949 8053
39076 6902 12512
14043 35886 21845
19988 24196 37477
847 38093 31599
4984 20291 35510
26089 31440 26516
18642 33621 3860
27964 21002 35355
29512 30858 34084
38704 37584 20282
16853 22525 11411
11631 13997 37295
12411 14287 9648
11354 20184 15803
33605 22794 15652
21225 2056 10792
3361 9889 32186
18182 12959 33040
21144 4295 5530
23884 25481 3758
20159 18533 34800
13441 26831 8228
26082 14105 21853
931 34161 10633
8305 14024 34727
13673 13903 20128
3022 702 18257
15188 14828 19143
19825 14922 26573
1383 30755 23194
19960 6378 39071
4011 32451 35445
9340 22314 4099
22031 15864 166
39195 7622 27284
37259 35893 5183
31836 3834 19855
29342 37253 321
30253 28046 23727
39420 26733 25133
26313 26951 18359
2647 33619 16350
29842 10958 39103
32148 30356 13955
38897 7916 8434
23619 23398 39832
23349 19649 6064
33804 5070 1596
6047 36861 37952
7820 7420 8507
28667 38863 18479
11560 34057 23146
18624 33300 8097
28734 31034 15671
13658 13737 12971
38409 10809 7798
8457 9282 43
29538 37487 873
30222 9164 12932
23003 14185 17016
11772 11355 7292
19391 6008 24976
37043 17111 15625
22367 52 2683
36626 4901 19863
11831 10443 13713
20213 19602 5090
31517 18905 10519
36540 13095 38164
8258 27993 13040
33133 3012 5909
9520 8117 21363
4106 1107 24567
15442 339 5908
23246 21944 30700
5877 37330 29727
22261 21848 9514
3339 3221 31613
2693 24532 37499
2393 25060 37458
16512 21391 21007
31461 7272 27277
35303 24798 21704
4166 32923 20046
26433 22983 885
32169 30442 27705
35148 4373 14476
27442 38812 34901
11590 26423 12210
19853 14481 29970
19393 19697 8158
32204 1299 2830
11676 25160 26521
1909 19030 8700
17571 1087 31224
2764 16235 37122
12082 20933 1675
5071 3637 38259
32591 7844 33306
1887 32037 31989
17570 24872 3441
24402 31192 36348
12861 12468 24211
34996 2318 28778
16599 7818 38033
24219 2971 18359
31220 20535 3494
15853 14098 26687
31379 36846 38406
35245 9139 36744
33697 32640 39697
14125 20918 8232
35280 12083 13714
19659 23793 14500
11465 12914 13681
38723 9387 27604
8335 26780 18454
28412 29035 35526
33701 39001 34378
37241 17990 98
33910 36358 7146
23012 10819 15095
1557 5161 17452
5827 10517 25479
24923 21614 6927
29186 32647 2107
34740 23391 25080
32975 12051 26054
12070 5220 34057
8722 31615 8678
7315 6905 24264
7533 4420 11539
10267 37656 4562
13257 5710 7554
9994 7067 36724
28388 16292 9741
34685 6023 28081
18031 31289 27172
33776 17288 27962
11034 25729 21278
28758 36938 38129
7205 34123 12498
17011 10562 2622
39397 11824 32698
5916 6276 3317
4348 39201 10843
28107 6087 34103
27258 27172 29881
30774 11822 3249
310 12874 16828
3089 18929 29042
21881 21027 6298
28709 20233 28924
15652 28239 16178
34484 22257 20793
14748 37979 28445
16774 16743 38090
23268 25753 17193
14931 14705 11220
5507 7258 33028
23036 13854 38461
20414 30328 23559
8367 36748 26360
11557 8994 3758
19059 2067 12898
14307 6664 26846
31679 24563 30790
156 18659 26200
20231 5159 20034
33866 35127 12789
29486 18662 26290
21525 7562 18810
5003 17096 7767
239 4330 25210
9834 12244 14477
4508 29950 20995
37039 38879 11814
1970 22149 33934
26459 30808 37605
17224 16819 28665
34178 25497 2867
33424 7634 885
4027 921 29712
1808 29919 39864
19549 13917 9687
4041 2626 12768
8716 37189 18384
25330 2514 14669
31017 16273 18613
21910 30679 6945
17260 19122 5593
30083 9771 18231
10687 33681 21588
15694 1579 20723
14285 13594 24439
19809 13484 17346
12533 17717 36175
12701 34513 22059
13641 249 26643
20601 17911 35912
17857 27077 27632
7144 35553 20872
26586 23438 31388
28733 27226 4302
13311 32581 10979
7113 39450 21594
24240 35891 24395
17710 3980 8575
14101 36895 15438
25770 1577 5081
4963 22945 18119
9609 22660 24144
22718 23034 37894
21128 29391 24845
80 39116 38448
14361 25958 9721
35116 17309 26340
34703 32615 17694
2567 28192 19648
38370 15270 28051
39631 27207 13758
30165 39245 15808
31658 17502 28947
16045 561 34075
2619 17367 8634
829 21027 14277
2394 11486 3664
11773 17294 30219
39662 17946 28676
17714 19446 33734
7188 4777 4584
18005 1484 11800
10040 7295 27688
19717 39045 34039
10145 25083 4932
32108 6364 13525
24315 17179 14403
8876 5546 28559
561 11035 6340
17911 28103 32427
33690 28898 23580
20000 17113 17689
1745 36703 2154
36312 15873 14650
31479 6763 26263
33818 23438 35746
18491 8712 27741
22321 11557 13400
16477 30310 4946
7858 1932 38727
8083 26878 11026
1031 37890 20331
3525 36453 22992
9948 32264 26082
12026 20913 32590
35549 11226 30381
27837 9932 39770
14729 8301 35289
26691 12372 14799
12758 25075 36677
23466 863 37741
25503 6401 523
2123 25663 39889
34830 15758 28293
11958 13870 9622
25053 1773 38944
31277 12841 35892
39999 32573 18637
22862 32296 21666
5526 29347 17908
39386 21127 11332
5971 1817 15170
2059 36546 22713
39632 29728 30952
36047 35085 23513
38867 26009 33779
16633 18890 147
21377 19993 3854
32360 8071 29541
31346 25606 15505
5885 8212 36490
9966 21179 33719
16923 36443 11732
19134 2003 32721
20887 18439 19287
10920 27027 1826
2503 15974 23446
12909 21585 3689
22543 38989 18848
29228 15381 37643
20146 32313 4865
38152 20808 20907
32181 24735 26614
7711 24320 1237
10906 12535 5018
3775 15977 12810
6153 31153 12901
25516 25959 4958
7019 18901 17978
16977 3752 21168
1347 1287 37164
29890 25170 21286
26583 30645 17110
18526 22511 24257
12531 4699 36244
35638 10700 3492
26955 32744 6944
28307 5750 39414
17616 5937 37476
34489 19838 32558
22341 11654 786
1913 25270 7585
20822 31042 38459
5566 30529 33866
26250 37620 35601
22435 11972 8449
39185 18954 2111
13812 26234 21277
7742 12987 21174
9338 11714 29001
18240 1846 14265
34851 15334 23863
19861 5512 12848
751 18680 2427
24219 15093 39115
28014 25214 8193
3310 4301 24846
21892 38857 31268
25981 35618 31937
21421 17277 77
13063 506 16866
35263 19146 35963
2405 27348 34509
6701 16004 961
4371 672 29895
11701 39798 4323
14430 35338 9239
27661 34471 23080
20271 1962 29707
2615 36036 3777
38536 38462 38840
4479 34953 3229
6972 17730 36465
6499 8609 12995
20534 17741 6031
37280 29162 23964
33614 31621 20886
28498 12481 14519
25727 13384 38516
9660 35850 6895
7370 36907 3515
19233 34009 28364
37849 36451 15825
21163 20142 1658
14743 7870 7018
32038 34352 37040
37927 38079 29720
6409 31112 38955
15155 25468 8378
35386 28891 13326
2396 32926 21592
30174 25275 14794
14573 26389 17974
26405 19023 2602
36289 33003 34865
9362 12612 32737
30010 39811 16291
3826 22488 4772
31833 38315 27310
38483 765 25488
21737 18450 8295
7321 20784 8079
34412 31628 29817
23886 11780 31224
23353 39733 20941
39371 32564 9779
4969 25233 34482
10510 22082 5385
21010 32713 4269
15782 8440 3566
36460 12127 19681
35133 2638 12851
8920 39345 25713
1981 32514 14571
34280 5423 23763
8254 29815 302
12387 23894 32955
17354 9371 13381
18791 36312 13577
18604 23528 8430
5524 13442 38890
11643 38153 22724
25076 23553 28499
22841 37551 24943
38793 25441 7684
9631 3874 34937
36642 26792 33476
12846 10463 37281
27577 8988 29046
627 9347 15105
8303 13210 33094
16003 29660 7544
3811 17562 10367
18966 34662 10907
2057 6455 39637
32866 11389 38619
18345 10396 23283
6221 13785 29358
17145 8681 18513
29958 11668 37934
29698 3068 22948
6395 33490 3044
34149 20266 12852
18354 16978 4870
37651 18698 26276
21546 34857 13604
38776 2167 22828
9049 30734 34225
1319 35020 3053
25143 30566 8632
29541 1949 23818
25041 29868 19495
30077 20505 33386
12901 32512 36291
3344 5862 22752
3516 5987 31706
7624 25114 35223
22344 14959 23524
25558 29800 21618
33340 39264 16414
3964 27109 13900
23059 25057 26165
12396 2482 22410
15128 34958 25660
20683 11966 13727
15369 36817 13922
30379 37340 25271
39032 21311 25377
24695 31539 25328
6405 2941 16752
12532 13938 2775
26370 30381 24294
16905 6427 20806
16175 12606 33555
1270 11845 5080
6104 20770 15619
37672 39667 13983
3460 26041 33010
9813 24662 26631
6392 28671 17246
19597 36701 33102
33608 8124 39683
35949 12264 36104
4086 6944 4786
6363 3135 31302
37010 24173 35334
6717 20585 37419
2337 21348 2342
26580 6653 26107
14588 39779 30887
37031 36549 27559
36728 28435 34163
25134 16027 13936
12334 32671 15740
14684 13968 17895
10831 36065 37753
38604 3514 3220
39823 19549 10464
734 38485 22794
12171 24279 28199
11216 34742 33742
38672 23629 34036
6309 5640 9329
25919 25497 15245
28821 31329 28192
25244 16806 18296
38507 34764 24249
27178 2507 10568
29827 35366 25007
39591 34976 3602
8267 9450 7185
39190 14805 34961
35139 5957 9513
9690 33930 20899
39181 26071 27629
2135 5070 3370
35226 13166 25225
36320 6842 13001
16198 18152 1119
33189 32638 17135
28186 28165 34365
27417 20778 35902
13346 17629 2127
1247 16132 19133
29308 26362 4079
11937 38698 7251
18124 3727 27849
22053 8158 28745
9041 14795 16425
4676 31991 33234
6701 7552 35004
3352 18640 32264
36127 13088 1305
28552 2995 25334
4120 33030 39947
761 13924 13823
35345 18570 22141
37919 30326 32464
5391 2843 22724
13349 31896 13167
13711 17888 6688
12079 11785 7103
7591 588 7413
12401 35614 614
5236 8638 16203
1800 31419 19092
9231 33605 32550
2479 31044 14124
23397 23715 31808
5418 10068 24969
17079 32829 31017
1540 31165 26257
6343 19119 20904
18873 14383 38309
1619 36683 3286
3308 32447 24344
25937 6270 28629
12358 38189 38198
36423 10124 22555
8532 34388 23114
24456 11117 25514
1539 27787 17586
2149 35384 30072
37146 30262 32546
1745 38383 33823
13835 12380 12210
17882 31433 13456
9516 20121 38488
8553 34579 31017
39315 731 38229
4656 527 29219
18371 28949 13076
20920 13341 31422
5177 1505 758
33908 35163 11424
12420 21028 36153
16844 17158 14143
28527 20284 24146
8576 7117 19167
23674 38989 11156
18409 33178 17527
36045 36200 17857
4252 16197 29941
2234 30316 30952
8773 20918 27144
24825 13279 35991
17862 38187 28840
17627 9681 39327
7834 38371 12462
14715 3411 30880
14809 2723 1226
9433 29198 6423
25820 29466 36963
34665 24132 18493
19538 31193 32682
24462 32341 22607
28690 34845 6378
22515 36149 3301
25078 34156 38061
6100 33158 5108
33737 30903 25264
1301 19584 14404
15896 34627 26947
14595 9102 21140
10667 34393 11669
17888 32338 24242
3007 22001 30717
22666 7411 15143
2294 16985 13137
6507 28921 2393
11500 8718 36100
36789 1974 5117
1169 463 2618
8291 10976 28270
19970 31899 20269
32963 30040 9232
14914 29718 23722
116 6309 6034
11207 36889 28273
13225 28677 23343
34754 1381 9861
36955 36170 27341
31503 2416 14657
29488 3671 10380
33017 34385 5665
35410 37647 35822
2048 32063 20797
1327 35066 34603
13197 14760 10631
28958 3112 10955
35000 9101 22221
7789 4981 24432
20509 15027 19615
36097 33490 11545
34964 26002 27280
31134 33488 19979
32980 28240 39792
2880 12873 23535
18066 35051 13433
17409 38937 34507
8736 16434 23565
12504 21853 3749
19039 7969 2242
32155 31370 22916
27210 11006 16340
26953 13226 6859
24115 37020 21824
28635 6093 14950
15656 38028 5400
38215 7022 38544
8353 14386 39069
36434 28584 39908
15414 1792 25255
834 14524 39417
19827 21902 23916
6805 3772 37701
24971 20683 35951
1625 22423 36931
5946 20486 16799
31929 6703 34195
29487 34122 33346
20648 11683 14559
18477 36742 31452
7731 2419 23782
24721 32706 1536
6514 20157 27280
13487 19226 7798
18962 20902 14165
30622 21949 21596
6069 9394 18858
11579 36324 27776
4707 16353 704
24629 21453 5888
31953 13012 27953
25956 34851 38275
17705 6165 16837
36416 22947 5010
10652 30768 34773
11390 6500 30296
31293 36695 6789
14757 5971 22944
20238 32677 23311
12769 21008 14744
15312 16325 1497
17313 4720 6049
8780 14231 11937
25492 15514 5689
1027 12489 34143
26302 10374 11481
21915 35849 23927
23950 20939 35067
8425 8194 4899
27939 2945 29479
12203 24912 20061
39008 11059 1928
14113 11339 24244
35857 30816 34786
32901 7532 28836
2231 21238 13153
31899 28445 26957
24949 25246 29285
14363 4857 6046
18950 13625 35773
7725 6038 24868
29153 8295 10933
30643 4939 6459
10633 31665 12916
24922 10019 19483
4253 18938 38528
33399 2848 23367
30188 4303 1441
22951 39489 10761
10339 20264 39310
17060 19063 23817
22227 32145 10319
27298 23144 24747
6064 31280 36540
3285 35398 8449
6395 16687 35409
34104 15689 23988
18429 1982 32172
31987 32016 18245
11654 20712 38525
24186 13759 36279
36437 26631 8385
39172 39133 19010
14685 1713 7162
12021 32651 22069
37129 778 36366
16726 12555 28499
7414 21635 29502
32756 37503 25552
16839 14190 35415
9486 34314 23752
3581 13126 6620
16923 16453 1426
2320 10363 5240
18521 15598 19774
20632 11109 19906
28266 16384 20835
26896 17855 33322
26102 39589 39005
22987 33848 4872
35603 2265 27086
39952 4742 28332
33510 2127 33147
15682 24336 8428
33793 15325 32182
36046 24062 20167
23481 12916 26452
36662 4778 38946
16687 13770 16354
24246 21230 29042
12223 24793 13547
33199 2619 24337
32873 32177 5226
14002 30937 1885
29904 28149 36361
38000 11996 23393
33577 1405 1925
14565 31548 5074
28160 8391 26392
32633 12891 10679
8217 30298 33017
24381 25000 35326
17259 5650 15843
33518 19559 2250
618 27578 21095
26926 6469 10837
3808 296 1269
15773 18845 29591
25046 6905 11000
24195 34029 39324
19701 18922 23828
26406 31675 16441
26047 34793 26928
34646 36842 13960
18352 35546 28193
14844 34985 30172
12587 21168 33365
34216 39252 32012
22485 30351 38678
24144 39527 38424
29155 11606 34948
28308 29650 22457
33817 2127 34979
17045 9119 9507
19057 12452 3097
32998 16243 16263
2730 29955 19694
24422 27088 11686
38203 15982 12609
20689 6832 28857
26656 33164 35118
15628 3036 38073
32391 18937 5093
31877 27017 5157
6604 31355 19756
9700 11255 2355
21011 25984 3837
2407 3266 31961
15588 17573 36573
28518 9524 2209
24857 28697 25207
31138 1922 28769
13648 7837 7143
14793 11190 32799
9765 23614 20811
31331 4559 35757
38237 14979 27511
38731 27256 21196
8028 12142 16485
24298 37807 14233
1796 10306 9411
13909 33921 19295
15442 23226 31350
5059 39974 12749
26013 2591 32299
16643 27504 11039
25742 35428 39327
796 2705 33547
35693 34421 20846
9929 10792 11448
6565 19306 25411
38137 37412 12815
27282 36229 914
5114 13793 21297
2745 19625 13680
17483 22158 30105
24015 12786 26269
18475 15506 29058
30357 12772 9714
6631 31918 8783
27648 39123 3891
27517 32582 33994
21487 8685 30844
12570 19128 30790
33316 24617 29011
37953 36931 24678
35842 20643 13244
30369 11377 4008
15562 9207 29369
20220 11289 15206
910 3810 20994
13311 28556 28919
12002 26489 24153
12497 5653 33313
27830 33154 1748
37167 5799 38008
2857 5173 17469
37574 22858 24241
13309 13437 18330
12033 33775 18356
23479 13750 18948
10024 7169 8768
996 4860 7785
10569 10260 11553
177 36767 21249
25168 2117 8905
22955 4916 20598
12154 39857 39206
39503 37347 34421
24784 18774 18211
27179 17267 6049
26074 37059 27267
19857 29339 17201
239 816 34048
12629 30335 2147
33687 5772 37015
5452 121 34579
35096 29054 12347
13778 27430 39965
33342 8845 8260
37586 28898 22498
15450 39785 36375
37888 34713 17031
31187 17765 35765
12427 12128 27025
16401 36159 13837
30092 8697 34491
18244 12625 13320
3862 17532 21526
38506 31946 13701
15353 39676 25571
32896 34248 14160
39588 26353 10349
7564 23350 16301
6900 20146 26829
4334 187 5690
15642 5573 15157
19803 39782 32622
36250 37352 34386
29951 5807 26711
6248 6395 21485
25950 26269 1283
34385 10870 39910
24876 29055 14274
35379 7020 6740
25928 4940 26733
9095 157 4231
19204 34938 5664
26211 36283 36963
8476 34437 19658
21330 36881 7756
27941 27934 13837
36755 14959 26096
33587 19778 13644
27883 30429 6033
3539 16055 8926
29659 6563 5993
15776 35290 12301
26064 18092 8389
27439 28575 24329
32195 3040 19698
7931 37834 33351
16894 9132 17753
19654 13978 16041
34766 23636 16420
33155 9957 33385
6033 25750 37261
10258 9109 39206
31528 804 6507
19556 23776 12557
3906 39377 17505
7878 11588 10938
2678 17700 2563
737 38276 12110
8386 11964 23133
18505 34078 1367
11778 2095 29656
18708 14584 28479
33856 5779 13829
24781 10430 25708
10887 16474 14400
36761 8242 34046
38715 1585 38628
7362 31008 37071
24039 28170 28062
2961 27970 37679
12621 7356 15292
39403 11774 29629
558 38189 33244
6026 35588 12557
22910 21351 25360
15834 29325 31429
5130 38990 6605
3653 7080 17443
20425 1946 22294
12991 31519 38156
31635 17482 34597
25176 935 28512
16311 21045 33668
18082 7839 30001
38969 34215 38111
31930 22861 10512
10589 2873 16446
27897 14444 14169
35414 4300 5235
2662 19494 20463
39292 14736 6306
24669 1947 23054
665 38163 37945
9951 1743 37408
5052 31083 7608
20639 19220 15880
19859 32962 39717
37274 36577 26884
25740 8658 27521
6144 20560 24982
39018 3808 14247
37569 34948 7854
38626 30849 8291
