3350000 1000
22976 38851 17072
242 29964 16439
22812 27310 38259
18090 9965 20953
24695 32618 34353
38065 27368 34933
20329 3111 634
16996 8686 25174
17969 37302 19695
9569 27448 34741
8085 21863 32722
20103 34503 26853
24936 3220 39881
22249 35840 22478
447 25583 9550
28961 21200 21978
34149 26233 19366
27792 7110 32555
15697 28082 2713
28481 5643 8567
19833 28837 8790
15908 22442 6760
30722 12010 8678
15856 20299 12764
35860 5756 36830
13771 24154 5781
25212 20543 13001
17236 25464 23509
38263 30922 38106
38384 28843 8271
2790 23517 12848
11690 24566 5895
33292 38362 15876
29523 35083 24063
19652 19545 308
32680 19374 12544
5661 17146 24857
629 14490 27513
35907 32584 38545
21558 3821 7395
24233 4565 2723
32167 7201 26106
36954 24932 32445
37392 5361 38517
17882 117 29274
2423 4451 33350
30098 14564 668
11842 32140 36879
10844 9757 34540
35454 12312 29348
2542 15967 5081
29895 13479 21993
22032 2248 20388
36688 15680 39167
879 38500 37593
27975 12144 3719
10725 30217 29423
2057 2459 11938
14839 31458 2641
1908 30998 35083
23887 33926 34242
20537 31615 21145
6614 28599 21120
4040 1977 26591
33881 17946 3295
2164 26378 10216
6569 12383 31039
18597 9128 5764
30686 4303 5631
1153 4095 29937
9958 8259 24443
17618 37963 9220
34205 16254 31507
3557 10550 19566
22590 4003 12301
21910 28200 33401
23474 23308 10155
36626 30131 6032
23458 10026 24360
10684 34249 8256
33769 30537 12096
29242 4256 16379
15598 15317 7673
29995 38722 24710
20726 29871 28373
2610 10206 13543
29611 1159 8661
19623 26137 24629
6407 14332 7488
38285 2814 19933
10167 36916 9300
944 8711 34883
962 24629 21647
9919 25046 10387
8840 23344 16323
32701 5475 17312
29651 33473 30031
31217 29943 21549
35542 923 13951
26014 29991 11906
100 7718 6574
25968 4035 34073
2655 13044 22117
26868 531 22870
37753 21483 19401
39221 14115 6542
1421 37568 39085
14999 34998 37581
3739 18706 18888
10969 20125 38697
17210 33181 27230
14859 32979 29129
18490 13497 28334
32351 2124 32237
9884 22831 22436
23143 35432 3307
19672 29461 757
31718 8114 38686
26692 24366 23879
19019 38290 1282
38823 16722 2078
1522 560 33153
12744 722 30077
30084 28949 11738
22396 21266 4239
18397 37981 18938
9162 37540 22887
7430 21825 13159
33189 11977 3934
16487 19453 2890
34520 24234 15776
16269 36919 21268
36253 33338 12915
21471 19537 11309
32826 375 38713
37465 26449 1973
39976 33881 4946
13237 5075 33813
9555 21270 16458
21709 10279 11661
16065 16773 33662
36518 14925 14733
2664 33497 5482
15276 35318 11717
31992 35753 36033
19148 24519 9205
24900 31050 12679
2040 29860 33714
37602 20086 33169
35015 24613 38942
19332 37684 409
27951 14120 18634
7792 22919 34261
6612 26523 138
5495 22807 32825
20267 35021 9003
6825 14682 20366
3184 14784 29386
16806 26479 3030
30558 10717 1295
8059 9263 30169
5489 6471 38716
30394 22632 14735
39599 20707 34840
21236 4808 2777
12266 30997 12457
38275 35305 16292
33532 7697 33788
19030 39364 36793
1536 500 11839
7581 10561 7503
1077 8905 34774
1425 9057 19224
28182 9326 12408
4918 35258 4920
31130 8191 26321
37074 4756 31622
2714 2620 39632
7155 11265 7502
15450 5636 30073
17280 11855 10996
1650 4389 15588
376 19064 18552
2384 18726 10408
21775 37720 113
143 22188 8181
39183 11616 8819
33955 2555 22418
24117 13384 21526
9556 9834 11839
34409 23854 8190
19009 38533 21301
642 22064 17035
12394 39043 8831
840 5233 16440
10240 15096 22313
12693 25739 34604
8748 20540 20424
1862 17188 31635
4250 15584 19784
11568 33960 1484
34994 33905 29129
6134 38175 7657
22092 32294 37314
29877 38881 418
1093 26604 31718
23216 6749 17460
26322 17593 11464
27186 12792 16969
33382 3161 25465
26739 26609 1892
21577 33874 18203
10782 34332 2922
9795 31902 8172
34860 38035 17745
14570 39384 28024
23215 33022 9533
13439 27664 17469
12380 393 8663
34215 2603 30635
29004 31705 36277
3684 33288 36309
2846 827 32265
32364 38277 20469
6118 16838 20226
11376 6492 36430
38606 7712 8326
2492 19650 39075
17771 4352 35192
20546 3506 17608
6798 18630 34928
19886 19081 17461
24226 20801 34261
17000 32758 34351
39338 13770 8067
6924 10315 31919
35994 37185 15529
30094 31412 27795
24996 30109 6538
28175 17457 15239
20740 11664 17878
6029 19657 34796
15698 35510 17397
2305 29659 35124
30377 16535 18879
32469 13947 28722
32300 4002 26318
32951 33291 23512
5117 2168 8006
11008 33201 37598
35691 23789 19475
35826 26792 31058
35610 21384 19254
25085 6405 6152
34643 31348 2981
5018 6439 9387
12050 25710 38152
38878 10622 33893
28313 36945 3750
16863 5517 29282
16228 15010 26505
37383 24802 24163
28520 618 18601
25525 22936 21598
39895 31755 14497
19900 1327 28139
11590 22047 36618
36082 12420 24120
22508 39678 25719
17678 1202 32571
12060 19349 18087
26765 19121 33322
20469 3735 2617
105 33592 34278
2332 7340 39534
25790 29802 352
37387 34558 12224
5 5481 37810
35459 7362 11997
32629 522 29986
4453 4353 34072
10479 10685 4629
20294 34729 7056
12673 21760 29987
38348 4497 32806
123 19086 1556
4690 10932 35069
35336 26041 8818
38002 15395 14762
19473 26901 22848
21108 2081 963
16357 7781 35330
21547 18477 20524
6745 36792 38295
15904 34860 30568
36457 14553 10400
10044 31874 18748
4044 10824 26299
35989 12089 34922
4601 8093 10297
11991 29267 5914
37728 21649 19226
9637 26340 38645
25609 19719 25485
21296 22218 20797
32088 36434 8547
27163 19118 39291
2747 13453 31612
11121 14413 13496
35566 3924 28072
255 34765 18856
39968 24033 5171
21394 2709 35967
1639 12446 2269
25211 21721 32189
38097 12925 30907
24524 625 22799
2297 24271 36789
360 5335 28860
31601 24838 5798
3572 12451 13428
31459 11917 10204
20075 39788 9738
10953 13397 6112
5804 35422 18284
19090 36513 27422
32577 424 6555
7497 36185 16342
60 12130 7474
35827 33133 9051
31523 16117 14734
14623 38433 15310
12295 14268 17438
18658 13565 11244
18379 25763 33505
7550 34815 19723
15970 13350 24176
27957 1731 4701
34973 35481 24071
9206 11022 23010
14152 6271 39347
34606 4838 7696
8618 37217 19613
27763 14876 10726
17264 37999 14918
20740 9922 16435
39958 13592 8131
7068 1067 9909
13319 6307 21503
39124 1714 31142
38113 3641 7056
5905 17818 35749
3393 23273 12914
12402 6353 23733
8907 7822 36774
15881 30314 33430
787 16880 29654
6094 4297 21365
25817 27579 25196
31246 14947 3934
11460 12134 29390
15501 18186 5318
957 28527 39394
31711 27869 21075
13673 19190 11149
20461 32867 10732
12890 22639 8471
12009 38883 16640
34743 31333 34972
37276 25207 32722
26605 11464 20030
22954 25274 6000
39290 33808 20350
39135 17166 11365
26960 5145 25191
39146 20680 25432
20076 3277 33147
1890 39635 8402
13089 37379 5073
16607 21080 19948
1193 12388 21121
34856 27814 26341
17609 17463 18660
8485 23106 30153
17864 10417 23471
20888 25999 38342
38623 23586 11332
10783 14064 16386
26379 4319 37301
10090 29275 23704
22834 5119 11145
35830 19908 30289
29951 22220 30429
38582 7627 24824
301 32578 30228
23092 32541 356
3175 34940 19509
18464 27311 29464
34142 38821 4227
14597 35713 21450
8218 33412 21645
23402 33177 7422
19544 13016 333
33746 15197 16321
2100 5885 2212
28765 37942 18469
13951 3345 29745
23810 3120 39717
3250 8617 13928
20189 23743 30391
39786 118 28497
37334 9870 2366
24351 943 37922
30736 22101 13996
555 35627 21219
29864 14857 15535
19890 20022 17720
36211 39218 32715
37555 25605 7759
1865 8115 15679
13442 22888 35989
6658 32388 3267
12761 2066 2845
509 15238 19790
15770 29966 2091
30666 37532 12654
14273 21835 19725
39644 19629 12190
10862 27019 28321
26517 24652 15530
37474 25695 1746
34574 14756 29059
16951 5951 20305
19193 15319 29980
13801 13285 17376
25323 4738 31025
35107 39681 23857
26565 8330 18762
35777 2214 20137
26614 18656 13096
10285 37761 35418
28305 24945 27165
24508 14604 2607
24893 21850 18183
29523 5504 32557
17449 39659 20472
7060 37683 13755
38167 22267 30962
15598 16501 10841
23582 19750 20289
35731 19987 8500
15745 36286 35881
8547 17223 1474
10994 21807 23922
26970 7439 13843
1822 7735 3567
21632 29609 32644
33958 33897 25955
10757 23845 33339
26961 32536 39132
27755 19614 22814
17705 35687 39071
5427 4923 11118
1025 8216 5704
11515 25106 21810
615 29404 5480
21036 11786 11874
14962 28919 37020
241 20761 3633
6963 34679 28946
7075 10610 2746
23107 39077 32958
8841 38479 23836
17499 12436 25344
37028 9058 27800
24400 20872 30177
10994 27220 28270
39567 341 12742
31184 15466 2583
38701 32869 25775
19173 24683 6366
17141 16791 32483
36172 26151 32799
21700 9054 13980
31322 25719 11080
24725 29641 3425
32384 28050 33113
10325 28514 2001
2142 19801 17716
36 31647 4179
28547 16814 32650
38417 39724 6010
2888 22962 7991
31799 28715 31859
19805 29972 31428
35929 30570 16500
6610 4856 17213
5710 6741 7327
29933 18660 512
12001 19270 5918
26636 40000 29681
31427 27241 9399
39217 19475 32847
5540 11786 30851
38067 35792 20412
35733 470 5213
12845 9940 6711
9355 23396 28521
6761 39846 16113
5021 22015 21520
39531 28204 21475
17766 1937 25026
38022 26514 11282
21205 27825 36141
13289 31198 27899
11278 14495 14133
13651 8308 39412
30280 35389 10700
15832 17079 4570
37727 3668 26640
23519 14938 8198
23394 37352 34171
18441 4736 7013
2838 34803 24148
39410 33089 21432
220 11589 22306
38443 4742 15937
15955 16933 484
11047 37871 16190
11596 24044 3196
23992 30863 16805
19317 10428 532
8414 31090 60
18768 32971 8182
28983 36260 3222
17685 28827 16338
12631 2432 25924
19293 14178 32943
1443 21245 6201
11689 10810 30716
37282 21491 25347
10224 37908 5523
39984 7445 10123
14271 29838 20550
28539 16039 25923
2136 37665 32412
20086 3540 24052
13339 26765 17742
13370 29178 32913
10982 3512 21230
1391 33371 3714
31095 15448 30663
30192 12136 39431
1083 37233 8663
30562 18359 21305
14045 27578 31686
26134 2122 25901
30452 39776 33384
16875 39341 2767
20202 33045 18740
35431 31026 5569
9532 5326 11388
15322 29671 12286
8490 9573 38488
15253 12204 1758
30519 18697 12491
3648 35520 24378
18259 30372 10376
16352 32283 26177
34318 13539 2482
24338 17082 20618
29928 7573 17781
1611 17078 6383
24676 17984 38411
2413 28226 5179
10036 38181 27864
29360 38118 33979
32924 38481 6187
18687 24228 26487
22951 28404 28805
7932 23686 12396
11532 20453 28997
15118 13400 7932
37465 12410 11347
33597 8255 15939
38795 30758 30689
38555 34609 26609
29602 17292 19244
17182 22726 23458
795 22953 28673
39975 37542 32795
9499 36678 37311
10301 20924 11793
23419 9959 29658
18398 35783 12790
3196 16076 18440
19164 29993 28516
16467 24849 38322
22682 3974 36711
31385 2354 16129
23483 12829 6015
15364 11911 34467
19206 3431 20053
39426 30274 6768
28814 9323 13377
7572 38065 29555
20588 6413 11359
38847 13923 10708
17938 32715 7
8380 5230 9687
34385 15787 7792
33006 15583 25525
13507 29524 14287
5974 11313 20299
30084 3020 13110
17282 1030 17551
25009 27035 22726
10222 38580 33175
30014 39943 23226
22369 13175 37347
21688 28532 31140
25388 35596 34153
16748 14091 14802
17057 30789 12386
11030 5963 5372
20963 1827 30930
3345 18315 35066
38182 2366 25279
10398 2342 11992
31489 16716 22055
3279 32655 3465
5668 28432 9304
36755 29634 20745
37532 21753 37245
8268 11295 25414
9781 2509 33865
23129 35023 6662
16733 25680 22089
24186 532 17955
12446 3221 33045
39309 30098 34482
18580 22884 27547
36535 17796 18762
26860 6235 38138
16764 31007 19976
6048 35847 27645
22427 30930 31195
26477 9801 21912
38008 32632 30491
33665 23365 24437
35673 1368 1471
21270 4357 29062
10638 21517 30974
7683 37300 35292
39686 58 17822
25144 797 30137
25885 29337 18188
33682 30062 25825
7293 25041 25653
33766 30279 21465
22409 1694 13640
39965 18984 1190
18860 30712 11851
3823 7178 27818
20501 26309 26797
38448 23973 5053
11119 28223 13898
24315 13505 12060
38998 29853 31176
14939 22731 13832
22946 19762 4339
12429 14983 24248
17932 38903 9866
27392 34463 37811
22973 16332 32625
22876 14772 18416
32083 16803 29282
13509 22356 1880
29473 12870 8535
21847 25869 3466
14847 13265 27279
18526 21318 36022
28344 28542 1837
8380 6403 18864
21070 8079 39677
2558 31437 17173
5376 34382 19949
25949 14427 21663
34495 29411 33869
35106 39924 3138
36336 2995 18452
18615 19571 1010
22280 26061 13568
31362 27921 27947
8572 17374 20507
39286 5356 15443
21356 25444 24501
990 11767 34782
36156 35682 29389
32273 15148 1286
17011 16594 22037
39401 37710 35499
9970 7235 59
967 8771 4441
23739 1589 5977
38300 10059 39964
9520 7455 2194
39996 630 20787
26036 25372 20138
5410 4548 4502
9824 17540 17878
31547 27681 512
18802 9508 34990
1507 1060 5782
33445 25430 29296
29009 24253 14143
4706 3829 29036
23095 836 9106
34280 8995 11498
1163 33097 34353
423 35621 29133
9585 37154 38898
23542 36557 12546
20756 33806 2407
26438 18032 38218
28942 21298 19313
28941 20827 16996
21494 32771 23022
29445 5145 29166
29505 7259 35997
38333 6693 10682
19315 984 11233
26202 21993 29753
39716 36484 28144
18932 27747 35815
22856 36055 39379
6663 2634 17452
16389 31253 2385
12059 21849 39449
9670 34348 18912
3659 21831 16171
14290 25346 25396
36452 3240 22212
39702 4750 32024
21500 29035 17860
18347 35209 21266
21998 31292 25331
5391 11902 15631
28408 27068 35159
23307 30981 24845
9864 36373 30976
27518 20341 31051
10498 26331 6294
4698 27874 7020
35929 10493 25196
37818 25571 5970
20209 29570 1524
2330 4088 1590
32873 24461 10578
24362 9562 3672
23627 1954 23331
21364 36157 32501
13760 31076 35454
32605 12818 9355
19961 13278 10686
9767 17114 14353
11509 9006 36195
4621 7566 11971
7132 31408 10383
39253 7207 13327
21002 8917 33585
23416 996 33746
9157 17248 36721
30514 20154 4398
11771 36239 21197
36131 26146 21995
32457 4132 32029
16082 17314 36581
606 32843 6690
17716 28500 38586
955 37471 1930
31061 31995 29187
685 34433 39197
2931 19882 2120
955 23041 27830
3449 39265 18540
31975 25053 28734
31846 22847 24593
29812 34816 1098
29573 35662 4340
12573 29199 31505
38159 2366 27309
18987 36665 13666
21078 20616 15266
2385 15547 23812
31499 29158 14367
21819 32494 26354
13519 30651 10315
5889 32704 35995
34001 17652 6725
16933 5093 19277
7850 22766 34961
1034 31088 2311
35916 12072 24356
8524 12066 16648
39390 17754 38272
28271 16211 16733
5726 16104 32472
36294 10249 16260
6260 37020 26060
29442 36832 25514
27130 9289 17501
27990 23323 2513
9522 8146 14769
30754 19265 38763
25893 14517 37893
23039 32083 38326
5483 13900 4207
6187 32393 26147
39698 3630 2687
27259 37861 29782
6697 34529 10600
18996 39294 1933
11872 5625 38344
14737 11931 14581
20672 15786 34081
5754 20485 25017
3769 12191 16697
39563 12245 26081
13944 24084 24475
17251 37238 11131
32848 278 27444
17807 4515 29555
37087 9047 35284
32293 34053 38086
1727 31237 35764
2957 14665 19517
33265 15371 2470
36813 3410 26656
17412 36588 26681
21343 10967 9158
685 24225 22082
740 2838 5367
29727 2154 19669
20599 12203 5881
36222 20599 21585
38389 18739 13592
28049 16416 23198
4602 11725 30373
22666 21325 25776
7985 35871 28935
6267 4540 3000
24178 6509 4134
32162 33629 18127
10620 8116 38770
29657 17305 7174
28008 68 38249
24399 29839 15277
5449 15199 7304
20003 14858 31605
23703 14797 34837
3134 11025 699
3112 8491 14895
37703 127 25965
8645 9895 9421
13648 16844 14291
22377 32625 34779
38605 1094 33053
38645 33106 38683
23816 11387 38299
18593 16551 33922
23696 11451 38954
4991 24010 25775
24218 7839 771
18130 32842 31220
16029 26179 36989
11913 22923 14221
21460 6998 26592
37936 6898 30159
27442 32697 15918
18327 32170 23246
3572 5074 17836
2118 16185 27991
9501 8629 34328
16644 35733 37189
18958 24109 8099
36863 38222 39084
3447 30569 24834
31708 4528 22154
7008 27681 36291
5897 33508 1822
30020 13620 4911
12362 10708 4572
8124 21021 37096
31453 11451 16100
22833 33467 20364
39476 20461 36455
8153 34555 29642
39778 36048 12913
13490 12985 21692
29230 29304 19054
7423 6678 29341
28279 32430 20143
39806 12127 35017
30419 6366 37067
1173 36225 11852
12823 10072 2765
12401 24991 24625
33016 24568 3482
35281 35930 19802
4448 37210 2428
38597 22540 29394
27842 21096 32828
39747 28677 18334
39733 38643 30527
12020 19748 3580
35295 17112 28287
17799 6013 6497
10 3177 13800
8693 32566 9690
21914 16859 36004
34573 34637 13470
3143 27825 33318
8410 1446 7620
656 29862 23297
30735 20132 36638
13707 18818 24324
3787 18838 29868
26759 37745 6157
3606 23246 3894
7066 14589 39925
9578 3240 35883
20070 24631 19458
21809 7239 23398
39194 12611 29331
29771 13991 7856
32774 29519 8613
17020 3186 3544
15104 21916 3439
18903 27531 16141
5808 7725 31146
17425 7280 37755
37585 11207 18506
28549 38627 7910
16808 18305 36220
2645 9940 4226
38282 3498 2730
11836 39894 17662
2798 10547 9889
29866 2042 5637
6377 34592 38544
23440 32011 33639
11086 5697 7810
13364 30975 17786
39885 36258 30349
12895 6383 3151
7317 8510 38608
5010 32019 26136
31489 2332 15292
21392 21021 26410
37355 18031 9930
34532 20019 25810
15775 27222 36307
12529 16096 20424
7047 18764 17572
39291 6395 10868
15896 11843 14106
15731 32476 7740
14981 21209 27851
24362 8352 37156
15512 14001 18182
32715 32659 12909
35164 29991 12683
30319 13123 23358
33998 27861 32743
28078 21900 24389
21301 34163 154
11398 23273 26773
3026 2938 31173
21297 14871 9852
16733 13025 7798
39698 38095 29451
37608 12815 32657
23363 35636 16712
5411 19358 12977
12208 37347 10964
33769 8211 24127
35473 39514 1707
7684 23192 37206
33954 1238 27028
31818 39333 30649
39229 30235 4642
19211 26723 22188
2398 11220 29594
15356 23412 23926
15875 4013 27885
4351 38194 4511
2233 22877 8641
7035 11784 13873
39600 2572 37000
