3400000 1000
9906 10589 22557
37453 11389 33875
8959 27501 1450
4561 38314 26651
39099 21954 25096
8498 13553 39066
16596 33992 39162
16222 9245 6147
4360 20045 32616
22805 12669 28394
31285 23957 1858
9511 15002 1275
37815 13871 1932
5560 645 39568
11837 26224 9103
36228 21791 11029
27910 22043 37382
38305 15515 20678
26539 34543 35280
29058 28300 6903
1192 34782 7281
3172 4797 24747
24970 10388 8816
30080 501 33003
38458 14695 38619
37588 11105 15144
18554 1878 14983
33903 15229 16270
35229 5532 21319
39439 26164 15591
15246 4883 11252
17838 23140 10268
29477 13725 19922
5355 35435 13177
13661 12444 10831
20489 16938 17244
16887 18721 25725
19465 4600 18700
18909 32868 37826
725 5652 32181
21946 3186 11091
33404 12965 19726
24626 25295 38463
39282 21588 35541
27116 21455 36904
34909 8518 16618
13581 11036 36437
7972 29773 23809
9372 1253 33290
15991 4368 12773
33527 27958 15908
36695 19005 4678
38079 22642 36157
23122 29519 3229
39029 12773 25655
30070 30588 195
34532 32382 28903
39974 12413 7653
16462 38484 8697
31470 19817 20569
22858 27135 33811
13671 25591 23752
25265 15046 16327
2317 5164 16953
14041 22225 1177
23215 34001 161
17402 11299 12205
22906 26014 12497
19253 16984 39267
404 22609 27036
3868 9121 24820
19480 11341 29978
32118 30267 26323
18192 23808 4180
6497 29784 14368
5636 34341 12104
27005 13189 33480
30415 32996 35664
2132 12270 3456
10288 24177 19159
38953 23841 28808
7008 22163 26852
23369 29348 19239
29730 38151 17526
5102 34810 17664
8067 10858 10153
30139 8579 2431
1621 27530 3612
33166 7286 11247
19731 10403 27490
9051 38767 33924
33843 13265 35884
22250 35030 618
37337 35788 37619
29553 14159 16598
34164 21294 26958
5945 21941 12992
39605 10268 28486
21027 10589 22896
34335 18258 9172
10465 30753 10182
10865 17000 16069
16988 25496 25149
2147 1940 31756
30570 4897 37877
19436 1787 37686
5839 26956 1618
39194 27097 16817
33238 3148 1848
39464 13323 16255
13345 21315 18942
11106 32469 15729
1815 15179 20747
9081 4624 18495
33452 19539 27013
38496 19512 15779
353 30004 27974
27411 17528 29389
8360 28812 1972
33371 28013 30416
34278 15818 12415
15095 15294 10265
37741 131 19670
9401 16708 31714
14824 20701 13974
2433 4832 39140
13724 328 31245
10401 34999 20597
624 12483 34066
39064 14071 20774
6756 38824 2628
2677 5074 15041
10789 17849 23985
8571 29929 24259
34601 36840 22600
13170 32373 38633
8769 15074 12230
13229 2113 11761
36359 19144 11903
29743 33852 25644
26085 30817 7236
16326 30376 27250
17725 23159 17208
31095 19078 13101
18451 13917 31200
25630 3637 3762
5677 11361 554
38796 25627 1449
9091 218 31386
2014 10087 9349
34760 17497 3841
11586 12335 2300
30679 39351 11492
4653 33018 903
14480 7469 11161
11836 35467 16408
4337 24848 7204
6075 29024 32280
26621 19917 26711
4750 28051 32076
6892 8569 27612
12533 11215 10747
25865 16928 21845
13623 4331 30965
14384 16733 24370
8911 24576 34579
18896 18795 27394
32513 35579 20172
1574 6137 10002
21039 35327 7490
10647 25062 1108
3648 14746 21332
4435 10497 36983
37380 23717 10662
9846 34662 8925
3244 37456 15206
11721 22230 28817
11434 17707 7225
35545 34025 28226
14563 16700 21411
18689 27497 5769
2688 22497 8972
28136 32649 12242
9607 9181 10173
15693 39416 18409
23633 38085 34024
21519 29384 10299
15481 3124 29034
35633 34539 25055
21668 29046 4234
20129 35132 9952
23608 13582 4590
19928 5715 16169
6440 25103 32642
10142 8415 25359
22561 5928 30668
7660 11527 20627
32391 27993 2160
11867 12990 10582
23756 16052 17554
19463 11683 23779
38926 15136 23331
15497 33348 19197
7175 24448 35846
19342 26278 13342
25214 5936 39510
6679 35051 25046
15163 25087 16120
6630 36783 5420
22266 38304 6479
30586 17415 33529
18272 32040 23725
28550 38109 18207
22102 30740 35230
19731 2230 32340
10086 18754 13870
4467 6985 21210
23297 35720 33592
28535 22639 10535
7659 11530 33267
7571 4074 8853
33302 19663 30007
3218 16431 9429
33819 6708 24312
37856 33612 18949
2829 12388 19831
34478 22339 20574
26288 9941 10850
773 38004 25184
3777 2912 26199
27993 9021 3377
35022 27050 15573
28815 22235 28487
6117 19601 11153
24618 22333 29286
1347 13946 27678
17986 6989 39109
14480 17715 8126
31020 35746 15698
14177 8670 28672
6420 5542 11388
37482 35776 25778
32540 23511 11579
32832 9385 549
13183 3122 21736
9339 7018 15736
1301 27517 13555
14555 5164 3819
6903 4135 2115
535 6449 8115
5524 2624 11785
28686 16153 11728
25347 3272 38160
15727 27608 18394
33950 16194 16482
15155 21584 2500
27376 10080 11644
5439 36345 18134
23238 26790 6574
19615 35390 35090
28648 17888 4967
6615 23297 14979
18643 23043 12414
23621 15466 27314
2218 37149 36937
31249 3582 5960
27014 35053 6524
29997 11218 33975
39898 39538 25336
17559 23964 16603
3842 35113 20411
4441 3194 17304
16001 27063 8014
15766 11958 11676
32525 24885 820
5822 16782 24997
16599 3684 9583
39754 39249 4501
31995 16057 39514
24034 34469 38672
14404 16269 22577
12463 27372 6741
27634 36631 716
3487 23854 13277
16046 38531 32669
32138 28539 30384
20304 30866 7154
30140 22383 20143
20276 28363 6875
7770 6971 923
16946 2470 33195
24491 1456 6457
26881 5062 13938
9319 22504 18928
9687 34924 30890
26219 17663 31430
2371 1702 7797
28781 20626 323
3817 7792 29801
32068 18838 8494
38211 465 21058
17389 37973 2152
29028 3482 31549
37665 19295 8094
34263 17501 9709
34777 3311 21323
31831 12221 1232
8854 13152 29322
39867 22703 3202
1953 39795 10226
22352 29319 26741
3319 34810 17593
18246 29432 2415
21223 10212 14682
22941 3150 31070
4506 32211 36981
3712 4821 1544
13763 23014 28019
6133 699 8049
2097 13533 7894
9944 33931 15341
14268 24342 9858
13565 17758 26369
13199 30262 33906
8251 10916 4879
26636 8705 20315
12592 34710 11041
5438 37431 1836
34120 21874 20632
34966 9081 6976
33374 6691 6106
7105 14097 14366
16681 11174 4976
3760 33804 35553
37982 3922 23557
30324 26393 8684
30212 30932 28581
12879 38038 7353
32071 16204 9660
20101 32365 15151
23638 8398 37803
27355 17598 6794
13344 14403 19058
36310 36663 8514
37993 16291 26185
23640 19846 27645
32288 37506 29354
18937 33175 18229
228 34235 285
6582 29763 39330
664 1625 20877
12432 21989 8660
18760 18265 18430
23615 5045 35655
13749 20074 12636
34888 7645 32667
8579 12533 455
98 9400 34623
3434 18587 34254
23864 2204 26624
31972 17019 5245
17640 18464 7994
26675 28704 31227
21346 26191 4452
39030 22445 4686
24059 21291 20867
4732 23404 39038
25550 9524 36192
33394 3865 17922
34902 21848 39203
30825 21948 19746
21126 12480 33969
23829 31679 32630
36885 4957 24409
23479 14217 1658
32315 9639 20104
39897 5450 27276
29473 20541 18300
2888 5520 38684
38203 30019 33400
28550 11825 13159
1472 25280 37366
20293 36487 38191
33428 15125 37253
16304 34995 7066
35967 2692 2598
29860 1702 22633
3472 12655 31373
16708 34612 5417
11846 17657 28697
17041 25112 35357
21782 5051 6558
4803 39423 21616
30975 32755 1196
31026 28869 1337
7010 13916 25692
26905 737 8808
11946 32928 16586
33611 1477 7957
26794 25595 27733
11791 7527 36304
19976 14176 33477
26760 8875 29935
534 4709 39916
2276 13500 18737
37545 17020 4828
12834 37940 16444
30561 37784 13478
25217 19434 17346
11676 38902 9170
17633 5139 31776
22553 20517 39260
34452 33395 37747
17019 7880 24365
12040 290 27014
2040 1591 31749
33980 20180 28366
22298 4337 34970
7895 30831 11858
23462 19642 33063
19498 25055 1728
17554 9329 12196
114 37160 26299
31252 39520 17250
25105 9850 17789
34998 23133 27604
29479 2733 6334
31358 20549 29154
30012 29184 17482
16025 37013 7344
28502 16505 27318
39941 7931 33511
2245 37050 28700
4225 29275 26395
37554 39348 16079
39088 27560 29051
10542 11459 18662
8821 32966 2638
36908 13601 29601
26758 11284 37368
15823 15998 9978
21606 12765 4602
32759 16231 12898
24401 26120 16443
28727 23293 11405
38469 4550 26499
14958 4806 25403
1913 24152 34736
25048 9529 14885
34154 39077 5345
26010 13407 5956
38915 25417 37379
27171 18864 22935
21796 31050 33244
23000 18856 30356
37678 2006 233
33658 10919 22129
20074 37515 1772
14048 7924 28664
31537 31125 16785
26763 17796 9407
28324 35384 2484
12649 15075 39372
36252 21056 19827
17282 21263 10098
2014 24244 35297
18097 3699 10351
14480 24470 7291
25055 18254 36451
15315 31785 19820
33761 4715 16920
34084 23976 6938
24302 3523 27773
14491 38684 32945
32981 3752 23438
23135 3704 14961
34397 28747 16193
2041 24040 35379
6594 18958 6909
22868 15492 33443
30000 39773 10731
31755 24462 8437
24184 18452 19628
31270 9001 13246
28248 37604 2427
8855 24625 34558
3151 29044 28563
8672 23339 12045
26858 14594 24215
25206 21416 10225
9127 26294 31185
33784 30297 37638
29811 939 3732
16168 7412 17999
33809 11552 10307
10921 2005 9107
30129 34786 15196
23803 33688 18451
31506 39557 13689
5683 11898 26696
26340 21146 5106
32865 38928 29873
8269 28911 23115
4473 10912 5928
34059 10676 36377
25238 3490 33331
29576 23538 22096
5821 32386 18267
38834 5145 27610
28211 32729 16633
2128 17751 14454
3075 29638 29752
25712 39676 34861
19803 23192 18707
6719 28777 18164
20296 21989 36147
1208 7991 2808
6919 5971 28357
9252 29735 34660
6630 31529 20460
19597 328 28475
21303 17504 12895
19658 1551 1335
9486 39196 26076
38432 7663 27413
26815 34932 32511
7128 30796 27593
24489 2824 805
1405 14253 3304
7028 4019 24045
22304 18372 25626
11540 7393 35837
16745 13411 7775
15482 23783 9818
20605 2377 38886
31615 4423 17854
29328 8397 5592
25460 18073 30652
35932 3489 24916
21289 8432 25813
1826 12323 21670
20239 14980 7122
23972 35900 25490
30467 1772 9229
39813 5203 21238
21747 1262 11640
34105 25978 30857
35687 13129 8703
8428 8741 19034
34896 38426 22702
4066 18398 629
14139 25629 4257
34319 9076 18218
37449 16353 23602
16786 15708 2580
4399 3689 27697
37693 35789 13902
8199 37094 22976
16205 33858 28487
34200 14051 11204
20500 11566 31201
9252 3568 19243
6057 26254 16703
23536 31765 2167
16985 8421 31096
6586 4506 5409
26300 2900 33878
39667 19434 17017
20714 13323 2953
39889 31597 20680
27805 25362 28998
7391 37008 26747
21271 29093 22255
6250 16151 20857
25803 32026 3198
30608 18240 8957
3417 22558 25234
19762 18301 32414
25971 24483 5272
37310 34593 4094
8739 5738 20908
4622 11699 4724
33493 7925 28847
39453 2514 8
11036 20675 26863
32007 33172 2470
33678 8183 33110
17688 36111 20062
11638 6017 36362
4059 20725 10892
13625 37663 21931
39282 27635 21260
23073 27617 39315
8680 23163 28424
21047 10238 29074
27138 3812 4817
4704 34908 3207
25662 10837 4229
15127 18477 14534
8273 22550 19379
18757 38122 17909
24008 18891 16211
15639 27488 28882
31642 15662 35880
34816 29722 8578
21150 26557 3690
3536 21069 17061
28262 5903 37220
32729 37143 5133
13298 10160 4610
4216 18113 13259
2442 7865 29004
10375 35458 27579
3677 11531 13523
7178 17736 11200
25735 9238 5245
5536 21680 3350
32270 35880 5751
33417 26558 29927
4932 6743 4674
25145 27079 17623
10839 38733 35426
1450 32255 17953
26995 33540 14297
1488 37377 22219
39772 10753 13378
16535 22512 16193
33926 11162 17641
13611 36740 153
24736 3460 9279
16152 36400 19747
10453 17812 38794
39373 23268 4010
22966 10015 39577
32533 29991 9316
3158 9236 13496
10055 38655 2922
30217 8098 33058
13311 6321 36660
19073 11556 1054
34417 30397 7988
21584 18292 20896
12758 17454 16080
16134 34974 5892
33476 36585 35859
31834 11212 15368
30603 32562 14804
29428 15731 21341
13832 20215 31915
7994 37126 14753
25166 38092 3829
38256 30415 13751
36143 11867 7487
27095 27674 38907
29547 26493 39380
32599 8481 16327
31372 39370 16211
12571 30958 22547
8469 29952 36086
24057 33537 15257
32998 30105 35194
16510 36755 3981
5133 28984 21401
34235 8947 13913
28398 19383 4403
22518 34900 10774
5092 6211 16104
8912 5456 3657
27032 28945 36725
39814 16306 39196
20197 38049 31319
348 20813 1992
1742 29833 17874
22696 11380 13747
11927 17992 35857
5039 14747 36547
16647 10011 16896
1888 30308 28559
8870 8719 21974
27809 18486 18178
19390 25749 635
17126 1437 22176
14314 14781 21675
34071 12034 39194
12870 22713 16654
22776 18888 13717
37256 15094 34033
217 31192 11635
38275 5433 16506
16194 18797 31416
19069 9034 12767
32086 13095 38653
9468 38038 2038
35955 18094 1451
30913 3170 35411
2559 16381 11388
21396 31007 732
12197 30167 32902
1808 7696 32394
19524 25838 22005
27424 13514 31405
24369 39641 7765
32013 24185 4729
37493 3412 17916
8922 39673 15795
341 33757 38969
27720 810 24252
8832 4413 19556
23867 23379 3149
33867 26173 36130
27367 765 16819
13898 22699 38538
4847 34117 27985
16367 39959 19439
15465 33646 14004
37813 18173 7302
25130 29532 21778
17492 10434 36140
11277 1286 21795
8311 18739 10039
6112 25801 6089
7916 32811 19245
21978 24170 25830
30554 13527 12722
9178 24121 4504
8283 37825 10580
513 23242 14013
20444 32640 28944
29996 23639 30898
31455 35475 27684
677 810 24119
33836 31608 34649
12490 16487 4831
11302 17859 38536
20227 24215 30022
2247 17862 7576
38147 15624 29284
14516 18779 8429
35701 31344 32060
7797 39055 3524
39245 34831 7240
39287 30789 28095
33176 37526 7830
15148 37277 6160
33671 35715 36281
31089 31136 8588
33750 25145 4542
199 34762 13784
36934 33474 6997
13129 9206 19834
1351 28104 33111
23467 29503 22257
9103 12727 27022
887 4115 27759
9529 24125 11833
4224 24477 6996
13099 18108 109
28370 37560 39108
17687 2955 24900
13264 3334 30959
14432 24923 11968
17088 39348 1133
37999 25966 30745
36678 28604 21136
2179 996 10775
11393 13979 30898
31507 22293 19819
11981 29935 12151
13875 32947 37168
30688 23577 31946
8809 30710 14140
11787 16285 7039
3881 1417 38395
20544 2150 24354
9863 9334 33580
6657 6426 816
34547 32460 21376
26567 5349 13425
18303 13180 30452
30216 5431 19116
33159 25189 31205
2738 35471 36158
26753 28953 35065
691 19912 5052
16572 39294 6932
12029 35921 34424
166 11038 19267
21956 21894 33855
21980 29789 33857
37492 38335 20792
2065 23362 8084
6869 1243 38519
605 18280 2898
26339 27368 33758
14521 24822 10589
20942 3653 19447
13943 29757 18464
19807 8975 25422
2570 16272 27540
6340 19546 3125
727 22325 31459
34743 34179 4750
30770 8728 11754
17917 24307 25200
18682 10239 9011
34818 37454 23494
5567 6523 27937
2758 5164 11398
33949 8860 36528
7630 2898 17115
9454 6865 15426
8821 37839 4189
3928 10499 30027
33771 39481 37873
29640 35861 30771
2697 25945 23540
4883 538 38887
21274 38867 36740
11501 3753 6255
37475 22877 31694
12440 34774 29472
38942 1538 1323
32699 30987 19480
13289 18573 22914
10896 32441 1460
35877 39704 28209
31952 15648 15215
30014 38047 33194
31761 33070 23368
37018 35466 30488
9459 15139 25580
35752 8661 18158
19484 8075 25225
8210 24710 36787
17050 5875 21041
4231 36957 1140
33068 32491 33275
538 24488 23079
3661 62 2976
14070 22112 36270
22258 6446 14296
5026 19474 22535
25264 31190 28116
6665 28767 37129
15846 27030 21654
23952 27808 29585
10022 3479 4468
29482 31231 12469
27520 11528 20115
32875 36802 23953
31770 6586 17259
15065 29166 29214
28172 32164 32598
5290 27949 8473
15711 25473 1277
23686 17702 13614
30179 37898 17331
97 1971 28771
12224 34759 16508
35477 1559 26372
2174 38643 10777
36880 25081 10381
5530 24939 36640
21878 25002 10430
19500 8752 17583
3856 19790 7606
24942 9633 2556
10342 30376 31399
4909 31178 30497
930 11039 2306
14012 6046 18709
1039 2690 21509
31711 32318 29889
24798 6737 6383
7313 23910 16917
26177 35314 18761
38941 10011 3729
6077 25264 23450
15145 8764 7206
5138 30726 9116
17967 36803 13157
27916 37581 28698
15160 12397 4386
27808 34181 3722
16995 17795 26158
4662 7660 24511
32843 1921 21038
10665 33075 35094
32899 13976 3162
16116 30946 14640
3476 33415 8238
13388 1784 27491
35113 5192 23328
12700 13062 23848
15628 5124 21787
33576 8550 11522
29237 32800 35616
34251 29126 21332
14969 5312 35193
28502 12063 12516
37414 22552 7791
19320 38049 37906
3032 32437 15917
23884 25117 19110
22478 5513 2553
4383 18748 6992
22172 13213 2931
38487 35924 11836
31528 30927 28679
34511 28566 8903
11996 33823 22837
23869 2874 7043
34252 16776 27752
19033 17822 26203
39060 32862 13120
29814 5999 29744
2890 29359 37557
7709 29996 10137
32202 22823 19224
12302 22272 14486
16413 22686 28854
24570 29844 10452
23386 31740 33139
23009 17678 34080
6206 23400 26856
21402 9118 33317
852 5961 19914
38459 17365 15060
26721 9304 9768
31648 14362 16263
12361 8427 21971
28946 35215 12552
12677 33105 36530
11511 39961 18771
33645 33312 3092
7272 31166 12268
9645 39370 5707
4417 6079 29542
24030 27032 11033
13898 11985 5244
9843 14380 17413
26017 20860 5780
21644 8094 25422
29735 22759 19592
32643 32914 34217
7149 21857 15183
38010 17642 5360
11799 10231 12457
29293 5220 18039
37243 33367 37985
36265 15630 7334
7281 26457 34571
667 16857 4881
38862 31283 12491
28 31619 15285
26000 15590 15642
7531 11473 3711
7462 32941 31873
15870 36375 280
39019 5506 17426
24606 6611 9812
13546 30007 12684
6888 38846 5750
24854 16386 32879
12982 10289 13558
35323 30451 28418
18376 16187 37429
28577 31729 22389
38310 34429 29571
7263 35781 34028
10980 28657 33715
7187 30070 22117
26411 31471 9559
7822 36239 22397
31300 37202 35165
35596 88 11526
6784 24221 12018
15013 11011 22644
1333 26155 39712
27262 14378 38740
30199 31582 14016
5868 26074 4950
19507 12499 7173
2830 25545 33807
16043 36932 8825
15630 22507 28497
10215 34038 5281
35348 16906 22379
10777 18045 26287
17757 1375 15224
22230 32970 21042
26099 5562 15703
27863 7694 12399
21319 25673 39070
5731 22037 18574
13214 198 25716
31588 10548 32646
33569 31834 31579
27891 15073 18044
28145 30658 32220
