3400000 1000
18081 17086 14714
14039 25134 7188
12629 17825 16207
471 13367 29846
29353 30452 28063
35722 35013 36327
33428 6361 30149
34546 6323 28197
35585 24745 36758
37243 38147 36010
22691 24404 25563
37355 33646 4279
27551 34732 3852
16636 1474 7627
10037 6571 32079
6070 29077 19842
21763 10170 26415
18773 29573 10874
366 37840 38467
8316 5002 7512
5418 35230 18643
12496 15233 14246
22046 2680 16675
20599 34953 37039
4631 15070 10859
27673 8782 4428
32541 35803 27320
17055 39520 5699
6403 12441 33002
32965 12081 19889
6352 27680 16724
35528 20433 14432
8041 11316 1148
34492 25359 17657
25215 36895 25634
29846 2958 16260
26872 13883 26028
39610 20280 24728
38169 21575 20690
5776 8344 34921
28126 3020 23772
28087 4181 38764
1615 23207 29670
34777 36350 32361
14518 15478 9187
31279 20791 117
31824 5456 38179
1798 8630 11138
22230 38825 27216
8709 6598 25444
27695 17951 34656
26961 34146 8770
32383 14991 35521
24073 17419 793
39447 25569 19628
2355 17129 39365
21162 37248 33767
22113 20963 30321
19182 7960 11304
5080 1528 2657
36212 37914 20833
28300 19913 35971
15766 22499 39081
5236 39260 20267
6766 631 19322
29706 3590 8371
1605 130 38991
14971 10438 26523
5707 21504 13449
27487 27136 32999
8645 25279 15215
21174 3427 37651
20270 20967 27181
19199 39716 17119
30420 3249 22945
23864 32094 29510
16152 13242 3114
17356 34426 41
32801 27938 31919
26168 1147 11708
37299 6619 43
10947 10507 19898
33576 36761 8675
31937 29913 13562
2822 4308 12637
12926 4921 4832
37940 7547 19700
28045 1869 2631
8510 34448 27180
34203 6820 36700
35575 34707 1493
7672 1630 35025
13341 20012 37990
19778 1916 9173
37008 33912 18339
27992 24682 22391
5322 39859 6321
33355 3377 37935
4961 32918 21873
7474 5340 24488
445 30896 12147
25478 39099 16770
14739 15501 25209
27855 9998 12273
15565 22310 5445
5214 38670 11374
11248 18047 30056
4085 22602 9372
3552 13348 23323
22622 26981 35540
29347 39790 9935
10553 21408 22716
23543 8764 7293
15004 37617 34279
11927 1034 23274
37498 21676 31566
3483 14170 6306
13434 22951 37289
13874 19089 38167
18673 14895 37506
37039 22841 38583
34641 33069 27578
20021 37591 25437
9771 6287 26912
7196 8761 14579
38386 29159 34131
1977 9069 2783
12961 39925 25614
21019 36628 25245
26573 1898 3736
15953 24871 28324
9767 15307 14006
29099 12023 27044
12027 8067 2963
11391 20094 37387
200 32023 15565
39000 13237 20385
1952 23725 30726
15901 10781 32856
7290 28159 39990
2475 23839 23924
7344 1174 22112
12243 7615 32350
13173 27489 3341
22460 21432 28097
34906 24788 27864
35382 39678 2896
6502 13334 29065
37465 26573 3790
31499 33202 38431
28236 4719 25137
15306 13901 27650
39706 39017 6019
13138 4185 38902
11873 16945 14940
2526 16455 3353
24523 2541 38277
17961 20261 24104
13646 38926 37048
29370 28923 19517
33340 38790 6904
7772 27277 35803
37583 22272 3012
36166 9103 5969
37745 38912 35864
7306 10486 18440
6662 31453 4034
12428 8440 1971
21673 25089 26748
4433 26269 9682
26009 28438 9420
24756 13496 18977
15829 16792 8495
35279 29543 24186
36523 8674 17273
6359 23226 10621
10464 39099 39411
23755 14160 6520
16514 37184 33201
1011 3412 38711
21341 24664 7067
1851 12148 26477
18430 1698 38365
35076 24353 1042
14873 5834 25676
12583 23045 8765
21434 23853 8044
38587 11073 3016
28486 31797 32920
1715 4754 13058
266 16165 25419
17744 7414 13327
7113 22645 33216
18562 18935 31076
4760 5230 15341
15675 7397 35270
38186 39096 845
1023 26927 15756
34724 30134 21882
31560 34478 23153
24542 7988 466
7358 26748 14782
35166 39863 5536
13328 31537 37543
23866 2682 22281
23879 25078 31374
22698 8545 4603
17995 4519 21270
23293 1905 22352
15483 33664 33908
24632 29917 21354
23755 38369 33573
6146 25959 24198
3671 5643 34305
2565 16692 34039
2060 7208 38848
35274 14666 36303
5854 17293 16187
30651 14167 32938
4527 11961 39801
22635 28669 14377
4380 23626 3148
10026 20864 18932
31438 5219 20114
10015 7565 30897
2061 5508 22622
32872 2301 30459
20274 24904 12895
24115 17098 18622
27749 3402 21771
10323 39062 8655
34471 3957 32401
11857 29819 16608
817 2531 29112
22057 23052 28016
6008 6823 24150
32821 1650 62
10276 27039 9097
22217 23178 23809
19646 11043 28261
5745 25670 24403
9844 24192 39671
9042 29089 18901
5020 8249 12702
25958 38823 18764
18219 30546 1606
21469 14835 15261
33230 7646 12566
5192 27604 36999
36802 24204 8539
19552 6394 11443
5159 37483 33273
25108 24368 36594
28271 30633 8626
15400 19754 32014
19617 39359 12112
35416 6010 17669
21065 25808 38453
2043 8057 6667
7703 25973 34987
25831 21091 22951
15113 30692 39728
35729 22983 15196
27222 25353 2784
32 20738 15074
17529 10673 27113
20022 16225 10456
18138 9365 28090
4770 27819 33034
27313 5948 38357
27014 36072 5735
5212 14508 30326
15831 21926 23096
22724 38894 2414
16013 22936 3536
11344 17433 32878
14114 18372 39463
3138 16292 37032
36736 10411 32617
24693 32063 4129
34607 35924 27248
29151 32223 13897
39844 1507 17122
3213 28564 2451
2333 34106 2224
36730 8907 19616
19843 2287 35766
38773 34564 7126
21458 38056 20795
6720 25590 17046
36877 38126 9848
35158 2343 18099
26979 9007 33027
15863 30807 39593
10778 14871 31742
17408 29670 10154
29030 8437 28690
31647 36416 16384
13953 5570 37172
21536 22776 37149
39583 32274 36777
15355 23658 6368
21533 37960 3656
8976 39613 1620
26956 24254 38524
17910 27364 6020
15844 9101 32630
25045 25020 4578
27029 14697 13460
17705 4448 13906
28397 19111 11383
3950 31495 1709
12379 2293 327
37954 8289 2034
5189 32159 4051
1743 37936 6675
5667 4489 21534
34183 8333 9602
15924 26652 7816
12853 3951 38768
33576 6852 9740
12608 39123 37869
23514 1639 17821
9243 13402 38725
5379 7001 1808
38331 8769 3745
11753 22162 37072
19858 32200 15291
10944 18945 37295
49 3885 16934
35526 16762 28641
19639 21067 31565
30918 8275 20247
24270 21638 33492
26121 7157 11201
8775 23441 12556
18986 10040 14363
25943 1023 23462
30933 17293 15651
36501 27615 30469
37273 11459 28814
2988 17247 23218
26717 17203 34597
15268 16945 16581
3816 997 18952
5302 1840 19522
30397 2871 31842
20119 35386 33349
5762 26566 10490
38179 38217 11844
16761 26236 28127
9357 16955 3306
25142 16696 35766
17428 22914 37797
29598 34929 32664
8722 17803 24300
17634 25485 2632
13344 7869 39044
9850 32642 39919
37112 33259 32798
37448 13712 22322
24250 14292 11082
34817 17623 30650
5324 34187 37589
39732 36889 13840
18230 4459 36575
8198 26875 5870
33964 5669 10794
20175 10433 27855
2673 8794 17599
4763 38372 32819
5502 38909 35427
5323 22205 787
23895 24126 3827
20110 6043 5452
14468 19387 13815
14451 14607 24301
23879 12709 35108
7305 30586 19563
5459 9070 3830
17046 29471 18879
38041 26269 14098
654 2395 13144
20266 20134 8463
26968 35697 14837
18504 39777 27946
19668 23448 17541
19879 2037 32244
7838 31160 15976
10611 37543 2494
5642 181 25143
25949 12810 28193
15388 4815 32921
36678 11728 34582
12014 13603 34010
15946 20467 28162
36292 22160 20367
32702 25972 21291
14097 1446 3882
5804 2613 18810
19861 21125 35607
2194 39506 38652
15665 1950 18178
15227 4498 15432
15174 8004 38046
2358 31834 29953
7996 18091 16395
6137 7072 20493
25494 26911 32821
14081 26655 26629
27814 12530 21451
28590 9993 17009
21818 30784 37736
12791 25444 13208
27246 35909 12111
22584 30763 27884
38570 30235 964
4969 22217 29097
4410 6696 6910
30086 27669 18729
12880 14853 7084
16960 10139 18683
12308 17398 37572
16942 4195 19854
26646 17515 5279
18402 7550 1782
34696 34538 1503
38364 36863 8734
25235 6693 6994
14260 32448 5350
30437 25859 13458
4530 12222 2568
39066 30384 13612
12997 14595 16648
2325 38663 10668
37176 4315 10689
26599 16451 29099
25364 10638 15880
35170 31664 35772
8368 36571 25876
17391 23105 15321
28849 3960 7248
32654 36205 2332
8147 16198 12803
39051 12756 16691
22855 14522 4226
26901 4615 7391
27490 1413 24973
31945 25634 33823
14338 35353 34830
38026 26093 33952
10460 33766 6168
11735 13473 36560
18515 28533 5415
14740 38994 39665
19926 3376 241
23444 1742 641
3096 4921 17687
31565 30586 25637
18480 12460 4663
26429 2180 32659
34210 35816 5434
18750 26908 21186
17771 37370 36767
6585 8047 33356
14039 27400 1616
26753 34474 31502
12384 12179 24921
25994 25639 16053
2110 2357 26996
25852 27445 3068
1684 23018 19096
13977 10017 3991
37474 39181 34993
23678 5877 18492
24624 27425 8054
25381 13512 602
19286 8316 16828
16064 39852 11429
38036 39218 14974
35215 9715 29635
39711 17259 27844
5826 8434 13256
2003 16100 6092
18637 24120 18192
33912 38994 7470
10247 35796 16027
20865 30127 21848
18865 23654 29370
37879 31135 2148
2551 8349 20678
752 38005 8345
2397 22232 16591
39765 31049 3925
7065 17664 15061
28483 36454 10252
7566 11628 30131
21331 7486 15104
5491 7892 31299
23585 30263 25244
11978 16667 31993
23296 13549 15345
31814 4551 19815
21970 16775 33380
13104 23467 34410
39136 33978 5398
25522 12950 134
24431 19479 17624
931 7879 3546
39600 8772 17074
29610 30848 31229
13692 34220 7371
12570 6200 17003
2252 22492 9400
23580 30532 22481
10968 30604 31570
38479 10549 4200
33210 9356 29372
39721 33928 8093
8156 32026 22413
5513 38941 39239
21320 905 22730
5508 7265 36447
8586 11415 2510
1680 11917 27715
19032 32704 23010
2033 34488 36840
35173 30525 35291
35574 17044 38363
12549 38721 29315
29093 33809 16230
9062 35138 30102
15941 20300 38644
26022 17810 19755
14781 112 39896
26518 12015 29573
35984 2955 20879
33400 6618 5416
25381 6494 26454
37566 9059 20724
10978 21182 23728
37344 4080 34704
39055 2512 27842
34371 6065 21119
38533 8991 34387
32406 15879 23701
30741 23087 37527
11352 24665 25012
26104 1797 1492
29734 32577 7357
38388 17402 31892
3027 5806 413
34809 673 20451
14681 32982 8885
6446 32527 1101
21993 24717 23140
5106 1488 26089
12473 15719 25996
5187 7378 2135
37053 39485 11608
907 15636 24707
27705 15084 15941
29844 37421 25814
25691 26033 8596
8276 10405 14816
11643 23230 1294
35613 17598 37548
9739 29022 4423
22870 2669 8641
22324 23626 14230
25685 3991 20552
39752 14658 34199
6909 36313 17622
10995 26778 17539
5996 21031 30545
13079 8955 16551
2988 35602 5240
12744 34762 24584
13673 37502 4790
125 27016 17408
38629 28563 27920
39368 10060 7517
19046 25014 24348
17617 1511 27924
31707 17948 38666
19381 8672 208
37298 6390 20011
1529 5203 15014
24222 11277 27006
3842 22556 2241
13386 18265 18877
13240 14817 25102
38763 6614 13540
35004 34012 38835
8700 36660 2412
35436 11966 9633
39574 467 10554
12877 27086 26950
39649 24060 9215
29981 1104 7222
4060 29693 21181
36835 26213 1674
24061 16846 31544
19129 15215 34700
39377 39427 4233
28598 30688 9653
1405 27601 38726
33572 31175 16463
21611 4990 5590
7790 10686 17148
724 13823 3274
39732 9236 39169
17202 6347 1431
5484 20361 3144
12987 34185 3472
31747 34945 17406
6541 12860 6649
16872 1668 16008
10060 32353 34581
20453 36134 3233
26417 35375 33470
13824 29178 35628
28931 19929 37047
27009 30564 14155
4593 34056 35644
9241 36396 20025
39513 36593 36037
4677 35688 11786
16549 23361 24894
6566 6751 1471
34245 23415 9324
35193 26177 10270
15232 7719 4414
23758 28040 6256
33496 17871 27331
32956 19303 9695
7226 29608 37509
38770 8733 2067
16508 7130 2236
3797 38417 34691
16926 32784 18471
24533 6850 23454
274 27964 27568
36842 22201 18884
38138 38107 18407
2269 38612 12842
1518 24638 20749
13588 13752 16806
12969 28139 1899
5566 30045 22600
38200 26907 15527
6811 4481 28191
28551 16483 27813
33151 6429 22200
35625 22879 33248
3974 34372 26841
18232 21076 20231
18908 38714 18754
10727 23025 35326
10770 5416 2841
36573 34204 23784
8531 12172 23653
582 9466 12880
17931 26605 29578
33629 33367 24192
11715 15055 7157
7908 34470 38212
17791 15844 24540
9428 25397 21701
17590 2414 27209
35880 37775 11088
28951 8021 23182
26658 12658 33513
27208 31344 10458
37791 18178 24194
32137 25908 37332
33498 30956 6522
32872 17674 6895
5307 32674 29167
28209 22856 3994
1421 29463 3037
27460 32137 38268
22002 20529 35837
11846 37281 36654
6331 12244 11566
38538 31202 11347
28152 37430 6550
20848 2299 29508
6303 19496 15679
38674 4640 27387
24353 1024 6641
13886 32700 16284
604 27280 39860
30303 22001 21733
8735 6033 15494
38142 13584 12103
18575 5305 29760
3085 20181 4868
36955 7454 7638
29805 13477 29328
23738 13525 34887
29133 10157 31428
16698 39227 32797
34902 23375 893
39058 4178 15128
24531 613 38363
1270 16349 10590
26239 12480 31165
10094 37933 6925
11225 32709 14403
26079 36095 23569
4614 12460 27748
36757 13163 30410
24517 11873 12306
13750 18799 1971
12114 28545 16153
33962 47 6359
37039 32995 10600
36461 21866 14578
20845 28166 18970
20671 31278 26211
35973 28666 33167
4997 23466 21116
29048 7008 34078
39292 39816 34142
36184 21290 9705
12300 30344 7403
30014 21797 13217
34610 15033 12281
13880 27384 12298
20986 22724 26391
5874 15907 27333
6473 39926 838
29058 23799 38446
35632 19818 961
16636 13818 19420
24586 12442 34095
29442 31548 22157
22165 14872 14879
36662 4314 37259
21585 33671 19997
572 38435 5971
597 18915 38416
23229 34594 26193
475 15634 14382
4878 37060 23603
10496 31136 39334
19563 34909 38317
39664 29663 19419
33336 12030 28579
18051 22151 6291
3305 2210 9573
13173 16276 2796
12035 6501 14955
24526 38970 37114
36137 79 20844
21017 9712 17825
35016 39059 29918
10058 34476 21531
120 12138 13412
28130 1412 38504
3472 7057 28979
36861 10596 12131
31034 38749 19466
31836 10241 36349
7394 7593 18164
10949 22505 11349
9784 5524 23287
25510 17592 38698
22242 3794 33565
17271 128 33
21980 3645 6858
24544 681 36772
17565 6143 17161
10778 15770 21384
29317 38564 39084
9980 2874 17030
31401 3596 16846
24907 12370 1265
9085 9138 18229
13224 18001 39157
25330 5581 32496
32567 23258 22419
39951 13321 7667
4766 9988 24600
15256 35709 5818
22199 24573 17927
2686 12549 20561
11345 18358 1403
33916 18505 14704
32596 39111 37170
16920 22809 25243
28412 17796 3144
28450 31615 2090
34848 3274 26964
32241 29644 15848
5072 21668 19626
23417 27102 13699
3318 24259 184
25396 39767 15898
30914 21655 7366
26110 10563 1591
13527 7074 26944
11355 39014 22151
11127 2237 19487
31175 26101 32914
7849 12462 30036
8584 33072 35779
5909 3470 36109
10980 27094 7436
30869 37199 10672
34036 5883 11773
11183 8048 2658
13736 16686 12859
18756 24750 32463
16204 16952 35406
5397 16684 38179
21710 15838 21545
18557 24959 32063
12067 23039 13977
10878 31043 22118
32256 25190 25356
26791 23592 5003
13449 37807 14100
2139 10086 8981
13625 38748 14235
22879 27266 22151
33091 4334 34349
36929 651 16007
34322 18866 39301
18878 6916 31812
9564 38529 25680
15162 3490 17214
15202 32490 33478
22834 27591 27417
25057 25040 13454
305 27631 16714
10823 37025 14618
14398 33517 20561
10482 21952 31520
38401 19834 9600
37130 18557 27676
27288 5860 12351
2748 27189 25361
39585 26281 18783
3496 11068 35440
28326 6095 19363
17483 1195 3842
26549 34423 23688
35315 547 18659
26653 18188 8895
9860 8568 34768
15228 7877 9568
19487 29640 20956
12670 4632 33283
28536 27177 14617
15962 21974 396
12705 38533 32627
32694 37719 35417
20252 35070 13412
39242 32033 22865
30459 37121 14504
9370 10616 10326
17245 21132 36134
16234 135 28687
29723 34596 36150
23300 23742 16070
14809 31799 6249
22059 35116 24096
38377 33631 18958
598 2210 10523
22896 29969 30352
26843 19370 20762
13352 25822 17895
31121 15389 1594
35841 23899 21886
3417 11560 35750
4604 36564 4091
36762 18122 13546
25849 29341 38877
22621 33553 20611
33235 11113 16469
38801 4463 25953
15629 12844 2754
29865 21480 20579
24039 20746 8205
28950 9445 18869
35792 28417 28215
8919 16641 39081
24231 26453 30430
2401 29334 22565
28968 29689 24665
25480 12051 15492
22590 36008 29270
39941 38700 29641
25507 28214 3240
6575 1649 7988
36148 13453 23476
10634 1938 10277
17006 21976 25190
25665 32479 34271
14905 14092 19544
27244 23962 33677
18158 33311 16350
36801 12937 27415
37065 17045 4508
35901 36549 30781
4527 31273 31759
20916 22488 22580
6769 28752 25416
10907 4201 14529
10817 20748 16617
1318 16165 9553
29176 1931 26858
12566 23158 22403
14634 26008 8700
28959 25047 36012
9698 13576 4748
5546 30362 35902
29374 6964 36281
173 20113 25894
13526 38377 25863
22812 14731 21831
36755 21018 14297
10647 36556 35804
19368 37761 27261
21179 21547 13051
4505 3897 4066
3940 34252 19945
1849 34752 364
17726 32014 10897
38478 37742 29584
20814 24501 24962
16706 19906 27494
26749 9503 10564
3031 23782 18776
15823 35013 17140
27833 33725 8293
8534 30953 4965
27826 24284 12880
33613 28965 24197
15123 26510 643
33637 12986 18371
14160 15347 13363
23021 3745 35437
32880 25511 35407
1320 3819 36992
35079 17656 10633
39930 1791 10231
4956 20574 12547
6518 1027 31098
13741 34046 34477
26617 26483 6785
31802 38749 39003
23842 37634 36187
32521 3422 22446
19666 33081 29333
2244 14634 9031
19897 39169 23941
9771 18 7327
165 6019 7979
2038 32026 9033
26269 18175 3750
16868 22581 7859
4719 23450 20036
2450 14047 34786
4 37759 25884
3799 35810 14600
24671 36681 17645
28996 11187 10542
37145 2901 37324
38070 19695 33933
28546 33148 2965
34349 26472 33816
38005 31817 19853
39697 23757 30407
9039 32816 19475
18310 14998 37424
387 18139 6772
39761 28486 29046
1047 37579 13568
7011 15529 26656
14583 30573 33029
21258 7387 4445
21205 13972 19318
32096 1676 2565
6449 27974 30013
24694 3328 7719
33366 18949 26795
10592 4093 31586
17658 9915 7750
23175 36669 7852
9806 17220 24373
39352 28471 17656
21026 25777 14592
15452 38378 19868
5695 17401 19555
5939 4222 9402
32957 22149 23280
26268 23503 17659
