3350000 1000
19682 3090 36211
27409 13320 13441
5857 36490 14551
37304 39250 6975
26667 34692 7853
37126 27906 27561
11269 26384 8784
36614 34484 13081
7919 551 31392
38475 22964 20839
3167 39600 12253
14528 2935 36946
39206 23665 28542
16690 10874 22538
36768 4705 18759
28183 27199 22205
21226 679 6773
27979 3018 23480
35764 8110 38081
2176 17551 24450
9332 14106 25682
5464 38339 14028
14603 19214 16924
37745 17900 18633
24106 10439 10248
11922 24683 3351
13499 21450 26528
7485 18983 12747
2333 39571 39832
25693 10560 34878
24265 37842 3966
35348 128 18687
15193 14377 16788
15767 10414 24629
34063 27941 15786
17763 8494 7077
29981 5752 37573
30720 32935 19806
15039 39779 4558
33997 1732 13179
25266 1045 8691
13647 19607 2186
29326 35449 28514
14924 18933 13570
31455 16945 14987
30937 1087 8018
10549 25712 7903
19823 20481 10612
8195 895 5283
423 19361 32921
12634 8475 2906
38200 9393 39308
8964 2286 32865
1499 26786 13224
3027 24291 4149
31834 19332 38394
5995 34567 37826
15622 38518 31534
30803 37305 5880
5972 33268 938
36122 35499 38463
20497 29116 36060
33958 31071 12358
5238 30491 10360
20317 22834 12178
2190 19058 3042
38046 29275 19252
28918 1720 35322
11046 17707 7711
9059 29963 36433
16601 3969 32637
35767 14359 6322
22493 757 11126
13595 13988 15765
5858 26212 28696
6494 4693 26327
18971 37055 14461
36433 11805 27221
32060 21154 11506
32985 26377 6279
9663 105 35123
15937 38797 13809
7750 6353 35391
26166 18310 17363
19936 6207 19864
29492 31190 19104
15361 37714 25268
18468 36741 32430
16427 23702 6449
10512 6431 5228
29173 32760 33560
32465 745 9468
1103 12749 6448
1603 31465 21460
20922 37596 4928
35752 28003 25404
32732 18795 13049
786 35904 33989
15195 11785 20257
22318 29628 20890
11762 10328 22855
3210 28442 7548
29213 28359 25927
21504 33465 1819
19612 13058 32629
11 11526 25412
20005 35150 27436
15092 11041 19821
16708 14870 4641
33204 26691 35472
33601 6930 23340
26514 25187 35474
13770 9696 819
5558 16185 34173
6854 15597 6430
21045 1884 17138
20086 28807 12548
8193 8652 30574
990 25077 15237
1483 33532 259
17365 37041 33314
7885 25300 22412
4717 25636 37355
9710 37520 32861
25000 24376 20857
7822 3314 29857
21138 26086 21974
20454 37091 11942
25599 17870 26772
17664 644 11865
25296 23818 7132
15429 8646 2015
29101 4732 10121
25811 24769 36317
12759 30928 39129
30693 33847 849
30172 38970 29755
7803 27176 27156
24293 11411 10186
26504 23846 18464
15176 37810 15618
24670 39259 17279
8975 38812 26938
14293 38108 21171
19025 28383 39341
27235 6673 4344
24869 35723 2976
22451 21373 27653
6129 6085 18160
2652 39471 34128
9465 37802 851
4940 18292 1555
790 32852 26081
19928 15680 30603
10888 728 21278
22441 4726 5417
10897 15269 18853
8079 36035 8385
24825 24919 13109
22189 24999 27219
19252 23961 1904
36338 39531 31258
1483 8571 39889
17720 5985 37926
15171 28562 8562
38167 29100 31918
15189 27960 19296
16801 16668 15026
35400 23639 11542
34439 18552 34176
21038 9359 14237
3095 7024 23052
9938 2384 18092
37868 39825 3294
28979 18332 33542
9118 7422 37252
6719 14371 36463
32034 22272 8735
30319 2118 19700
23914 34614 37160
2813 27122 31465
19745 2860 23232
10205 9996 14540
37987 6521 33594
11289 23675 25082
3020 1358 14755
7761 25649 19996
14076 14311 22333
16246 35347 4736
34018 15753 34542
21501 24717 27914
11768 15163 5599
9767 36870 31834
27654 12447 13125
7320 33016 35821
18626 6747 17036
20064 17174 16653
29557 5254 28972
9569 2587 38278
18161 8373 28887
23501 25750 2192
27403 14497 32325
10058 34525 15505
6878 17483 846
36621 3500 32107
2298 14866 36521
633 38510 30077
15210 23895 27681
19201 9320 2307
38545 34036 1901
12272 25660 2884
24088 12754 10743
31238 37324 36985
12141 18479 4219
16917 23352 2651
7370 17432 21589
10059 9762 38393
32007 4268 26707
25620 24267 10002
31652 8686 37875
6468 13307 3223
2210 13680 38309
37992 8163 31231
20739 27564 29670
34243 39058 5083
23895 25485 16917
9025 15452 14428
15585 32062 12268
26480 28997 26598
8647 7548 37140
23177 28693 34169
27728 23756 22751
10135 14132 18550
16868 20942 33437
19911 25433 6803
29079 39362 1921
29479 38976 31116
36260 5769 14875
24813 25839 8012
22260 2803 33960
24067 17963 33589
2443 17752 32222
693 5318 24764
7095 28063 27918
25208 14095 7406
3484 10211 3069
33134 29192 1004
10624 26140 16704
31063 21764 17129
6885 31173 37844
13725 11330 35691
33629 3225 18921
30373 7259 24181
36588 32483 13475
9351 30453 4673
3019 11525 6147
16629 23481 18434
24833 32482 9671
21140 24197 9289
34896 37527 8994
21599 25946 5770
34282 23417 6112
2198 39299 36387
5050 33391 34084
18513 8235 33236
37421 13037 15559
11504 3809 9167
35199 24931 12545
38155 21770 22938
9925 16227 21234
35994 9273 3997
30009 38109 36723
4208 32230 467
21421 24984 29999
32841 28419 35529
37508 3815 1802
34048 36534 7123
18506 28596 33282
7988 23962 24939
35134 19985 30743
25898 21663 25495
30336 32197 484
39737 39281 30548
24035 24498 26490
6406 15918 24422
14812 35663 27170
6374 8799 18173
26956 14674 4755
15657 18679 345
673 13000 4694
25565 23820 28449
39946 2673 12810
18841 8017 21572
12985 5546 8077
19415 31936 34354
5228 26282 28163
37159 38648 10677
2306 17257 4605
32402 37007 19952
11154 36408 7658
24356 23750 31457
10490 11980 6185
18381 9258 6814
19636 1632 25758
26485 11029 23719
13649 21536 35867
29432 20237 342
22715 27959 5445
13448 27709 30069
21522 29967 17478
20274 5512 30277
26946 24707 38389
19055 29165 20111
34166 27479 8959
32563 35317 27705
18674 38662 36290
10707 23025 12022
397 34719 38623
12369 24446 27869
16128 13408 38513
38729 34952 39086
14097 39277 38974
2150 14544 12559
24973 26138 17088
7946 25767 22240
30417 13562 19350
17495 2151 31569
13857 36743 3735
24455 14871 8806
13887 39918 6587
39991 16127 36003
28428 38221 5784
13088 27183 750
7711 8943 5435
16978 26461 7033
39457 27531 11206
16253 22774 7486
22420 16668 799
6031 17600 3088
26264 30619 23517
15485 9057 15519
27153 3424 773
10998 4720 32420
12744 12991 19767
20819 19180 9501
32929 27433 7520
3031 23337 11013
6726 19104 29021
26937 9631 12978
11612 12160 18006
9235 35500 32975
28005 19514 26874
28996 18728 4683
21231 35963 25724
30781 4587 16128
17939 19164 16032
14814 34136 12138
13070 32534 17465
11617 8726 27051
22486 26516 35262
25434 17028 4595
26752 5544 37629
26157 9999 28051
15848 15600 28455
9322 27777 18060
14223 13816 37349
8693 21358 22172
37437 27431 30599
34164 23428 13156
30675 28664 33846
8665 11834 22435
34007 25503 38317
10315 27357 34525
4962 1682 5307
31498 39661 19893
13322 11920 28792
3394 26646 12044
30111 23014 8771
37170 32618 39268
6171 15310 26984
12514 39605 9573
6948 33117 1666
23738 36871 35453
34039 22892 7434
7300 37074 2876
35093 28831 9164
39725 11897 15583
29082 12100 33735
27905 24159 39343
4043 13609 26609
24066 21352 11118
13702 25692 30033
11726 36475 21608
12450 39874 37248
7167 23897 26541
26852 1707 3955
3694 1785 26503
38951 38613 33252
11906 26361 17137
15171 39810 13437
26119 4731 34341
30761 35872 6877
6562 22997 9210
5812 5966 17489
34334 37485 28795
32547 10705 31139
25467 14171 4388
39431 9282 10901
12902 18665 23145
38667 16762 8229
36367 23956 7171
9196 4506 36925
33787 302 28379
32771 18339 25697
28496 16426 13269
4785 21250 3452
34613 1348 32079
29985 35334 7272
39938 856 38681
10332 8286 35088
38048 21560 3130
34469 31584 9465
34502 38266 12165
12269 12523 18351
11983 9527 21393
11327 13674 17664
24250 14137 2332
38523 31243 8281
19992 21010 27563
33539 18351 36914
30788 34203 18406
1520 28263 27011
20898 36054 9356
36914 22208 21518
21815 34413 25025
9130 1333 3493
10019 17742 29382
2670 36043 10875
10197 11799 39709
24504 4066 2922
17198 32223 13568
34241 7633 1985
15546 4419 21326
28727 35473 37178
15857 19974 21729
9426 3902 17774
25057 16497 30786
5647 24137 5229
5828 6393 3150
33774 36955 9486
20105 11874 26137
14870 14582 5526
39269 3103 11991
16184 24614 20111
4088 26470 12507
20360 1102 34930
38024 12790 13241
9781 34699 38136
34793 9292 18829
13672 13404 17716
852 10121 38725
2686 31988 15052
8905 22510 25381
9471 19426 30710
4592 10899 23846
25674 4484 22280
23330 20128 27877
16375 2464 17350
37636 11899 25928
36959 5929 5245
39011 28603 28045
25179 12282 9618
6020 10165 9693
8157 27415 9555
39296 17810 2032
34934 31487 27514
15918 24122 18818
3184 36889 32612
18043 6072 28399
30350 38540 14585
34845 30764 9478
4633 33289 31418
7757 25971 14604
11332 22935 39799
23165 39953 8723
1119 10728 32365
17062 33546 9566
18834 24272 27831
39846 13362 11437
35423 36945 22628
3288 10798 33579
29160 22250 9440
33358 921 17248
34933 30032 13358
24730 34640 6300
16300 24384 626
2718 18092 5503
29837 8792 28228
32433 36552 6162
2261 3931 27790
34990 18289 6672
17299 22169 25255
35634 28645 18910
16940 38744 18730
30613 871 34124
18492 3640 7256
35755 7262 2005
3686 12719 6937
34784 4933 4874
5687 23200 9473
14888 3867 14730
19625 3287 39675
23723 26970 3523
30396 3454 8167
9242 4137 19165
21666 1294 14159
14164 38794 29817
3703 21202 25553
8858 31232 18937
38152 19005 20505
23508 35369 36281
37657 30760 9793
10195 33019 7523
1720 22784 17529
1906 17982 30024
13571 18094 32596
5766 29404 14966
17908 30668 20882
13720 28446 1635
18584 17768 8961
36272 32321 10483
32258 35442 36571
38222 23851 23591
20134 9543 26099
31502 27376 33533
37542 26056 12686
4620 34417 26328
17401 30560 12044
37769 15426 9003
7812 21423 32307
21105 18596 26309
28292 22272 33279
438 1143 10622
28445 17719 21840
5018 34624 36369
3188 29220 28305
6716 36125 26233
19180 6503 23928
32919 18885 26389
22684 37903 11253
26273 28838 37400
22501 32418 35957
26943 37461 6377
11711 35644 28042
7847 28110 5729
32850 21740 16859
13804 32181 4170
11653 23611 32122
37144 30702 6623
11858 32210 39731
15560 27877 10590
29381 26912 1016
7465 2345 39541
18296 29872 18248
3342 5222 24539
14003 36638 3998
9731 35960 32854
5573 2260 38809
33749 31502 12686
25455 37435 10602
36262 20443 7131
20298 1033 30436
6479 12306 38400
24050 35813 4955
6190 15398 39606
18469 2935 3732
6295 29016 31035
34782 23593 21045
12096 9582 20556
15646 8302 30031
6128 34302 32115
15017 3851 22870
5127 34647 13095
29093 13897 30247
15123 39603 19976
35245 4857 24827
1567 23044 2000
12979 35832 35234
33896 36537 10865
3607 2018 16987
28827 13346 11010
18243 20831 21552
12765 37054 39803
24178 31788 28583
7914 16538 20035
29236 36898 23409
28699 2076 34295
23512 24267 32100
17309 33497 29078
35845 1930 3497
26589 3452 13050
2364 24885 38766
6284 11269 27731
7477 14538 21833
36900 33483 26374
799 21434 15506
27103 12870 864
6461 17187 4194
33358 28959 13390
1941 13944 23950
7217 35766 6273
28595 20846 8881
8013 35761 27296
14715 8691 35248
3479 39984 34002
9733 29761 13642
3963 18944 29476
3008 25419 6417
4999 6969 31324
4695 30257 27883
37330 775 20873
17173 24336 8949
10140 16085 33613
36546 8381 25382
25729 13731 33927
22778 4281 21001
27902 32624 37002
3058 29588 30834
16546 30092 8007
3822 12602 10241
14887 21935 6375
26275 26166 33943
26896 23094 7528
21051 14906 26196
21769 667 36927
10625 20286 7101
13214 21516 32547
5540 18667 12830
25748 31090 39591
26850 7495 28759
37418 9233 342
39669 30461 16664
6363 24786 29252
15913 7093 5945
11864 28443 8167
109 5619 21695
21534 3979 28996
3904 23891 39355
30883 29430 10503
5010 37215 28231
38891 5192 13618
23482 16418 31121
33238 17370 11550
27482 15152 21059
22759 34337 5035
18444 35962 35697
18592 5264 18766
7929 17969 36315
14898 16456 53
35694 31186 35944
35405 22768 29912
18068 30485 19185
31278 3478 17847
7131 30370 194
23513 10359 3427
36233 9078 35161
22824 22970 27338
15658 23536 6747
743 39952 20516
27360 8933 1468
2264 28358 32695
32143 11888 30543
4632 35817 32927
18906 36579 29776
37707 13790 15362
25082 39757 19971
2431 13048 17620
7837 26742 21055
8041 10053 10731
34131 33740 23446
37752 10642 382
24513 2079 6618
5976 19854 26942
22936 39897 5680
6560 2670 39997
11459 4591 25088
37512 12964 328
20380 31906 7021
16679 16643 20700
27467 13377 19864
8464 13566 49
2532 31207 877
5194 5444 24437
30564 10635 36016
33534 29739 688
23528 16476 22980
1637 5244 2424
10944 16661 6201
17270 22206 4705
22187 39917 10945
33325 18260 12691
33261 22356 487
28024 38686 30011
193 26793 25125
29571 27621 5045
37792 24600 12274
29004 22773 35559
33380 38914 16171
20140 1091 28595
6181 24489 22187
2305 4987 38514
34745 14073 17846
15077 20239 20372
6824 24568 35781
23769 33702 4843
19244 18592 20964
3484 3968 16881
2475 25401 35497
29514 18745 26576
11950 2239 24437
2498 12215 34620
28173 39638 7165
3110 30126 36137
32784 3488 8031
32323 39940 1642
3067 27142 10361
7395 31625 14912
23942 239 14585
13599 4418 17075
4861 7236 7086
7421 30530 432
20674 27329 35402
987 21587 35838
24424 419 39709
6848 13783 3553
19315 23294 17462
23768 13696 22243
2660 583 25081
26666 16180 15838
24609 38754 10189
20621 17080 28881
15137 22391 36609
33781 33224 21125
10095 3366 23608
3863 39403 12695
11555 13782 2372
29819 4077 39525
23924 34756 30857
4086 36235 9926
14511 36729 15163
37242 14652 36654
24063 30047 12518
30364 7528 29243
39513 34266 21701
896 25139 15114
11246 11785 39001
2022 8813 18819
39540 18738 21770
25897 22732 11217
34674 24743 34559
14644 23427 16480
5981 24301 10550
27467 22435 29986
23402 22584 3539
3100 26313 1713
10924 14527 1497
21819 21323 39572
5793 25020 10078
37378 20597 36406
26240 10908 11553
13681 39287 26835
25838 5559 33734
37132 18452 31161
430 4621 17724
26319 28488 32336
4399 28893 13624
31674 5409 35921
15695 34981 14420
8520 3647 32794
2987 11664 4923
36826 33996 37256
31979 38299 24944
5348 35721 2192
22090 10829 25435
32417 18513 26341
27213 24762 31596
17384 32042 4799
9145 17326 22391
2397 28346 21709
19372 19900 37917
19291 7120 36881
27623 16273 2096
34575 31740 23179
7739 8701 7885
683 1021 29923
18270 31902 14902
35998 1715 2998
6742 22291 17111
2359 24856 9600
28168 173 30712
19438 11586 14010
39378 36099 13798
28206 5913 25588
6087 3087 14640
9111 6162 33784
17768 34902 8215
30813 5911 11903
31992 1644 33809
22585 24492 16911
21894 34962 18865
39566 27832 10931
4364 18770 33047
245 1790 26756
14458 7884 16901
25876 10236 9185
24203 18646 20209
3134 17135 39238
31172 24675 19439
1004 16942 14197
4271 2971 23381
16790 17512 23763
6399 5008 4912
2310 31537 29034
37665 6392 5160
16157 25961 19327
33139 33953 36846
5354 32875 17120
38044 24254 14225
11468 39436 9755
30530 34188 24978
9598 30809 33361
34979 37088 11937
5831 15969 2043
16181 21032 9733
15468 9975 20458
25960 3636 11305
22681 20206 8408
3883 15935 28495
18985 37009 30079
19075 30046 19168
1345 37386 26653
10406 39111 15189
11480 6963 12894
10004 19732 21815
28273 28957 36101
3577 18104 16758
14294 26290 27149
6463 11908 196
2527 17087 30506
27930 6079 20041
25751 861 16856
6538 17563 3919
11388 19314 30561
33672 3865 189
20726 139 24202
6045 10984 17093
3978 34118 11145
673 11523 7317
11475 31370 12164
21598 16805 10494
18898 10705 17644
3148 10645 7
16605 20906 13363
36463 32158 17653
36794 26640 25860
12677 26871 39610
38583 33772 37412
16525 32050 37900
39165 16741 16615
6866 5619 609
38271 32467 28538
4239 17983 1025
6013 25013 3462
10697 13041 14014
435 16205 35143
32576 27043 37049
20987 33958 9880
4676 23818 19071
16501 21765 39296
2273 9829 27119
14319 24187 19996
11947 28284 13111
15542 31313 6419
32840 20411 33858
14778 27157 14852
13092 26755 4801
31863 30139 24156
37015 2669 13601
11008 14607 33717
28194 4240 22911
4402 8438 28476
37921 1439 27611
23707 24189 14771
14479 5979 2931
12320 37095 5010
24295 32117 5199
243 33289 29987
19039 32092 4095
924 20245 25803
5490 9879 14901
28273 15666 22576
15994 39071 35079
18669 5879 23069
8469 5276 7375
14810 23339 3735
16717 21437 35432
23338 17505 18841
31306 12235 34424
20736 9236 33607
7095 14382 9883
8894 39699 17062
17646 23237 10639
19035 18592 19369
8595 24836 9396
19 14246 8082
35 17031 7304
7358 36428 22278
35375 9915 32889
13332 9820 1803
24137 13012 2776
28334 20544 34063
7632 13301 38695
11859 2186 180
3873 14200 33987
9429 37004 3838
32423 31817 24336
3986 11756 14874
21639 37871 3276
30173 20041 29090
21533 4419 24659
3622 21838 1870
5331 23405 19456
36576 31442 19968
12734 20270 14974
13501 18139 37140
7699 39744 27111
10499 9190 23837
3725 533 26894
16073 9996 28289
32559 920 3536
26538 13988 15776
33709 36370 22088
23997 27063 22955
9889 26862 31872
27598 5354 29533
7983 37573 28092
11068 24505 27778
34520 31243 16959
13491 11923 29622
20292 28653 4063
34778 35721 25157
2545 37160 29959
17982 22548 10786
6729 2588 29322
5315 14755 30295
4698 9467 3858
32427 22715 35864
3186 10892 34139
30592 8790 5175
27596 15259 7495
1700 7948 36493
16284 29016 6319
161 7923 11734
21419 22785 32009
38773 9088 26018
35708 28557 26562
8508 31706 17227
18500 20791 20069
26277 20771 3873
10534 31463 6252
22492 18090 17131
363 18005 31005
17382 20049 12334
9090 24927 12737
23614 35277 5052
23991 38702 4573
31605 31381 6468
26713 10857 34892
38204 32870 4431
34531 34066 1218
10949 22247 2653
33600 11012 20399
12565 23136 15925
19915 10037 15626
12572 29641 6716
3495 36466 5987
10125 22365 3090
39240 18934 4837
29449 5317 19085
19018 3152 14928
31158 28096 24789
30193 25730 18910
39413 32846 17330
36409 13127 24593
17049 39775 4818
23992 35871 26413
29790 16120 33314
34125 18408 39887
26614 12944 28207
38885 9165 1892
