3400000 1000
12934 20821 32593
38977 28304 2083
12956 11672 4360
9700 2125 11038
30727 31165 35596
5687 13879 9616
26491 16508 25487
7414 36419 30591
32041 30284 15546
13292 20545 12197
26158 21898 652
13725 23697 14945
29299 34445 36353
13238 19498 19802
30898 30386 7153
36072 3642 18209
20263 27436 23288
36438 29254 24992
31330 36779 13951
38735 19370 26405
19507 21072 34765
26615 8843 35087
27896 17821 24820
32326 24471 26985
13434 10380 7483
30235 28224 14788
16038 28712 15066
14454 39030 157
34759 6650 26476
17629 16270 37904
29401 22022 37171
28557 8036 35826
26454 3952 7162
5082 35817 5587
12946 35988 30412
19645 27036 21373
5575 212 17477
37233 26531 25712
11113 7415 5221
21514 30038 36154
3752 26643 4217
9330 10518 10785
11432 11618 39043
14916 5067 9530
39654 1271 28200
38044 12916 31922
23369 16187 14107
31452 7691 28064
1752 20510 18758
6855 8629 17171
34452 13606 21154
30171 20096 32397
23471 31567 22029
38824 4452 9487
28960 31970 38526
33846 21002 9124
18886 17391 9462
16827 654 18721
39980 22936 31627
30470 2623 26608
1738 4633 29913
37892 21201 39790
34017 22971 34131
27035 37446 6507
31758 21844 31467
30710 5253 85
13423 3025 19605
18168 12824 26464
16247 28454 32411
29757 10129 20074
18314 16280 5881
18721 29466 17336
31303 15118 23248
38368 36629 26698
21064 33868 14358
27864 20578 29594
976 29719 4873
9286 16183 14864
22113 36430 37543
39535 20685 14004
382 39759 23834
20258 5588 7022
11275 32679 857
3264 7105 29792
14025 14751 3463
26226 910 30303
32696 10163 6578
28032 36941 20136
5758 32061 17671
233 13876 21505
38133 38241 38566
31353 33763 38642
13746 21700 3423
30773 23515 15111
5417 10079 34884
17118 27318 4479
13131 23725 16033
31523 31423 21396
6383 11930 15488
20737 6013 23317
5234 18463 22792
20775 15709 24300
14553 19628 15780
23272 20491 20165
11104 22185 31738
24705 17241 10379
8522 26519 12385
20997 38865 14224
5004 11224 22434
37505 26127 34208
32823 37942 14900
13197 20794 36907
29879 13291 30320
30451 22273 31005
771 4732 22398
1448 16106 9514
39901 12779 37239
16607 25827 21293
828 35484 4012
5327 28635 29377
36224 24544 28969
17456 36686 18639
5886 10256 34504
1275 13276 17773
11546 27175 38906
26493 39880 17161
6188 18878 33827
897 27760 37626
14055 28839 18135
4908 18676 8637
19789 33853 4967
16131 38664 6503
15061 11562 17033
8571 18979 7520
13714 4989 24197
15114 37413 22829
1489 19728 28788
9761 35455 26513
1130 9549 29248
13176 6420 15077
32759 34982 3566
6937 4696 27151
7942 18047 30684
31713 35919 23951
8926 15518 12997
35335 16789 9227
20791 14639 36591
30656 15286 32567
12806 28192 25624
34300 31169 36387
17513 28969 28234
19983 15344 15610
33959 15238 24345
33500 28023 21304
22404 37809 16972
13240 1385 24495
23839 812 24997
21736 692 37215
16486 14244 35275
21297 22704 6954
37312 16558 39241
6046 27264 13243
23111 22788 18344
25772 564 22371
22843 22771 6235
10116 24128 2420
29810 10073 35318
15732 38563 14587
39669 33327 8697
6284 16355 37192
9059 25916 39951
32667 36456 5030
37101 31663 16680
34010 13743 33415
12939 25142 26364
22295 16840 11501
35215 30996 21076
15978 22447 16932
9893 25997 16518
6389 18273 21459
39905 37353 33192
13205 35587 11119
22395 5351 32166
21101 1287 16865
11855 4377 36626
954 20236 31591
7489 3407 8653
19997 35011 11780
28061 18946 11742
22785 7611 8564
8340 862 1241
31129 13489 6425
35760 37486 7604
18116 24574 2811
15640 36732 17310
4775 33853 22291
770 37224 35640
30159 38414 39250
34804 39820 27156
14417 21059 21052
17704 28594 325
38735 39072 4763
16371 35310 19434
38811 19209 2912
37386 15516 17998
34320 17838 20533
38721 38118 19631
2908 23201 33553
3046 20921 1881
19046 30121 3541
26695 8738 22817
27953 30376 39499
2121 6899 39585
885 8517 3964
23148 1441 20637
34965 29405 26816
660 30663 35216
5653 17321 969
31218 21240 5097
27412 28328 22006
21679 39187 3551
13526 31738 28598
24241 39735 34025
30630 28145 1109
30357 7251 11347
4266 12107 1832
32123 23537 36517
21280 2720 27205
34883 11378 19741
24936 19371 4520
37844 32352 635
3982 14591 18044
9991 37637 8917
31541 25619 30391
17428 37231 10798
6437 6449 5343
18985 1691 12634
12486 9779 1925
9060 923 22162
2780 9558 23238
29824 12345 4241
15369 15328 21322
30106 20537 11483
9122 2630 21802
29020 22570 28801
2986 34084 4021
5946 483 38730
36978 36207 14116
34579 31802 5776
14841 6057 37321
38163 7094 700
28874 34836 36307
34482 16459 13094
4465 30860 10064
23482 18107 37334
37315 23338 32744
13322 33865 227
35484 8259 16431
18605 16942 4057
30211 30937 18500
26141 35712 12038
35291 27250 34977
2319 33635 39174
2454 34580 6407
8940 12628 34660
25290 9944 4999
8068 37901 29686
12835 39198 27245
19495 1944 20425
13065 11288 25828
4977 34209 1345
20674 36963 18010
22456 31936 23288
18206 12079 14446
603 23840 9808
21362 15480 34045
37747 24825 322
9534 34874 21448
30945 34554 26890
3952 20343 28248
34150 26656 39630
16818 18473 38740
8160 24982 16160
20524 30785 3686
35010 34071 9005
24735 12749 4974
12650 34614 12221
33501 39193 21982
7723 35068 32607
18343 39553 30460
3690 19200 4566
5180 37986 16669
9898 7739 13038
27252 37375 28968
4320 21153 29266
35158 16126 22569
17717 13963 19246
15387 1866 5112
14973 17298 5022
11266 33292 11352
8863 958 20887
12709 7227 9596
36835 34821 13207
35322 26500 25175
16297 29626 35784
24945 4275 4846
31556 16801 2013
33615 33913 22926
12205 12940 25826
36030 1061 38688
156 13873 15417
34108 37554 35626
22571 33892 3652
39565 12741 12374
4372 17444 11378
17380 12846 24443
10810 20579 33585
35116 30361 33916
31293 17717 6138
22495 28795 32517
35861 38424 38275
662 20386 11130
30830 10227 10296
35895 1402 2523
10247 978 29267
32702 23278 9451
21764 38052 9786
4409 20026 8301
20092 12951 29168
13235 24070 949
21564 16523 3074
3375 20982 6507
3502 25658 37376
549 20664 4986
11639 8721 19313
20914 36469 2058
6705 32339 33343
22159 16584 9397
37970 1609 15836
33571 12229 36267
15332 26960 2331
15733 30208 4456
21287 35924 36530
7554 22172 16804
13629 25073 16241
22613 34456 38138
14125 25259 39951
26655 13588 22431
33655 30746 7022
5923 32140 9894
3504 32195 27625
29622 9482 30119
7586 18569 13772
15029 26753 36821
33461 25235 22108
5472 24858 22666
32911 6126 5104
8582 30556 33429
12086 38074 25947
32556 12417 38112
23839 14370 17829
24350 27624 18603
33853 14340 11518
14356 39320 11058
14320 16888 7680
32535 12265 25163
18984 31892 34859
18387 1521 27326
7723 11255 9689
32194 19081 33904
27969 30372 2475
18332 35673 224
7029 38129 32682
4721 10662 5006
11263 10671 30418
37997 27697 37459
504 32245 9166
15062 10815 12076
15397 9080 1810
14794 38385 18781
18581 28776 32544
3218 4098 36760
19134 15277 3301
8398 23427 5329
30256 28155 9909
2128 252 23610
20219 35116 23965
7715 12480 21046
11104 37246 34688
32536 37859 466
13299 4718 33745
8859 29074 9358
21241 37337 31818
16296 20427 7173
24700 25801 32366
38111 11055 30714
14144 37858 22867
19525 4075 26201
23027 38999 37088
843 17334 19777
32436 22674 7697
1369 2451 31114
28045 8381 11941
13860 29936 13431
28027 9882 37067
1788 2934 23421
4767 23695 21557
17770 10285 38723
27128 21019 4569
12509 32598 23641
21498 11415 15575
20751 3777 29185
31535 17403 9859
25155 39960 38397
4708 11645 13194
11538 34594 23759
31322 25946 6395
10164 24172 32085
6524 841 23574
31724 18088 300
38995 35564 6657
27903 5089 25613
21045 24716 14584
6065 33448 2691
4903 5096 6810
10846 27020 36336
36277 11941 25711
35962 32310 30541
19195 8359 3509
27452 38683 14098
11346 14760 19502
5702 32638 37341
16806 29840 7779
16989 19650 22832
36593 4001 1765
25449 31175 16382
22099 16376 35514
12195 13705 25377
22468 8127 5366
4900 31308 19519
22041 12623 1613
29045 36216 25325
34918 36756 36346
22876 33598 28056
36386 14652 36946
21378 15656 13443
38429 1857 19190
37934 2147 32877
27964 9554 33113
8556 33648 16529
12724 28855 1125
22696 22284 119
38279 36516 1645
17993 35889 24244
30651 35745 20267
20954 32063 7242
24323 27580 11282
2315 14022 35223
15268 36966 5979
10899 23594 28602
22525 5041 35106
13128 35476 11680
18884 20242 31790
20975 35846 28959
3422 9182 39564
27740 8945 4301
34731 36060 13962
28182 38361 17856
27737 15222 35890
35186 5948 3878
15209 34635 3378
27144 31881 21
9528 26045 18151
15466 17218 12691
12199 28539 31447
6748 33063 8813
15817 38361 14475
7965 17296 38997
11238 33156 6531
35407 14017 3574
3954 38032 36748
14085 6946 19930
15903 9410 27942
39233 6507 8931
32214 32659 2625
11456 7343 32242
11646 33976 39239
17155 10835 14128
32363 33023 21613
3771 10582 29031
2885 14742 14544
11604 9477 14794
8802 29228 31701
39284 5809 12785
30658 97 9215
14643 23627 17619
35897 21158 18695
20193 1661 5262
3638 29498 3437
11798 15330 23753
22889 19649 18417
22645 18156 8568
36938 19136 6853
29953 22946 31567
32303 25488 290
38088 11151 5688
17975 4247 30667
8378 20469 13068
898 14718 5993
34462 20907 34336
26553 34643 11021
30369 7738 13751
4504 20862 12303
31433 1631 3934
19064 10614 20275
19556 29374 30845
27357 12388 1785
16945 15863 21619
3645 24925 359
26520 12511 16577
30585 10462 28775
21179 30808 4235
17492 37249 22953
12139 8902 7563
28485 2565 36940
1742 5393 18223
39434 21090 24059
23550 31367 34500
29650 5525 14097
18680 2242 17054
17421 37703 20075
11095 9631 10278
29982 26628 38386
30711 3315 32259
13604 37736 5258
26812 18129 9722
25948 26038 36027
30940 38589 16839
22739 10869 3504
12836 13222 30401
12518 36310 26151
17427 9173 22798
29717 25784 13874
35151 16841 37500
12811 18697 21598
18758 13762 8390
30333 13534 23145
18685 10819 20495
33719 3716 27282
19816 24741 7971
21041 12252 37928
29252 20448 18377
33675 33990 14525
20950 2024 13296
4748 19637 10626
37762 8615 30408
11330 4776 24257
17568 30989 26312
29592 608 13822
25530 3703 11456
22405 32151 14949
21293 2075 21802
22382 11342 31457
12612 35659 10466
15765 13484 21744
33349 13231 9203
35378 26705 16030
37156 11220 2721
30426 1114 4077
37745 3046 13421
6135 16865 18212
39300 31606 19737
17044 9742 10114
22406 34539 8140
26931 5633 20492
12933 8297 32785
4581 26845 18678
13191 9257 320
6952 17480 27557
29241 20534 38568
27073 21151 17605
4464 37078 2414
24472 39042 28838
5171 37971 25300
30844 25185 29994
7192 11617 38914
25899 60 2488
24519 12772 37197
35767 8320 28978
30774 10690 25063
10407 1063 15141
23638 25175 2833
15534 36249 26367
6541 7397 350
4627 11996 1002
10377 1891 23177
15209 21412 6185
16171 11771 1652
22961 20487 20956
4774 34661 34002
22405 9896 25012
12691 11046 8277
31263 9767 6082
23176 20384 4959
8422 5458 11127
8771 6599 6
3090 20794 14071
38705 27287 29185
13444 1447 5714
1369 7341 23416
21878 2814 30338
18498 34066 16977
6167 6688 8529
471 8484 768
35693 30682 20028
83 21490 23085
28072 39197 31211
26957 39456 17772
11691 32355 8101
15909 12025 22695
10302 37049 30489
39134 22157 19063
4595 3331 27148
15484 16355 38340
27946 12677 13724
21539 4732 16869
33145 37693 14049
3473 24162 20968
13751 5721 24151
23157 37108 21682
8156 36628 1954
20270 37249 38359
26553 31948 20173
16399 5338 24748
24519 26771 18342
1115 26400 34015
2617 7948 11840
19352 36679 13864
21803 8685 35025
30524 20176 19546
28803 8273 21358
15302 12525 4249
35171 27597 27484
14597 11347 21208
35604 19316 25777
3559 8813 17221
17453 13744 775
25293 1786 32865
22060 5220 31483
34242 30784 20186
27273 17142 26279
16967 35939 23776
32563 7168 9971
18403 29832 7078
28153 24321 2319
216 8342 39845
9875 33032 23095
17212 16635 20331
36636 6077 12068
4426 30340 20426
31835 34742 34999
18094 32884 26713
35824 18758 3594
29415 20964 6653
211 7346 36659
36208 12830 22813
28202 1776 19244
34984 14003 15781
2153 19243 25690
14799 26821 1822
9724 19560 29811
22229 19534 30054
31870 17993 30407
35164 5955 26192
22699 21632 31887
12655 28533 35015
30933 518 39457
22125 32716 35369
9363 31057 1763
26575 15527 4092
11234 34404 10710
34690 18463 25593
8001 13185 24025
27 8670 18439
7796 28545 12796
2256 13905 27039
14516 37100 30537
12247 31790 34623
5575 1679 15757
1506 36863 31837
12280 25832 29391
3999 34694 11259
7792 8168 30021
22692 6488 8661
103 22825 18544
34621 33354 9680
33517 27654 25507
5314 7438 1237
35142 3659 22704
38493 34580 5950
29329 9945 26625
18165 26783 12628
32256 35574 14524
39141 3598 4914
38737 5817 13208
4583 32588 16521
36682 8933 13623
35434 1206 5805
5878 31938 38684
2228 19357 25368
36188 36552 22508
24517 3061 17610
29416 36615 39801
38233 7318 35829
2703 25167 38935
460 29732 2917
10267 17383 26352
34226 7171 35405
35553 2576 21463
10981 9702 28895
12256 34564 27865
26787 15844 19623
19081 18313 16188
34108 12707 27975
24787 410 8381
29281 38141 9362
29184 3143 38001
18653 29999 21404
13861 15924 11352
17041 2373 28223
23253 25584 37839
26661 19455 3381
13326 12610 30641
13270 28144 13239
31668 30500 15302
28059 16012 33225
34200 17614 29214
12977 5859 13934
27324 35014 24753
32163 20879 12499
3411 19862 29856
5450 828 2239
10243 27937 34621
29850 32800 28118
16536 13691 12831
12308 17028 31417
37039 24558 30653
15174 18036 10248
6020 13023 8075
17109 18234 6622
4858 16314 1877
33517 10297 6993
29820 9813 29719
4298 34629 21812
32203 16749 22217
34317 34776 36667
5280 10809 27803
26546 13438 25980
8116 34542 23273
1587 25231 17836
2006 12137 31758
25258 8159 8072
12117 20011 23460
27820 39601 31830
14779 22803 23782
36926 10197 12401
5651 33789 36206
4704 18244 26809
18288 20405 36500
8520 11813 38318
36285 20592 2903
22727 28414 6791
16391 31979 16871
3321 16070 26632
27972 10088 28146
28283 19300 18542
32016 28971 12549
3133 7107 3890
7709 14184 30247
9205 17351 12219
16781 13268 23497
30724 15443 16125
12606 3381 6046
25243 20004 19745
14007 10028 37380
29284 27391 29553
22010 19168 39504
9278 224 737
370 4145 27931
36322 35767 39167
39233 3369 34932
12586 18470 35149
32668 27791 35202
12760 5498 38107
35968 30151 33354
25758 25061 26734
35445 9656 20315
14136 19176 31343
33818 38797 18384
867 38514 34700
16116 39320 30967
27191 10862 13619
16649 7406 13959
36480 17086 29588
21102 9904 39599
26510 4565 32032
20764 21802 6313
2068 380 2844
28844 38594 7270
24739 33136 5707
22421 20362 38641
37765 25051 13834
16016 11955 28965
1740 33384 16022
33639 1037 9999
24348 29220 9563
27627 31095 18459
38588 37806 37897
21265 27949 20399
15163 12088 12552
19494 5293 1145
12479 13124 22023
11427 29060 10541
13166 12335 12619
8531 14867 25071
2023 34800 28901
22227 18193 3231
4391 2136 29128
12504 25052 10894
34322 33862 23518
31940 13600 23175
36430 9874 30479
15040 6245 3266
14347 31577 34857
21083 25166 28124
1852 30668 18950
230 17742 19698
21525 7175 5619
21702 22322 23356
24848 35494 876
17606 31918 10174
17935 37798 36080
25171 26975 26616
18273 13228 27521
745 2471 733
5498 34711 38101
1457 11214 33411
38684 19955 26506
22645 29856 35801
37022 9389 9769
31630 21346 30785
33392 3162 4153
11224 666 16177
8979 37505 39105
27157 16460 23473
26221 24616 27506
22359 14881 31506
39460 13406 13010
30091 37141 4799
11635 1093 28272
1471 22315 11705
17814 39116 12648
30349 21506 6384
10957 6559 19918
36080 7623 945
31438 2115 957
27441 34010 498
8677 33059 27946
31689 33716 39277
25690 8631 9901
22911 33932 14535
7707 19357 3308
9339 30042 20938
13391 29634 20879
19986 33461 215
25015 18484 3373
35510 12573 17899
18007 21818 27622
37464 15429 30936
36550 19086 28219
31026 30997 17913
1750 37145 4028
31019 27977 33378
7945 2693 3906
13603 17315 25406
6379 587 6231
36435 4236 12187
1936 24715 27469
5253 15141 34662
25689 22047 7821
16546 1183 25156
31342 1769 35058
13064 6226 29274
30672 5653 1466
16562 7680 5670
2061 24087 14164
27104 36649 33729
26190 30152 20763
30789 30111 5029
19561 38335 26571
32179 19468 12316
13288 25409 8955
26946 20677 18152
27554 22236 6950
31976 15218 18821
15470 1888 17489
1872 18390 33258
26610 6002 31961
32081 28672 37133
34546 31151 20788
16921 32189 34664
19015 6193 23802
22909 9281 32824
6385 33037 16751
27558 27887 24302
39026 32690 8430
1124 27060 15902
22226 1852 31286
4890 29328 5192
5829 38550 5865
13943 10380 21223
10132 13584 28802
9621 18042 6027
12548 36863 22363
16652 19837 6123
22478 23421 4161
14766 26405 2759
14137 19380 28655
35820 35577 22125
38743 22212 3118
9108 8553 32977
23155 3293 8181
6593 23490 3515
38348 9729 30023
23499 1383 15289
8592 3872 18280
2087 23905 18092
32184 35547 30117
20679 16015 37837
26110 16735 26834
14038 31549 3005
38422 28177 18541
13808 35074 9679
27914 28760 8595
13553 23567 39632
15674 5478 11885
3449 7392 17858
23959 33824 585
28279 20986 2379
14230 18546 4875
19749 23972 9044
5560 10627 19987
7883 15360 25170
801 1933 9566
9183 10548 19249
34081 27715 12406
30506 855 34793
19738 24608 35175
2238 21758 9580
6718 25587 9449
29936 16994 3890
11379 16914 5538
24603 5572 15699
21742 20409 10932
35919 38595 23558
11986 6227 35134
7319 576 8854
22482 24741 3580
11862 32469 18554
249 33425 6389
21365 14763 14748
135 5241 14050
11682 1536 31992
19982 30525 252
16983 15073 4522
9852 19263 32082
30316 9965 8896
34621 32768 14307
32737 4135 21048
3493 35528 19104
11767 18017 36610
27457 19016 37376
13552 25109 17563
5268 12687 26772
7132 31918 28962
31114 25969 32333
22142 31255 14801
19185 25074 34831
22268 31053 32849
18626 34970 10650
37213 8917 18420
5896 25169 7055
4425 35087 5450
8688 32206 6948
35028 38331 20998
2632 18701 14549
39929 27962 31672
16518 12052 19021
4961 37340 18461
14292 5672 14830
