3300000 1000
9228 27231 31149
13549 6527 33972
4375 9958 7946
38821 16289 35751
18802 39822 17814
1583 33040 31282
38874 22533 12837
23327 22539 30830
31620 21440 25796
1352 28845 14783
24251 4678 24826
22357 17866 9161
29234 4015 28491
39127 21692 6590
1244 32762 8493
31388 19393 1144
1474 34198 23849
4330 3689 23642
25481 16955 24698
9918 2981 35967
37571 28778 6957
33901 28608 26660
29252 6779 17194
18550 283 15124
12070 36990 13756
39929 33374 28690
11363 26289 6125
11789 32518 7022
38836 39483 23606
126 19018 669
32798 15210 6672
23513 29543 2223
35041 21697 7230
19414 17129 21694
11437 36466 29965
37657 4326 15414
22600 28645 21407
31408 11926 34317
6934 11238 8072
20406 11702 17867
26872 30160 33746
38046 24151 22718
14030 35808 1058
22047 23837 18672
16627 9081 21220
2692 33076 20482
26878 3398 34030
25034 24793 31881
15935 6600 26365
36710 4842 26879
23085 25143 23625
30092 30822 11632
27357 4687 20484
2837 14790 15924
39108 16731 5262
38109 16420 8607
3871 14445 37415
36605 38101 23348
17652 37263 36270
19442 17502 20354
32670 35658 1535
34518 18047 36101
7805 27762 17190
15423 6446 37601
7313 24562 35288
8877 5564 2077
12497 36694 4243
12880 39045 3823
30657 25751 21654
9110 32934 18048
20830 33230 32360
12811 36304 3643
2977 39918 16828
7929 17590 24706
35825 36632 38151
18829 36476 2040
19074 30188 5327
20606 39378 13341
9661 17072 19957
1063 38114 14323
22636 38566 39008
21598 33419 14199
11332 37434 688
30588 14214 13528
16592 37964 39215
6543 31085 2042
17301 9297 14948
33217 22274 25066
25506 22729 23283
2132 29943 3096
2556 14073 27267
34456 23177 39430
22476 11840 31999
35687 39282 28066
37248 10213 37946
9425 5453 9434
14534 22573 38919
21325 26469 38669
18446 36718 10503
13255 15818 13999
32137 23070 8840
33660 16367 1801
23036 34201 23343
20572 677 26327
38506 29654 30862
39155 38070 21894
8240 3659 8726
90 8501 31102
17291 35269 14039
38815 25667 12
6375 30292 24752
12270 31850 22545
39732 18094 9566
36845 35832 19518
38874 35038 15644
21514 26195 9750
2633 5918 23994
23929 2850 23348
33347 35449 19224
25054 11457 38608
12252 7500 6637
4185 29616 27707
14214 11660 4695
16442 39506 32276
15275 21146 36290
36879 26253 37490
34483 19233 39286
23820 32081 34997
33452 25136 31318
13585 25297 3146
8112 25749 19030
8826 257 31632
25228 2745 19008
19007 25563 33123
19901 30435 5387
15269 24833 33342
6848 3139 9171
24682 1091 38662
11671 15509 3898
23489 33874 38876
8826 35839 10633
32707 16499 30091
32198 7183 30474
18844 37308 1728
6788 26906 21570
36015 28189 24145
24827 11391 10553
30577 28887 12739
29618 15231 28274
31916 4944 12765
21914 22061 21398
4592 21358 24173
22137 27443 29857
26792 4460 27672
14430 25507 1814
37270 3590 15178
10917 36180 21716
31592 35644 33136
3106 38209 17800
15020 31493 4303
27312 9909 32466
31320 35115 26706
22468 23080 38635
13094 28726 35696
6071 27169 14794
443 2134 30729
24940 22729 19047
21664 4017 23754
3406 1779 38681
11192 3529 23359
22323 18641 19040
5312 5344 36656
38203 10711 5103
11143 26829 8343
17128 26811 5998
18796 27108 37916
7431 13352 30681
28032 6310 23467
19060 27899 23474
26735 27295 380
2872 28654 37346
21895 11171 21552
24293 1930 13131
26804 21652 7775
37028 16634 10907
15133 20375 26027
24656 32027 24173
20326 5425 36099
20008 13416 24578
4622 26604 13591
13785 26785 6746
37419 29493 12612
39166 7546 36360
1211 798 11998
32085 32579 36915
27269 12596 9962
27700 35924 25907
18507 32461 30073
35799 9061 3183
1740 37952 14424
15873 10144 39850
13499 13684 3180
38543 18012 34420
18833 31146 6421
32634 21128 6167
13511 14206 17130
26071 32182 29258
38170 39279 16321
23210 31762 9263
10108 23039 25033
30480 35500 38003
9470 26871 26014
4167 4004 18326
10212 35145 36906
18290 22957 39841
27174 5247 15104
37641 19677 10279
20309 16477 23665
37289 35792 10888
6312 22046 2523
1758 16341 2967
19678 35016 101
10467 32094 20122
32008 22445 12591
21953 1977 3073
2135 8536 34732
39791 19393 32729
24532 1032 14299
8944 36942 390
5900 11051 2797
30600 38229 8014
15522 31738 4803
30468 37960 25107
32334 560 35146
17912 14354 25504
11954 11070 35943
10275 19150 8396
5279 39601 31616
30111 35419 28553
17187 26536 38922
15320 4566 23120
32511 14549 32678
19611 14574 36010
12572 13162 30148
24268 21919 38939
31584 7915 7688
9163 23345 2245
11521 1723 16941
14549 5080 12560
25643 35242 13094
1268 39645 36562
25366 27291 37294
12789 26452 24608
11060 5373 38676
5773 37970 21235
21884 30521 5677
27173 17135 35596
18889 37187 12983
25886 10559 970
10702 12926 21341
38744 19017 13647
19354 6109 20706
9036 20468 11762
37152 2667 12904
28548 22245 26400
39245 33001 18388
35832 15438 18963
27549 22758 12738
39458 3942 14555
10218 36819 13207
28878 33798 1110
21442 23515 5204
21182 14510 3847
16742 19474 12991
19042 26207 35264
11779 37125 12042
36337 24155 18811
6550 14200 9412
32636 36786 30819
22721 20501 27521
2292 2471 26467
7546 31594 26628
38269 10719 18808
1133 15474 17112
28567 34659 22760
31916 7735 4001
29411 17627 28560
38277 8806 31194
10328 15576 6772
33003 27789 11708
23023 17689 14961
26929 23714 12941
5014 22212 6490
1680 25487 19028
34478 15262 35398
36802 9760 7907
940 36724 1244
34197 10635 15238
14877 12205 1975
39439 5359 15171
14243 31179 2255
13829 26895 24938
22190 36435 7071
29172 31892 21370
26055 36119 5922
29068 37859 29583
10992 18265 17571
1520 27797 37452
24740 20627 11332
13731 39961 21147
8019 14732 29096
7907 21912 10521
2065 17926 8684
34272 3017 25866
20497 27570 8293
28585 18800 2678
15794 35262 3642
21025 39585 27209
7665 29971 9631
28062 34687 32913
24131 5424 14660
36251 34785 33206
11757 10986 4795
32312 26751 34696
35287 35128 4596
19723 37676 20543
8252 3567 10166
12291 18276 19471
23593 37746 11668
37440 19394 1053
39154 6987 22776
22020 31653 29828
20818 32250 31220
12619 28370 23349
31052 16415 8015
25332 30752 30682
31392 26189 39403
5709 35636 14290
30865 19064 23679
799 34403 20838
20239 30531 12610
21539 34941 37897
23515 36763 29886
11746 10832 32593
345 29488 4279
13688 14963 3569
30011 4978 2630
18246 35040 15010
26480 27487 18149
22640 27240 30854
35778 35608 32331
11780 29329 17839
10260 6387 22729
6644 8235 31714
18596 20751 7892
26782 38755 34025
8 28195 30504
39783 4129 17119
19392 38980 34158
10335 26820 9225
16358 15705 36116
30444 9658 2709
28612 10243 31683
24568 4947 9571
22107 6574 33110
1753 12551 13939
11444 38980 26322
2687 6602 10637
10933 6348 23855
31493 32689 7941
24273 13145 14911
2892 39486 38324
39647 5032 10175
17394 6542 5834
27871 25212 11283
30202 5385 39108
28791 8227 38223
24607 12692 17911
19655 7162 15366
34176 10832 1658
37567 28677 21426
19316 34039 29525
36003 25541 7872
12210 2726 8912
7927 9629 19151
21586 14102 3131
12833 35619 17255
2977 8856 12556
16787 13825 17154
4351 2841 21424
33863 28727 6938
28307 9674 6125
6864 2982 25064
2036 22623 22184
16606 20338 18884
13799 31495 32443
5930 12771 32770
21259 31003 39586
10290 9760 36371
22415 25119 13042
1777 35600 8697
33936 23623 19939
39229 4632 18064
3251 34033 33235
39169 25917 27721
3691 28664 34905
37868 15305 12753
15784 11856 11919
11032 33817 37953
27823 23000 28183
31873 15014 32594
5651 4298 25561
15881 33385 13231
3338 9850 28721
34080 26039 11050
18981 36492 13455
11927 29418 33761
10002 1872 765
24111 21124 5601
22011 13482 34765
2726 20813 3022
13616 7040 30382
6557 20902 27942
3866 34180 36694
30099 25492 37020
23604 8349 21652
5388 19123 38118
15564 25099 15848
7723 31190 19331
35325 13434 1724
14225 9998 5632
21731 17001 29027
6720 3860 23831
16074 3872 33768
18976 28241 22430
32976 1991 12381
1247 9215 31467
16810 5544 5108
24973 38624 34790
34215 12912 7566
32487 6735 1753
26245 18731 15566
11830 16340 13717
8954 35995 32731
26748 2121 18855
39246 1951 1944
10437 34312 21365
7256 11983 14729
25761 10390 23308
27022 21060 26085
4186 3916 5421
1897 31335 1992
2283 33731 8793
8278 38660 6100
30862 23404 1982
19568 765 2913
5786 34401 3643
29512 24864 39061
14170 26787 14422
21285 12652 26054
458 32450 16165
15434 3343 5182
4062 11690 16772
8308 20022 13437
13455 13846 4115
24848 39593 5777
24582 9631 32787
23199 13965 20464
27815 37737 18098
1805 30537 17430
15952 9244 38524
30708 5685 10204
29777 4034 30755
30270 16826 10775
3953 11870 12540
28275 13775 13532
26179 3297 27047
37659 30863 4293
6046 30358 5068
10695 10873 37338
18688 12124 14109
356 32478 31022
36718 7383 12087
26216 409 38938
21328 6559 13742
11724 38798 1376
16549 34533 19342
24530 5314 38506
29841 21576 33362
1036 7061 19686
24981 34526 34111
33388 31862 22961
22771 33828 437
23886 27718 23204
36773 12560 37771
19841 11793 24987
3274 31120 13050
10941 13711 2714
29116 31519 23710
2459 30287 12391
3524 31287 33256
26606 8968 16698
25343 26969 9025
27786 16684 14038
19649 38892 14059
13877 31855 39599
22654 24288 7923
3192 18674 8313
13066 24939 19577
25742 34745 7924
21366 14203 39837
15791 31768 39389
30561 9338 36893
10158 30154 17044
312 31042 4780
1778 4302 9181
33088 34142 10137
26095 3917 4428
23343 16109 15810
29179 11357 5580
7142 16836 20589
22940 7462 21955
37448 32704 18829
28319 24500 25734
14291 34359 36221
21287 8012 13418
13042 19996 2113
37827 2119 20378
11100 31552 16792
27693 37500 37949
36045 31021 9705
4866 13272 31006
32545 27430 22683
28266 14161 8158
5543 25011 2079
23526 28448 33304
5604 38474 39356
21638 23095 721
19306 4920 18532
38791 13775 8396
21308 5030 23211
1667 6150 15776
31706 13781 16723
26828 12087 20399
20720 31146 6235
36938 16116 24020
26883 30377 5048
3844 31504 36015
17702 37756 11815
29722 9834 8214
35640 38368 29062
24360 13788 33444
36482 32723 36952
38037 39744 30057
17855 36836 1838
7608 34419 19104
34580 32247 17228
26991 3405 33868
28689 22123 6162
8120 17954 36886
4082 28000 15481
38076 29406 39161
34757 15588 5856
20302 18038 2866
30764 29233 13783
4124 9295 27708
21588 23815 29252
1346 35869 17981
38501 29080 2083
33613 24383 10489
39744 5184 3390
33306 15987 39539
2887 523 2376
31126 37221 6343
10134 12799 24858
17624 13282 6764
28183 3241 2978
35667 9608 8554
2459 2344 13062
21274 31147 21227
35312 19444 20771
39274 28756 17080
29132 18330 33222
24468 14155 4942
9683 36463 13663
12498 8464 9875
646 9191 24715
20980 37695 22298
14819 15585 30251
18115 884 39174
19085 7831 31082
1243 17136 36203
7991 16045 33960
16838 17375 20231
14768 33569 20656
22845 32371 10109
22608 23444 24422
33249 26094 11409
17874 27567 10075
11165 24943 17186
5937 8657 9132
31975 20209 18212
12492 38420 24747
13934 32554 35465
1686 7960 14237
22434 26431 25763
34230 34774 33310
35793 31334 34863
3205 9140 21373
16166 14450 4817
1293 20378 10691
18159 25389 20269
38281 19650 13465
7739 5045 5423
20471 11576 20590
13052 18420 37669
6533 3926 38605
2927 12480 26429
15146 10788 18195
8592 19172 18770
31213 17264 37416
36094 4781 4052
9075 39358 32885
35945 32829 16756
19351 35427 11826
31783 15853 35429
2587 9023 37445
8393 6108 35101
15032 20236 7702
8213 7580 11353
27948 32265 2511
31152 12259 30051
22772 23091 32035
18478 8250 22861
7642 21074 11351
35456 31424 6442
22037 6281 19061
16387 31875 1777
32966 12340 22988
19187 21390 26197
1060 21637 6521
24157 28254 33093
38884 11420 5914
24705 31072 15249
15196 39843 12310
38185 22265 20855
23428 21269 3435
37979 35365 10950
38339 15490 24559
5000 25661 26276
4726 27256 26927
18822 33838 12067
38428 34017 11853
31805 36773 10482
8719 6523 7967
5917 28499 9037
30912 8639 25315
12923 22642 21455
26321 36571 9930
19567 15100 17517
8722 19733 32882
787 9410 16208
16240 7408 20558
2746 14212 13339
26777 35257 20243
11648 19079 29489
6327 7891 20272
5386 36352 8882
31536 14873 29340
34711 9755 17837
39313 16502 15694
37560 9574 20281
3552 6041 25442
34134 6136 17986
20204 9737 27576
31755 12497 13491
37527 6674 38756
25935 30605 32076
2560 589 26599
19885 32041 14989
1914 30128 13905
16569 34676 12355
25782 36031 3918
12499 12968 746
4765 16943 21225
1756 17224 11419
38189 11882 12180
11764 5504 4948
35547 33466 23239
38879 30300 39999
8350 16721 24555
19947 25505 9481
37513 36458 26054
17976 25294 38258
17192 36544 35523
17076 25886 34791
11916 30558 16458
38455 5826 7051
2734 26486 37471
35464 8568 28221
33171 2884 19614
21496 35891 36371
13924 12921 7825
39263 4475 15801
8166 9964 12227
8299 15212 18117
6705 29118 12553
23624 3468 5680
12645 3019 24273
23946 284 37738
24311 26876 9231
15727 2573 20245
22165 35996 18239
9758 5135 36631
20919 27412 28890
31730 27680 35777
27357 13463 19269
30262 7809 9101
9304 8231 20800
25193 35791 6499
30679 19987 36649
31278 4821 8180
18575 27837 14934
35449 36309 3405
39625 14215 12383
6560 21932 23099
19296 31317 15385
5596 2494 15907
8378 27936 30290
36785 18457 22167
31307 9429 29522
6968 2226 37288
35369 35655 25992
26755 35832 20319
36299 21784 8513
19361 13783 27758
10466 35833 39530
27322 9254 29002
16768 4567 6776
18230 13149 2275
5042 16779 39273
36469 17107 7181
12917 29310 22735
21020 15772 7227
12417 35586 10692
26452 28476 35995
28292 30484 38079
31649 20895 26054
27334 17107 14255
37160 4669 26114
5405 8911 18512
5624 38029 26647
19485 3141 18646
35332 13323 7591
22894 12922 25140
10581 33125 6805
22398 6184 19848
22438 19783 36903
4646 11787 38782
365 32367 24106
2255 32889 15864
24969 18806 32658
6362 24077 32309
597 19259 33486
33120 39709 17316
39443 30934 12877
27025 15663 7690
12924 35336 25719
35903 19966 25889
30814 1298 2955
13988 25200 25969
31055 17679 24231
20138 36686 36278
15917 33054 9457
5509 879 37972
38128 19874 3802
30505 3742 24109
30070 6117 20556
23401 16667 7146
283 11316 15571
13958 1442 36402
20558 23655 14839
21512 12348 32046
36446 38852 24075
5212 10956 30874
28541 6313 1238
14154 32228 10483
8187 7517 15229
723 38154 33741
19431 5260 29042
35140 32958 3421
36644 32381 23385
34550 34086 18567
14812 27527 16887
32424 32506 18163
23707 3422 14986
7139 26498 10497
29765 34808 1049
12100 31770 23320
36908 15066 15086
21226 8822 2229
33267 5468 12999
3497 25572 4833
24528 15471 33498
25465 11278 20230
8142 20904 14225
22964 29420 39496
35944 22315 22800
16378 33067 2054
29919 12728 32357
29746 837 1734
17692 9450 19526
16135 32765 38554
8899 37996 14121
22693 1164 18247
33558 10370 1052
7806 19043 20161
28277 25306 1917
20076 30681 12415
14887 27464 17826
7222 18729 1723
21119 1446 39447
25159 4747 16290
25148 2228 36235
18076 228 3981
39108 24502 6531
10624 14711 10809
5893 31849 26810
39391 11315 23016
1077 29258 28350
31022 7733 2200
39084 33815 25136
3534 34652 39473
26070 13233 22967
3420 1040 24051
21237 19209 36311
34442 13001 20196
28084 9309 15531
21838 20240 30808
8320 4867 1847
27232 26535 31771
12653 18528 27554
21932 34541 12224
17951 27404 19386
37495 6947 10292
13348 8055 11602
22848 19162 327
22749 36307 20646
29999 31688 7127
25609 28684 30230
35554 36531 16707
28372 31732 6303
28818 20096 5981
32009 2946 32404
4539 20045 22073
30258 26657 18525
31916 18605 5012
9823 32113 15281
35823 18273 754
8145 34982 22138
39486 23531 7719
14590 30713 3898
12380 2717 28852
35576 3085 14552
24343 28334 4643
16737 18747 34329
11527 1551 7636
6202 13417 35195
38347 25595 8221
7482 27306 12857
10975 30518 32305
14834 28407 3371
28614 3149 17528
11836 21512 19840
39394 11375 23300
17441 37095 4172
2240 10445 3659
9613 17973 31535
30756 17346 8603
3822 25345 19716
23836 9333 17767
39891 19242 22176
13687 27663 10924
4736 31595 12879
467 34699 38655
11874 25612 355
2604 27168 15118
16129 7375 235
13650 1214 34857
39815 2915 12606
20607 33044 24587
16825 19426 8100
34733 22951 39369
23677 36145 776
6042 18284 31769
29901 3975 36420
32243 27814 6997
38002 24167 20969
25272 38526 25264
29339 12251 30112
4647 31071 5116
18364 13051 2360
9331 4348 17277
3965 25618 31433
37784 8920 12136
2726 11550 20026
9056 22697 35005
2463 15047 7062
37520 7353 26667
25497 20882 33532
5598 32544 18477
34501 15002 3155
39472 17000 16190
10545 37280 28244
28471 10760 30693
22373 36474 35409
5285 710 9901
14821 38638 14273
15077 39456 5965
16869 1162 19153
1980 38099 1815
39002 13687 26277
26494 25131 23087
16634 19177 21397
16472 27490 3482
12045 23005 3491
22707 33792 30452
33446 594 26253
5963 31169 10900
21284 21345 26210
38907 21113 32370
38868 32042 17508
10698 7281 35149
23320 35515 3493
37525 39550 746
14938 16289 36013
15619 4421 17912
7880 24397 18765
29427 19957 34967
32339 1016 28213
11986 5090 15840
14245 18169 26101
14330 18576 34794
13919 26217 26607
28888 1115 9256
13118 11738 16688
19886 26491 5403
384 30701 35006
26420 19886 17332
20592 7895 16746
3124 5609 15074
18267 351 33130
6163 38119 26284
6643 2139 2658
22007 3075 15947
33808 710 39210
22763 26969 38695
28556 32426 6472
30197 23412 17903
12863 25849 16658
3342 21627 15084
25427 33366 25920
17498 23643 29703
2081 33123 12962
18400 17774 31324
10472 36759 4986
37906 4310 22690
20103 28526 3187
34418 16017 38644
24447 9344 30836
10918 34671 5760
16186 10373 21958
14385 11653 21943
37261 36502 38293
16644 2735 35199
16567 24954 25843
13760 5387 14257
3478 18627 15472
23337 260 21626
18958 15823 31795
36268 11263 33503
14237 36081 27034
675 38936 28409
27230 32217 32595
25862 2488 39602
12655 39162 14001
9591 32503 714
11128 5510 10878
24658 2823 37883
9684 33603 30835
7914 5668 16759
4309 39688 29613
37989 4369 2281
13595 12592 15744
18979 18945 31450
15294 12754 9974
9622 15889 29557
4297 36346 33524
6454 12769 33171
26112 2567 21814
