3350000 1000
24319 31853 21569
13756 21274 12518
23734 7570 1506
30119 6895 4211
28173 37098 2903
38344 32024 31796
26696 7040 14808
4284 38570 11539
29102 33715 37811
9236 21144 23348
13388 19692 38053
21258 37908 11320
12609 24 4349
16001 36654 15337
4116 19988 11987
19669 30303 20222
1326 33100 27615
21414 11046 3714
34613 12871 24252
5047 31073 1672
27551 11618 33637
23097 31646 36281
28936 14572 23992
10848 21558 3758
25103 11371 35717
32545 24891 35922
21714 36407 9211
30384 27274 11661
28999 39288 25413
14689 23233 24245
35596 25842 27081
763 5435 39731
22960 37743 770
32811 26116 1904
21573 1324 12937
17825 31587 5549
18121 39893 19924
28295 33283 20949
10476 35016 10751
10192 29692 2424
15617 23776 33688
15526 4508 17973
30962 24877 2525
39136 20709 4808
38184 1662 24590
14415 9057 20159
277 19406 2177
39122 8265 128
776 8879 15785
24493 17553 36480
27584 28509 32257
19053 8872 30968
21849 8578 35758
3835 6636 23039
2966 34073 5546
14461 36533 34092
10010 7288 21757
32214 7910 30461
18262 37049 26768
19121 34790 19982
19587 27003 25715
37094 36484 28751
22560 13371 14727
7960 84 22258
39646 15554 18936
240 9740 25825
8478 38870 4088
22721 3583 30490
19133 21579 33117
37699 30622 20496
37895 13441 23639
34101 26427 20710
206 23099 19877
3589 27625 11818
9990 2086 2041
24218 26544 33699
25619 14622 21933
17698 34752 9165
33600 16750 15050
25518 10755 19700
18295 26751 2671
19288 530 34978
10106 10610 19172
38437 4571 17641
37058 21357 7785
8297 24064 39486
4001 6084 14531
33640 34630 6819
6964 28433 34275
15782 27729 39196
33644 1568 19229
33844 14019 20648
26808 5111 3414
35421 27593 10689
33765 15610 6231
23315 16673 32338
26871 5088 33712
36968 37280 13236
30286 1965 29082
5761 17101 23318
29525 13192 7229
24666 27094 672
7142 24453 29836
22118 4274 37116
28417 7810 25576
3726 11372 10321
24787 19058 16547
4660 16001 20067
37741 7989 37927
33621 14262 27665
35106 17042 17308
12646 5144 20790
9958 7930 29373
14275 12692 3429
10993 31650 17425
24797 33863 15223
28613 19740 30689
24799 20231 17264
5559 5385 13424
35486 20726 15726
2698 25972 29893
15406 10280 13098
3042 1544 11343
9460 21291 8246
31378 27111 2617
30563 8379 21317
4775 17098 32549
34599 17328 22764
27815 9158 21622
4782 16811 34597
23455 33804 23388
37151 27738 20670
4605 36617 15552
20646 11671 38083
7637 22130 4683
35680 1645 7252
32133 30959 22443
4827 28049 15846
11109 32110 4807
30954 15203 20645
9058 12094 14854
3012 495 36997
33862 24213 34337
10037 84 18017
8001 11226 7390
17354 2 35652
37041 9608 22195
7695 36344 12030
33741 14797 22242
10808 34412 36306
11938 21636 38939
10651 14160 30890
13576 26971 32109
30665 3734 21732
32835 36815 6737
20078 30123 30676
28157 200 33256
22868 1415 9368
37809 6215 9693
5968 8205 17631
21721 560 15638
10589 37912 28849
21599 8401 35370
8597 28210 31596
11298 27785 33394
38595 27340 36787
20575 23267 4990
23902 10488 587
9863 2047 38331
15946 9477 3876
34952 39670 14419
37432 164 10438
38558 6069 33048
3661 8729 38566
27641 5203 27079
36568 16131 466
22773 14237 2207
24138 25738 6012
25412 13121 17334
15992 2297 31259
3720 5499 35833
12753 1820 11871
29295 25937 27249
32346 7712 18674
4761 4739 31528
29331 17929 30149
39388 14159 32720
25631 38031 36766
31589 14869 19632
4235 6105 20599
10704 22797 26155
20491 19074 34565
14202 12825 17627
39763 16661 33812
7257 39573 238
2720 10784 34942
750 36804 37663
19662 20706 430
37842 28979 36178
13661 1184 3324
13042 5551 30244
3382 20338 17863
3913 10661 24112
31258 23118 13473
32525 24983 33513
20810 23389 15216
3848 32937 30840
12938 31602 28068
2350 30909 22604
27934 35351 16392
17528 33193 3591
20948 15128 15464
37921 18659 8944
24134 24195 25365
13353 13773 95
3927 37490 2852
31657 10216 36161
32360 34604 21769
24760 37221 2808
9537 20642 32945
11318 23306 7004
4261 10652 16348
39696 1017 35707
17811 30877 18171
16181 38335 32659
38252 28621 25224
37914 14647 34327
14524 32434 17358
31950 24951 38036
36579 25476 22638
21112 11521 16436
8408 30832 38788
36275 27833 7538
22843 24389 15628
31987 9560 38284
12364 35502 35346
2716 6623 36611
664 30633 6239
5117 26481 13986
3655 38188 6644
38935 27447 28337
33249 31380 39140
27224 25307 21778
36831 38559 19139
30531 23872 8789
18610 12684 4271
29918 20370 911
782 6931 27162
37 11654 6598
14372 13931 5421
25891 14892 22324
12753 9777 25127
8476 30052 36984
35774 31740 2372
17981 7717 39289
3365 18473 10140
13303 35613 18184
130 2859 29899
28205 22097 13519
2853 23154 8506
22510 11293 25052
37214 10975 2928
35678 10150 1998
17547 34868 27391
18997 15898 5296
30773 34155 12526
13970 30891 30163
35337 25615 11829
16437 25289 2292
34258 7849 39855
28836 37385 20207
12364 13565 28574
29404 32839 3417
10993 7407 25101
6897 29044 29058
33301 19483 3783
6364 18255 33012
5170 15651 24104
39320 25150 39023
31740 10638 22512
22777 20633 6657
15651 10226 1196
35305 24577 28208
13451 15305 26014
7555 35102 15313
16049 29158 31275
29731 39535 6865
5180 3122 21510
20203 5742 20615
38643 16797 36825
31774 7808 32002
13783 9709 37021
4922 5363 38980
30490 32094 22768
24591 26815 36750
38195 14905 7625
23909 9933 13355
36289 18894 27113
35186 19449 2608
34959 31039 24678
12805 32274 15559
31637 15304 2972
11339 5900 12685
32212 114 28478
4394 29353 29650
24361 19219 14910
35213 12688 3012
30706 4632 32016
279 22411 12951
29090 9717 17598
35556 14124 34793
16541 34223 26436
6352 2845 24447
4098 25709 19395
17047 19456 10009
1195 34483 7601
36375 12917 34097
2139 22726 38732
10829 37234 30127
26004 20165 28882
34430 36208 30299
33369 6414 7789
12025 5151 25181
30478 24302 21780
4575 12980 6551
30580 11310 21610
26457 19817 30110
18315 37066 5693
3055 36752 13743
8505 25116 14522
9056 36319 3088
33688 14920 39169
9144 19830 4425
13565 37299 15586
31420 34326 38182
34972 38870 26287
31405 19673 33062
38310 33260 35380
2682 35210 36931
32690 12897 27835
160 17136 33868
5917 26542 11307
27470 11256 31083
15660 19523 38255
8407 17102 1612
28827 20616 14765
14136 6852 23194
31341 6974 24508
39620 11172 20903
1751 29575 613
16136 4490 33407
1258 34669 14559
38876 13853 9426
13714 12010 16771
21706 19084 7500
36742 21507 27577
19591 17309 11041
10632 29434 31322
8134 2942 23020
26831 4787 26295
17150 670 35528
8251 26303 9500
15399 6969 27102
7393 20535 21411
20858 4655 22980
13669 31126 29885
13124 39299 34664
18847 31349 16270
8464 23059 6945
30658 24998 10090
6083 9727 4780
17936 8772 8610
8098 20539 12190
10304 8377 5932
32866 2494 20127
3365 3924 4624
14137 18856 38388
7244 32431 30183
27608 28842 38368
8525 31796 2651
24247 30823 27708
36482 85 29425
13216 38227 24494
24889 34038 25223
31024 28914 38326
13113 24733 5336
38558 4192 1594
10682 10934 19754
15135 33065 6702
33137 19503 34235
17571 31516 23842
1468 38464 8277
27966 33523 19969
5986 10725 13644
22931 4322 21319
16679 4440 10087
22263 30972 8838
37994 12699 13864
11503 15791 6270
2329 16603 36278
38976 8019 13201
30299 36461 33180
885 20683 28202
16650 2379 3235
16075 29415 33498
16102 39362 9470
12779 14043 14963
27717 39536 37121
18467 8550 28738
36592 25934 13740
38019 21262 19031
17542 6435 25898
11162 36859 21309
2488 32414 17067
35553 1642 38246
21182 28589 16295
20838 33579 23764
34026 19475 1255
38977 16634 26131
4776 5460 8641
26836 23124 17482
22412 1976 26763
5884 35806 21678
5454 18622 14257
13020 27530 33896
22346 20088 34053
36145 33783 566
18212 13174 37160
13724 37014 283
9576 15409 6945
19400 18166 23699
25799 34389 17284
20776 37780 20288
9867 25453 28295
13339 6025 7786
31579 21443 16601
16198 21040 20106
36717 18295 19483
33270 39785 38033
30151 26595 36575
21376 4486 5763
33443 8721 21752
5830 5899 35242
1558 18709 33477
33242 30364 33591
5141 14731 27729
18455 17961 5524
22580 32733 9434
26283 38916 9272
25537 6904 428
18557 5556 22148
17930 32489 9436
5968 8411 23618
22900 39426 1348
9692 24992 38523
29119 30520 39592
38852 20000 2567
23951 998 29827
30028 22420 24536
18005 16799 32068
16915 20987 5901
28666 5762 18338
11805 3893 6293
26468 32622 13268
20021 10388 35964
25520 4754 18022
32321 4182 21911
7294 35384 21984
27199 22995 23036
33070 12545 9152
79 24710 1639
19303 6711 4038
1853 7554 26371
10370 4836 22344
28716 8254 2310
34999 15382 26441
23396 29380 24182
22196 22410 15453
38093 10414 20324
13463 37778 10301
12075 6329 11117
15259 20792 2980
25248 11115 38073
12061 4416 31766
28225 25593 19809
30407 1721 10212
31889 255 6132
31309 15930 853
5665 4530 12523
21838 18073 6339
32816 15508 22936
17526 2461 11223
16521 15847 17578
39741 32122 22825
34872 8903 16943
30125 22706 36929
11986 37133 32847
21989 38664 246
10035 9550 15134
26032 13109 36116
28194 32332 25595
7368 38991 29737
39042 17485 11104
9826 13882 34833
1349 19799 24334
7975 13875 12247
8705 39427 15254
12839 12596 4753
32482 2161 30148
19058 22919 8076
18768 37523 23299
38180 5336 35692
33361 37382 38081
6675 19071 18059
37621 9274 15133
26078 33895 11979
37073 16171 34100
18334 7048 27429
20645 16661 30919
23924 28113 5397
15967 26874 10271
16097 39871 17345
21993 20884 7523
28931 11837 11003
29931 14612 6909
17805 32134 13872
34278 7368 15053
34461 28333 17384
17644 8188 23365
33926 38459 24178
26110 18316 34283
31661 27527 7697
39771 24661 148
2581 38794 29521
27483 922 39655
20979 21816 24669
29509 32961 2608
9392 17258 21473
14482 36405 6535
10912 33977 17081
24577 7199 13615
14442 33901 19482
21420 34614 25115
27734 8700 28354
9801 39 33342
1732 14777 33755
22920 21310 24157
12743 26536 4312
5166 39852 16453
5912 4251 5637
34149 23232 39775
10735 17608 452
18219 12597 23793
1254 35651 2167
11972 27952 16357
3127 20619 26061
25251 13441 21330
23237 29586 37684
19187 19476 20443
1904 5804 29221
39854 25758 14828
37936 33431 36822
15021 20909 30441
16561 17402 6707
35862 30829 18514
29490 20961 32822
11365 22409 618
14679 27131 33413
35752 34493 19572
15671 39158 38499
37034 4465 6852
863 23282 10397
5742 5769 3714
5305 14377 17411
364 37939 19033
28842 2120 4700
24705 34904 18289
25100 18834 17490
18470 4691 11812
1877 23824 5591
8578 4728 22498
30479 27487 21886
12892 26395 24999
20282 3115 37885
34609 24927 8811
39736 12112 10724
13260 19907 19401
19792 23634 25706
14622 30759 38134
27010 26313 4721
12842 34567 29893
5795 37690 21780
38981 17261 33870
4541 4488 27359
20556 21132 37700
2168 3098 38103
24703 8781 11905
26874 28925 24531
31661 27767 13204
6025 32529 8230
12187 8964 38055
30938 29057 8728
11541 27283 27322
3296 4715 24857
35667 30315 38217
16763 27239 19459
24926 33124 618
9883 36171 39382
29026 32596 12901
22854 20022 23404
21913 30548 34591
19140 30763 38822
20859 16204 27095
30944 13952 13
32024 9729 11789
3986 16710 27549
5468 3572 21658
39731 980 12673
1421 15210 32699
8328 31071 30061
3017 33220 5620
26080 21783 31203
7833 36861 35575
35249 7204 1552
20829 23078 16440
8139 11450 200
13735 5703 8745
27838 10739 25368
706 15987 20717
7371 21325 34723
32831 2238 21841
710 27717 18844
20618 11541 33813
30196 17080 26173
17887 31734 2964
39327 36016 21321
5406 25346 32209
18571 25937 22870
20236 31782 36536
3814 2894 17227
30426 27481 12776
10127 2321 13860
6704 38750 31417
25872 1028 4896
30851 10147 25774
31526 39337 12974
23011 31697 35900
13746 34278 19008
3353 6320 2314
11955 8442 18060
12116 4033 4840
28893 1278 35250
3406 5012 16600
34682 7594 30790
31626 6419 10588
11479 33204 38453
14945 39045 29046
9589 39385 16782
19403 38455 8964
13375 2832 25745
10827 38683 24931
18238 4859 5284
27686 7740 16524
13832 30179 26755
19936 491 3146
15138 3911 27597
12949 20407 33919
216 5452 28746
36217 11465 31972
6598 35990 11704
1987 37846 11569
17029 34335 36633
36373 9697 26244
27649 39311 27830
11828 21453 11167
7092 15912 33184
3976 11962 20469
33150 36487 16285
19274 28708 25632
22871 11094 33729
2003 18895 18502
12692 35438 25728
27692 30435 17404
841 37371 9301
1755 22225 39855
24045 9771 36245
9481 19171 10978
8336 11320 23329
5245 6214 10004
38551 18513 29676
39107 36027 1984
22583 11902 26272
26311 30847 13422
18738 8627 5520
35440 10892 13875
21134 36536 17526
24905 39874 15377
30718 3227 10693
39746 15281 15270
20935 36301 438
37330 16381 24977
16264 29728 19429
30351 2063 20927
38711 38025 31257
31230 39081 8134
1849 36893 19871
11251 31548 33404
558 28067 29317
7285 36236 13239
1476 15301 30613
9113 21719 21157
12156 29922 7421
25783 24076 14684
9395 26972 17818
15393 38445 10530
27594 18658 13426
3099 19514 5956
32468 4104 11278
35876 23947 15796
537 28411 20398
12766 6180 20189
4941 35983 3679
13596 2669 1033
18722 713 22305
12704 35422 1050
34305 16098 740
10599 39882 2865
20689 26447 12434
18034 10454 22711
37030 29790 12960
4594 28993 15414
8168 11453 1131
22803 5528 7777
28269 6939 36312
3259 29868 26320
38133 38680 3050
38466 39150 28218
13844 14949 24218
35960 23240 4029
30457 20801 1832
36085 8789 33216
24340 9488 17108
14364 35335 18423
4573 5207 31888
24944 9893 14678
10666 8751 32853
18879 16698 33287
19738 19390 15782
27449 9224 3619
16525 10221 3308
28709 38566 14463
16236 25034 7160
14384 157 21086
22835 26621 10978
17824 22890 22541
17339 12541 26030
19715 2545 26548
9096 22067 20892
39512 19538 434
5264 33460 39538
18247 21602 31304
11124 29117 7322
22194 16451 28570
6711 11048 30340
16618 26841 17314
28176 26740 26703
8981 17420 4622
18685 34969 998
34957 9450 5355
39277 15444 164
28303 4685 38733
272 30414 33318
29878 1874 22621
5833 33747 16597
12958 2318 19202
1463 30591 34453
22315 33428 129
27991 18261 1262
1363 30632 4566
20086 35164 8843
15715 14585 5016
14513 18693 19114
35674 8464 21357
9992 33007 12893
21086 35372 9507
36070 19208 31537
23005 11469 12981
32768 11813 30180
32988 20982 3718
37090 21843 12853
33423 640 24354
26884 17459 35059
33715 33315 15120
31302 39973 31152
37645 32147 3135
36783 26588 38173
7553 24314 12831
27213 16407 2052
8871 31944 36519
34443 29783 2025
15817 37850 10919
38816 4054 28216
3524 8294 4889
24753 5973 5020
37155 4606 6809
38976 18619 28691
25196 13322 33138
31109 6312 29481
7571 38295 20840
7253 26809 37856
36648 11345 9852
26970 27592 15615
5571 22665 28912
21983 35005 37765
32461 36966 3115
5478 20984 33783
2900 38860 36088
29248 3484 32969
29278 14004 10543
3883 33039 39840
2072 17385 36959
8044 1774 34664
16215 20145 12461
1131 18649 20529
418 11926 9243
13111 4096 21213
16527 18764 18641
6094 38883 32019
30662 7479 23076
4354 29551 11125
39421 3773 22470
1690 1118 24912
13221 11194 39672
35849 16344 12946
23588 24048 13133
8470 33763 34853
31144 2902 36096
16788 39411 2060
274 21078 27827
22340 37086 14759
22933 29480 2713
10112 37767 27431
26250 21201 32036
32194 25550 32157
24647 36787 10870
19377 29377 22778
38666 38210 38565
9541 31601 30178
38912 31290 31272
5727 18214 17381
9072 17528 7335
7993 23621 12285
26657 14277 30088
6466 32943 9908
32446 17535 11839
14720 4081 21191
8514 19573 18676
6179 26748 38238
33668 19723 36795
12686 23562 1216
36644 38732 31294
38665 19368 4060
24485 6472 22166
14630 24442 37303
14795 9670 26283
35909 39364 16495
34554 8583 18324
37948 2948 14556
9264 5461 19039
12770 13736 15546
33948 31695 12529
34159 811 25517
25629 38340 27550
5300 37675 20160
33606 39621 10811
22634 13882 37185
31770 32371 31414
17284 28859 9795
30943 30786 38791
28702 13668 6012
30411 8179 24257
12894 27280 6081
6493 31672 10184
10470 27668 13975
28196 12230 21391
23679 6211 23892
10062 14664 23428
19840 6535 23698
27260 26429 19304
29927 26371 26606
13625 8299 33833
35372 14877 30722
7686 9398 20087
35646 35951 35510
1386 30403 32261
5356 23096 37498
17895 35769 5772
20334 17799 37130
18131 13638 35610
16735 28612 12831
19625 33975 25473
38150 9477 24922
917 30415 30040
8643 4125 7765
21654 12135 37764
11534 14481 36454
13415 36553 1644
18381 20567 32455
8231 37766 36540
10164 17050 26205
28310 14016 8765
27951 18911 10334
17124 26673 31181
18073 13064 16538
32947 29070 19967
36974 31111 16394
23310 19816 11966
1024 1237 12676
28820 10087 232
17446 6888 2478
19518 13034 25283
15517 13315 3657
6201 6346 34248
7780 27880 25460
28762 8113 19614
29247 36656 36095
26263 17100 38526
6119 15715 2036
19686 8849 3110
18146 13646 25632
3001 12170 25868
8635 25071 32202
20414 4665 22898
8411 17719 4264
16459 1651 34900
36218 37824 16571
12780 2765 23895
35752 24869 1622
27129 13561 16036
9129 5810 8459
6300 12967 3605
34972 12552 24388
380 26714 10995
21043 20909 39143
27636 3249 34393
13484 10680 20843
16894 14295 20600
26829 38636 114
20809 38697 18404
33441 20625 4991
8795 24056 35543
38127 18015 3511
16564 28216 8593
17635 15782 20460
26384 26753 23940
21490 6326 5554
19723 8887 28220
23398 15254 35763
9657 30718 4396
35732 27783 8194
19572 36041 23110
1339 28675 23084
1402 175 32598
9292 22096 6455
923 3222 39102
10238 8809 34592
21960 36312 36113
35027 35614 4604
18380 178 4195
28512 1555 17291
17224 15984 34062
28728 25943 17258
20452 2386 21324
10969 13169 25140
34781 10475 1686
37671 3995 30257
16426 26159 9328
26419 14093 23857
11720 21358 21021
63 19085 24876
29570 29186 29706
9726 1573 18627
12017 14359 6526
26390 13816 34888
15305 35235 5021
1683 31194 17618
29451 32687 37576
18578 21653 37656
8261 24199 5599
16527 34958 13582
5916 13941 21245
39341 9521 384
33788 39708 16888
32727 24084 31082
38049 6992 10083
36878 23988 2628
4524 11083 34354
32331 35272 9150
3353 9753 13499
11847 27205 33716
