3350000 1000
32269 17659 38331
35575 5208 25086
20918 29045 28748
10872 30389 30404
26789 7199 1669
24447 1559 8545
29004 22651 30111
27215 19377 1344
24948 30057 17882
17125 10781 5442
26000 19847 26460
9232 17472 9317
264 25362 23515
28379 21496 38878
36060 13561 34651
36614 37609 18688
20709 28902 24019
8825 33572 6989
18040 6321 22449
28806 37640 39380
4545 8834 5028
13157 28955 22947
29154 34519 16036
30311 34797 8139
37078 33775 18122
26727 3599 19436
3509 21967 11462
6437 2538 15875
28888 16038 27391
36053 19840 31369
29166 32773 28006
3034 29745 37947
17294 13801 30854
12319 561 39281
338 6744 10857
8736 12514 15008
39941 20995 37580
28737 20412 19600
27188 38063 10623
5455 30826 36736
37735 5669 8689
26956 35918 20606
3227 27613 22521
31958 29839 38163
12146 13861 1645
20311 10613 18021
23752 28282 30848
28545 22802 33513
2317 923 31190
5199 21340 1786
18142 3655 22121
39375 25012 25020
5758 7010 28742
992 31393 36894
10019 38725 32045
1909 22177 27547
11390 7729 32417
6535 28550 31513
37163 39004 31101
36028 24307 24248
9141 27677 26813
18814 11147 15162
20124 27819 28153
26043 29142 22935
39625 18548 12451
21002 15012 32087
22996 35513 2377
16377 31633 16540
20825 12927 17787
37101 19982 18789
17968 13438 19404
16490 14636 16823
6608 8476 15244
24044 21701 32763
494 1111 1781
7437 20405 14007
32284 33022 7849
11972 18457 30769
9083 20045 18302
15719 17510 2672
1990 8266 3824
1269 37286 15319
3663 2632 30204
7847 36841 37330
21156 21272 12340
3123 19498 2844
16189 4382 30809
17566 16004 2256
16626 17228 27075
9774 4408 14789
24399 27386 21352
32609 29720 21681
11719 14807 22795
33989 22739 16079
26326 8434 17179
1989 2059 17151
4459 11734 13342
26388 8415 26283
28169 23538 728
29887 29903 7762
24013 16654 6428
15518 3513 38492
30987 23302 20978
34654 12610 4801
26202 19401 13240
14305 13102 11894
25175 36432 1596
9391 13437 24172
34289 37657 14748
34685 9040 25277
29376 35151 32831
8501 24625 39793
3324 29295 35374
11080 34348 21217
5082 25936 16084
28297 3059 38577
25953 8735 19644
9274 1505 10779
29181 35452 5524
1436 13537 36101
15837 33980 21181
20664 34707 3885
18544 966 35381
6927 36133 27531
890 33746 245
17863 27525 19139
23082 17207 35447
12789 29726 7247
2271 12685 35651
27607 30732 5737
11516 23391 12164
34925 39399 29728
15885 7020 2110
38385 6312 11568
27795 17314 6877
2599 4921 9785
26161 16554 28353
24583 8181 1770
31138 22693 25913
21177 6066 29776
4189 3763 5265
34655 33159 1351
25637 10397 14576
870 15423 36999
7321 34118 37404
25891 33180 1491
12040 17915 25629
29299 12957 14773
7903 5876 4842
13456 13299 29845
39343 4541 3531
5230 39940 7959
1068 1980 25240
1665 23746 32077
28695 34523 28685
30212 23845 5152
21305 8202 3912
19295 7884 17809
6754 30548 13689
32454 19419 35043
19217 39699 15837
19248 23385 5390
34169 8797 2102
15873 16359 481
22021 36054 5802
30338 27207 32351
19922 18671 22906
1088 19611 13948
10179 2554 19379
250 27974 19860
16665 20146 24024
15271 2977 26110
8908 22663 38100
31365 26154 16970
7988 33041 34174
27958 14556 21967
4812 21835 37126
28386 32673 27689
28199 22436 25796
7583 18741 13370
8716 24466 20232
12754 12747 16967
30 21820 36200
33741 11833 17122
2250 34058 10723
33701 17840 12064
12946 3286 3614
11515 31270 37262
35506 38202 29710
939 20501 28663
16779 2087 22349
757 14797 27862
30766 11493 25593
5116 7089 24469
26188 25288 24157
18677 25689 4657
1697 17032 27502
19244 17667 22948
38101 35271 13427
25637 34678 33509
13689 14708 18778
7063 35470 17967
15562 34835 5190
3830 38550 37523
7274 32913 31025
13452 38884 12097
7929 23241 24339
27682 3989 676
13887 30585 6136
10401 32166 39904
31426 27367 31605
33803 32773 34588
18 758 8292
6364 19030 11053
12824 25557 4248
9975 38732 6337
12772 36576 33512
9857 12043 9954
13996 1043 22356
495 14066 6640
22224 10462 35541
16197 27019 8879
26033 3403 2591
30205 39680 22021
20258 1343 5603
6230 33983 17594
9730 5756 7650
38407 30154 12845
9805 28860 39125
16780 26760 30714
21736 28744 32181
13715 32533 6481
27457 19861 28929
17592 5495 15992
36352 22819 12847
31071 11932 4841
11043 19086 36789
12240 32673 38889
31426 31968 5853
33957 16629 9699
542 11406 20157
26812 20121 25331
24549 39266 24347
881 18714 16183
11935 34331 10697
5897 9727 30851
31143 28900 9352
14376 27850 24209
35558 13435 20149
13424 382 28879
33585 3949 12251
12190 31574 14818
11903 12018 6633
12937 36123 14775
26911 3548 4699
29914 9792 37387
2456 15069 10471
5145 31793 10874
21989 36244 14772
497 26182 19951
13173 28400 4267
3006 18497 22110
3030 3533 33901
35269 25157 26972
6983 24666 4853
30971 14510 12649
18439 36350 20094
9441 25920 38110
6819 19386 14955
25580 34767 22143
31513 1394 30022
35771 8777 39592
31510 12996 37282
12944 23525 25631
31325 21295 17570
31758 7423 6312
9053 7485 5316
27830 26419 16645
20440 30149 33890
2010 6910 32430
24059 27288 6227
2254 37109 4069
20397 34689 7005
35458 8158 704
34091 38003 9556
2005 497 19401
22114 14838 31789
37257 3225 10630
15677 19963 22864
22883 26866 19536
21508 21229 18108
35632 2584 31573
26885 28768 6909
285 4891 2061
18668 26545 28549
24631 35408 31778
26038 1469 25474
24507 15903 33089
23404 25026 22879
3127 26063 5517
24342 29071 19999
39229 3287 2365
12811 9692 33788
36897 38747 14991
22995 8408 36275
38264 11061 31135
26740 35818 8887
4318 1218 649
37114 39705 11104
24382 5342 4654
14902 1045 18067
26572 33845 25203
23759 3697 15825
6519 14172 34845
3949 19627 27273
21528 7381 2599
5696 11869 9700
26946 17912 7650
3846 37686 34433
35589 24408 26703
13500 2836 6124
37456 4525 32441
36008 17378 16745
30336 13070 18425
17834 27207 13462
11206 33153 18881
32503 32274 9322
17510 1604 29886
3323 4347 2163
38612 35191 15225
25274 29961 10943
31581 34514 4114
12840 25547 34526
36767 8936 36384
2596 3960 29289
14291 17017 20531
8896 21830 17020
36175 24311 1967
19704 39281 32262
19230 19245 22328
29793 28074 17321
18431 20203 28796
16271 36782 6792
11255 35449 6205
23055 7107 36602
71 35103 6197
29244 37254 26441
27164 30024 38385
36395 34219 4837
18671 29084 3134
26775 15094 5315
14218 14088 38213
26818 13734 2437
5946 17616 23408
35487 32081 14629
5661 9906 9721
26510 31777 24578
38548 30624 7543
7680 24012 28681
38542 20141 35085
38658 31440 12182
20770 10720 32975
34045 18224 34570
4174 25880 10249
31045 9258 14963
5294 28075 35172
4848 6500 20795
652 9711 34289
4937 13642 15624
17395 6230 12492
8309 9054 8826
25095 11213 36944
31742 15596 17003
9555 6406 4458
10925 20398 3115
4825 14808 30440
33831 25162 21465
34266 39721 29160
22950 15984 13897
17930 12355 14524
5974 20441 20257
14838 34122 27033
11297 26324 13727
1749 39990 39362
21819 13227 29480
22783 12230 4145
6836 25171 21276
36995 38673 27312
8606 23019 16653
34789 20067 34731
4246 16889 18956
28521 35029 3370
31349 15672 2229
24834 39688 16447
21698 19474 18155
3912 8748 846
38105 13415 18858
9541 19855 26373
38971 34747 1500
25672 37383 12452
14171 18272 36132
32255 39678 38897
3830 6221 32768
11928 3182 23085
27132 30876 17458
470 39324 15859
25437 30640 22378
28078 34845 23631
1410 28481 22267
12685 10664 8883
5624 37698 3382
26078 39058 34979
31534 36132 5414
2420 13038 21551
559 21163 20225
36258 28204 22243
32081 29025 18976
6969 3387 20345
15475 33543 16379
27502 34166 38779
33094 14432 4036
2707 32695 11289
33476 6071 33825
22069 10890 754
20931 27310 413
9230 36953 12548
14419 19212 11471
29445 29209 18173
19921 24254 13711
10944 3773 37822
27024 10905 4858
39811 1615 34345
28258 36676 15132
27408 17563 30234
36358 17628 15747
27340 28059 19820
17161 32054 9611
12837 13849 10836
38635 2448 20079
27376 28885 33807
9485 550 11820
1018 16263 17041
39229 3483 19068
1236 7361 37313
10143 32135 21311
19589 34035 18043
2254 11351 1941
6956 31480 35139
947 3458 11963
9158 22619 18308
14057 29767 24046
37146 31855 23988
36595 26173 25522
36346 6151 17533
24981 29472 16114
15918 29335 15873
35478 19376 7514
30500 35649 794
16254 30586 38689
17219 9132 36275
3543 15404 25519
2429 28580 12941
9148 14298 21440
23802 30546 20444
28361 39858 26620
26048 10456 29764
14708 35621 28144
19295 4514 24167
23056 34804 23425
30620 30824 37578
33891 39978 5992
11294 23691 20420
9267 10484 23480
21503 9714 6398
4353 32405 6470
33960 29467 21301
22421 11966 5752
11588 22085 4219
33354 10164 21703
7279 27302 1151
10827 37451 10435
25921 26321 22156
5345 20208 23776
25474 13318 2489
3151 12028 29667
33207 12928 37715
30550 33874 30125
33167 6793 10162
7706 14073 14775
28447 31274 6014
15311 35511 28622
12732 1009 10890
10776 1964 34389
8022 3374 1709
22091 28954 24665
26217 3164 19801
3709 21478 21520
17005 11235 1643
15113 11652 13426
25228 4237 7420
10877 6484 4065
9303 21110 26767
35216 4123 17407
3377 33163 21065
39713 8486 8106
33463 24597 24311
32593 11404 4864
13846 2541 1048
18749 38854 3806
29582 2578 39785
431 14430 7939
32168 27584 17203
19269 23737 9349
1030 19531 28880
17703 29597 29181
22564 21704 3428
38535 5148 37092
15846 37390 30870
6163 28264 27580
12628 19498 5666
20540 17348 35586
10395 35010 20587
21520 38944 33665
7341 26611 18336
12544 8699 17165
34663 5575 12569
15112 33781 14899
15947 37946 34235
13289 23387 11107
36529 38951 27914
13395 18391 10294
38545 16681 25094
14396 20690 17654
23473 3694 17568
14527 3389 24162
28967 37217 30331
4802 6074 8591
16510 39517 22968
12407 38366 31831
9561 29699 15175
17345 16922 1660
9022 5379 31043
12104 36466 12726
26770 38036 24187
29006 36422 1485
28529 20724 13833
9351 23467 39794
15610 9409 14419
37256 24215 34432
30115 3227 3652
38039 18814 16205
17786 28168 10413
27624 29199 9093
26932 34163 20061
23183 36113 31847
658 23168 28816
7868 10644 31588
5198 36508 30862
10625 31752 16057
15324 14839 29918
36154 6607 3330
31658 12560 25309
24029 27703 31463
14312 36737 23840
8953 28777 16012
7559 36156 1849
15420 6574 5372
1788 34970 27189
3779 15338 4467
32689 2612 37499
11905 27237 25527
3567 4905 9567
17678 24823 11102
32753 198 4867
36131 7755 13450
21225 5485 30194
1234 18863 20646
1055 20024 28661
6862 18806 7915
30978 28476 22113
4092 20265 39747
23753 25878 34135
5104 23665 2059
34492 31471 3182
38025 3860 15948
12167 12651 35601
599 16421 6636
37543 35106 19511
30902 24179 14756
28965 13848 21833
33280 28846 35991
4632 39711 9504
6747 26044 19385
32627 34698 21537
20915 6083 3058
21390 13539 7401
23392 37333 32879
16820 35406 1174
38931 31625 9016
37291 30401 34388
7375 2035 5026
20202 8839 26494
36859 38909 26507
10514 1707 21819
29392 34328 15632
39043 30599 34470
17674 23236 21804
13098 407 6772
28412 31663 12446
34411 14787 38863
27143 37978 9491
8246 18631 39018
33745 9486 15929
32565 39017 24781
16296 29467 14369
15575 8361 3138
12107 14800 38693
37486 24149 21570
18485 15033 31610
5160 18854 20335
35291 25109 23131
24520 18984 38276
32850 10243 26680
5373 7679 27995
24249 21728 34004
23208 27201 27729
6818 11349 643
6464 9369 12474
28381 33555 15339
19606 21709 20275
33231 37930 4996
18480 34082 10164
14419 34194 12520
20807 26306 36605
14831 28867 24448
37503 33044 30967
31156 35962 18015
10832 12017 35241
36810 6523 8969
1424 38239 14623
13817 35204 37887
24688 16961 10004
19070 7346 855
15123 18156 21899
39601 28291 21103
34114 35072 17312
29836 20442 2365
26886 2052 2501
21595 24191 12379
11463 19740 27245
4532 1000 11136
30160 27671 26773
8472 6261 12373
29013 10296 21948
22723 11683 37258
29508 17953 10924
5056 37301 14239
3750 34785 12137
39093 21514 7621
28152 27120 10672
26460 11038 10509
38918 7592 22475
27070 38573 8203
24968 15625 33713
5242 29825 19280
25954 18897 29555
23595 33171 29953
31795 22193 28911
15844 29592 7702
20723 19377 16262
36270 28555 29067
37592 12368 20429
10612 14185 24534
25292 3102 35455
21312 22682 1378
28949 4984 34654
20618 19908 25136
21838 18056 7693
7207 32840 18250
29317 14475 31379
22693 9885 23609
26093 37422 36365
14048 9424 36840
28637 27779 38086
10455 11152 22236
30629 9587 33133
23262 9962 6968
36523 32980 7214
18458 25976 31141
35783 29654 934
440 23038 13924
19379 22324 31336
9417 27123 27296
7139 15432 10524
28906 25071 9784
32494 24899 28390
30065 31229 24103
20249 7136 22428
22010 4041 315
19432 21134 767
31182 3822 11585
840 27763 12602
32068 10577 24351
2173 36726 37723
2265 11290 21422
3802 7111 3725
30744 13872 25633
15416 22518 26561
22726 23372 14088
26674 3117 24784
38407 23683 10292
24145 38859 27399
2452 13222 6988
39996 4214 9055
2501 30283 3614
23498 10868 35293
31750 23649 21310
4055 5254 21395
17008 6708 37998
11053 25569 37054
25462 3749 26163
32041 35085 11203
35000 5708 717
5357 34545 10556
37392 22541 38961
20999 16284 2209
15328 32074 25593
3102 23963 4208
10532 1922 6073
25543 27100 32117
32489 25536 37529
20379 14647 25155
15772 20473 6253
19373 29985 18817
36246 22567 3122
13307 20062 24420
33430 26386 23317
36855 13862 38137
17874 20046 34175
13880 37556 14735
12947 32023 22532
38989 37466 37
12598 15847 14887
19749 26446 37501
25493 35286 37280
784 34720 9694
623 32117 34255
3666 36023 4534
12111 26276 7879
32645 37788 28010
10629 14942 10264
22791 2901 7288
2558 8184 17749
15335 880 38205
38656 35153 36332
9697 19954 24586
3421 39784 24394
33231 4686 2325
1515 14556 32825
9429 477 27114
25278 37451 19538
22217 34863 5753
14978 22485 22280
38216 8183 3288
26940 436 15589
38332 7210 36054
11441 27755 23022
19151 28050 16965
36628 35790 597
23101 20968 32575
12986 20369 19241
7185 39164 13027
732 8993 2990
9081 6268 35464
5569 21070 24142
38014 23906 17362
32083 17641 38976
9797 11351 35398
11883 11435 32679
30707 15448 27501
1952 30998 24961
29964 31073 5934
3305 20802 36066
28852 2301 39799
35934 19181 31830
39197 8748 5903
14556 17512 7276
38029 39364 9453
28892 36609 4665
6358 16586 29301
15449 10368 2084
29518 13718 31217
17835 22614 13821
27577 21702 2597
3475 27748 21939
33642 14171 17176
38552 155 33397
21650 21880 3767
28641 26232 34369
21876 11552 39386
13057 33547 14843
23241 21433 3100
8349 7956 10
5246 7899 16092
32012 23271 5012
2451 1662 26165
38132 35669 30551
7639 37842 35554
9403 27739 15225
27768 21001 39508
32516 2505 9425
14567 22179 35486
26595 24050 24314
9800 35075 27930
14440 11582 5624
18416 18341 2136
11587 37888 6980
17383 14957 7989
21080 21615 9529
4332 2163 17794
31609 32723 31113
23161 35837 7358
19700 24466 35750
12230 16529 12257
35736 25950 28551
4148 9422 12851
6760 37192 32519
1599 27503 289
21470 33131 11369
22602 29239 5279
38513 1001 5205
13031 10132 27198
3785 25347 38163
23672 1733 30219
25606 1332 29263
4221 31517 2451
8721 33445 27714
19062 14989 26663
23898 28761 20013
20652 15275 28169
37688 5415 10520
30275 11617 4739
1223 21931 4794
16747 3491 34022
5766 3253 15549
2964 39851 39404
14285 8109 16262
8888 14423 36535
24921 3948 23465
7841 2911 39468
14209 24255 36801
7353 2059 38115
37601 22555 23175
11988 32979 29674
24265 20270 20011
5880 17178 31446
15601 24414 11964
19543 9137 6050
15307 23006 18543
39490 12287 8142
5048 11104 17614
3457 36564 30537
16750 33948 26392
9507 27000 2574
18712 22707 32808
10725 9849 35273
28417 781 291
13896 10894 165
20886 21206 32898
7487 17556 26396
11777 3060 21948
28666 2168 1826
29687 15691 39
9412 25099 15120
20479 20908 35213
18939 16293 31135
12275 23962 38678
38797 8136 6686
8486 28843 5176
24328 36769 32943
8011 31023 1554
34728 3951 33328
27617 27575 1773
8114 1303 13165
25534 32148 34110
10627 16247 7094
37796 10800 15903
19233 2686 11371
15905 30868 22120
29053 9244 38252
23370 29313 21336
13614 30487 34171
2900 37556 2287
38099 13691 16371
28644 9901 33012
8165 26522 24230
6744 37079 25480
39468 16959 38289
25691 27642 25331
22429 21625 18671
20678 34422 20706
22922 11904 10638
25011 37380 13040
33148 39813 27018
28515 15361 21810
10774 17523 39221
9399 1321 33591
8147 13621 7271
664 21022 32722
9806 24771 17326
25405 36564 14906
16346 16270 38685
3782 515 21835
1110 8071 20475
7 28593 39723
24657 5092 13565
23805 32954 39290
1249 18517 36894
24464 35317 25774
316 38279 7676
31956 13370 21911
29826 17788 17869
752 4367 1454
23873 36290 7301
32541 9957 35544
32283 31255 36759
9311 10486 25687
12008 14213 36001
9272 19627 34621
38633 34500 24543
23711 14040 28843
11190 7595 10508
5391 19841 15022
1970 27964 23547
5885 27236 1973
13679 2782 10909
17065 27910 6471
34901 1093 32305
13630 1278 5603
36463 29599 25049
5728 32187 11388
19381 21067 19478
17374 34885 22392
7276 3818 15773
25013 30054 27615
1609 980 5707
27452 8138 3367
4243 6207 6638
2250 21642 39559
4042 16346 8030
37467 31959 18884
27589 33859 25639
440 17421 6164
30338 21307 6657
39882 20321 7900
30325 34253 14790
6590 21615 32726
23222 26708 39538
34091 30549 24684
25832 35526 2844
31202 15531 17812
6329 10293 16240
8857 37443 39478
37904 6576 4759
36828 1844 20336
12244 9717 3805
18859 28785 36727
12110 11216 27638
13109 13846 31600
21213 24237 26110
15837 30150 5502
8139 35374 9745
14774 4848 7520
16028 5065 15059
3095 20057 29919
30266 20802 32970
29316 23698 29212
20316 259 17756
4750 37341 32780
20084 1585 17116
30994 7744 25394
14620 36018 39153
1679 24948 23245
29881 6590 17926
18870 32713 27948
6170 27143 26629
8930 37014 19598
1799 12228 37724
1381 6861 24564
18688 30623 9600
10131 35428 3934
32610 38887 29042
8002 20307 10392
32950 23804 21951
30165 12694 27840
13415 20628 33902
31513 17995 8502
38604 17686 18609
6536 10053 18274
5397 6438 28082
