3350000 1000
30055 22381 27499
15005 19683 29019
30791 26300 20098
9568 6987 36158
30137 8880 4321
34407 16432 30784
28777 34788 30611
30456 16864 22656
15879 11511 26462
2433 35703 29949
18809 24605 12428
37178 36999 19740
28603 3440 27009
35339 23992 26247
23620 10010 10248
12717 10289 15443
35764 29607 7411
183 24537 30841
8672 34295 37661
20526 15033 29260
23100 5957 25228
26419 1792 28472
38521 9352 6415
9066 12113 33982
36638 34604 31514
25721 20035 33067
17199 10504 22569
8250 35780 8322
34333 11576 1800
7356 16517 36382
36707 21348 4143
31015 38686 14717
6343 21532 15138
2359 35 31867
32473 36778 29177
22595 29169 10991
35504 10399 8319
25499 36691 8877
13440 8409 27746
16105 21562 38755
32579 5690 32385
32477 10646 11289
26197 27790 37542
11930 10857 11131
506 13593 39294
9058 11724 36098
38638 14288 28881
24060 15749 23007
28663 37171 32394
6864 35821 6144
24731 26817 5275
11192 310 37643
8563 13454 21588
7738 12511 357
8175 7849 5978
33655 5349 15034
12315 2587 25525
33008 39915 11382
10533 3945 36824
31680 28678 36730
3010 24178 11984
38057 28370 27593
27879 17089 32395
16762 3583 278
34040 26482 25499
27350 14533 22216
28592 20551 7018
29122 1833 24994
30466 35265 18756
33868 25530 4874
15641 29357 30756
38065 27067 3183
21547 33572 13559
7061 31905 8017
12537 31989 4341
30837 19982 3156
23040 4547 22469
34076 23038 11053
13230 34172 20825
27601 38020 21148
11809 28547 33703
21244 14489 20531
10177 360 33067
3643 24139 30298
20539 30600 18472
21292 23576 28322
6831 5943 17615
18329 18502 33294
36378 35278 39977
37648 9206 22939
16138 39790 7570
27296 27219 34106
8419 34411 28871
20519 33556 1731
7494 4323 30747
12881 24111 10382
24039 15276 12960
725 6581 27775
8408 8048 17218
14105 7806 8820
16603 17041 19387
26005 17552 5524
15938 28220 16583
21837 28591 21697
19116 12719 20685
16645 36422 12322
2866 9135 29093
35463 32517 6337
4920 1514 31200
39830 38907 22723
17872 3706 31309
39337 19321 33894
27423 9684 11927
27222 2633 13773
863 7177 23670
24884 35332 3157
16832 39086 28181
14436 33175 26793
35139 35535 28506
16461 17921 39509
29128 23744 3012
5176 27728 3094
7402 24884 29380
7700 38134 25244
38444 25247 9209
7380 33335 17478
29390 22629 13068
11689 30524 27008
33855 23428 23230
1042 29024 23580
15966 26880 13869
26180 17661 8512
8615 13004 752
20051 1538 1863
16197 21859 24437
14584 32739 30836
35570 17433 16079
7114 2352 8519
11275 32728 19555
11341 32793 16672
5837 6923 25629
3180 32622 35138
23136 28519 23383
3199 8561 4184
19421 11618 3173
35836 3048 33866
20160 13504 3051
17568 20972 17496
26734 7740 11430
21439 7431 26423
34360 13579 25831
19150 30688 27180
976 17839 33872
17153 27940 100
35151 21910 23001
9817 17405 2942
18505 28811 30643
39050 1382 7567
14601 29539 16011
24829 39089 21193
7853 33463 6528
24296 2096 10201
1229 26004 662
38463 28082 11618
11666 20973 10736
7458 39483 30623
17071 1596 17180
33390 14050 19238
27880 22812 4041
17791 24907 33212
28112 24459 31771
11201 29461 3660
27757 23521 10631
38713 4420 38373
23017 25821 5797
33808 24502 2703
28934 16425 2335
39178 17636 21287
20016 34344 3380
15033 3536 35392
19185 27823 24615
35288 31956 3784
5722 19401 3234
36248 33713 5422
17375 21654 20186
30536 38944 36544
30791 14386 18366
36395 30194 5947
26918 35755 6272
35557 25934 20954
29763 24569 21442
39049 19226 37509
14428 36417 4596
19636 29586 36020
37297 18376 31338
20485 27753 29494
39560 33841 24773
26909 552 14872
203 11493 26406
8876 28536 14704
17530 7093 12358
4800 9346 13374
32589 7525 21880
12000 4678 20833
11651 7272 13802
20314 17513 33127
18425 2426 23649
20631 18646 28775
30214 27877 207
37978 2152 19360
26107 4894 21885
30908 27324 9767
17333 29698 32164
845 25515 35608
30900 32803 34423
34152 30784 8440
15776 18096 22766
9578 4015 37670
18141 12833 19679
3910 12002 30383
4784 28793 3501
14146 22426 12579
31114 13060 12511
11530 29444 14160
8889 7134 24292
18640 3955 11049
27287 5687 36820
20948 16109 28568
10165 4819 28606
4769 33652 174
9703 27192 39297
12781 7794 29809
25942 26784 15827
31593 17667 22152
26703 33858 18279
20133 8056 31675
25019 33373 11411
13930 31816 902
6298 36249 697
33616 21532 14331
21579 6738 32642
37129 6304 17839
29294 39614 33715
16037 6844 3307
8486 11890 20522
12791 34232 14115
26388 12919 32338
21498 33880 25446
16832 33723 20568
30337 6333 37459
25117 22210 38310
6118 7320 25526
14929 38579 25221
18109 20087 27558
5225 17182 3276
14011 25786 11717
2352 18570 37725
38106 9661 39411
39305 5374 10177
36198 16907 12388
30854 35791 7972
6026 7756 37149
23885 21203 30808
38894 1179 31491
9445 39129 9020
37398 36089 18007
14561 21693 19731
6798 9910 36278
14976 13820 20492
19719 18957 12412
36312 5014 4567
39416 17813 12776
25790 30636 1668
12980 26680 29778
12116 13347 11586
39280 26396 8999
16816 37050 10052
23861 29798 17828
35204 8800 863
35273 17860 18003
24106 17969 35875
34091 37430 770
36948 23215 31554
23878 5602 35885
17142 29269 17300
25970 26320 31071
33323 14053 5623
9176 15432 17472
36460 22720 28970
3564 19230 1486
14614 15929 36508
9528 24655 18039
26597 39906 5445
33524 18011 5089
17098 14161 35990
28202 18559 14467
11989 31963 17549
5668 18000 30758
10447 34355 1129
33430 4685 36910
24832 20927 33380
34571 24165 16071
36737 21966 10793
11658 15692 30793
36429 2222 6881
37622 37724 23493
23353 10090 35925
11864 32551 25207
33216 5718 1151
16225 15393 10649
1681 39802 15754
31313 1299 25117
23307 20879 14236
26179 20997 3248
38157 29445 19997
16164 11210 16686
32588 31834 18406
11772 17874 34570
14237 8308 13386
30430 28218 5727
7641 25150 25
2660 31040 25655
27527 8131 22290
5255 14917 23340
16191 16583 25964
37690 1486 12917
26410 32527 22121
18077 22762 524
8210 35492 22098
34093 31476 23537
39334 14784 34260
7160 970 24448
30694 2276 20132
38482 33084 15649
20576 37019 17049
28291 1485 30588
11812 7446 37860
29547 26360 29571
2217 28399 15320
10075 39466 6839
2496 11587 25701
6680 21142 11005
14535 25826 29056
38735 24334 39389
1103 36177 30031
7269 30360 9048
30804 9375 27108
31931 30813 2967
20733 19774 1415
25848 18729 20387
9163 35303 14707
33929 33437 24636
24484 16958 16180
21149 16209 17001
20393 14713 29774
11853 14777 23006
11264 26043 31269
23736 11408 28375
12025 8743 37308
26756 31913 14459
15175 15919 31894
22735 34833 27189
28144 23167 3521
33778 25334 14535
38046 21735 6234
39545 7101 33543
10048 35867 34453
21086 8548 475
430 11166 16858
35887 37496 26632
25073 30797 35704
14452 29105 23748
2333 1725 1796
24054 25393 25739
29233 7474 24491
7806 23491 7282
1569 30003 6792
37358 8602 2807
28661 7706 30146
23046 32743 17475
10999 3518 39172
15745 6656 35365
15872 26202 25117
8467 9020 628
14649 23998 6856
26868 38140 21024
35593 31223 9085
17991 11766 11947
32469 27193 37756
38284 15502 30081
2562 5815 9851
39962 14983 33068
10849 18295 38246
34661 22291 12461
23932 28429 36635
33278 30880 39199
12820 22723 10897
39132 7509 34037
6766 15336 32584
10456 38622 6850
19352 20996 13455
24542 8584 9425
18268 31585 10785
25310 33352 18872
35780 18430 6375
22422 34717 35712
29724 37832 36344
23770 14461 36790
20333 13361 3155
6776 2359 24712
23997 8018 9763
34562 5684 26766
34212 27221 38056
2101 37443 13838
33930 18153 18035
30458 21411 9634
17731 22712 20449
38211 39404 7961
6514 22744 37002
26801 17417 2927
39272 29629 12158
20880 22132 24176
30418 35417 9489
34588 9936 19835
1227 2170 33870
1995 30374 34518
11859 17413 32079
33050 8787 20900
28788 8500 2389
4759 751 32167
32949 22240 5341
21483 32006 5454
13197 6722 38543
33429 18709 10265
27958 23239 8382
9366 27259 24561
15647 15108 27739
9940 16903 18969
36629 25919 6612
17504 19144 23814
16480 34567 35451
5345 25563 18183
35831 16547 18100
26859 32975 28820
35953 27904 32384
34798 37791 5976
39219 26353 10595
31226 39711 14819
29294 31337 20171
5991 19407 15759
16241 18041 37218
15623 20222 27716
38822 3460 5238
352 13933 9249
13749 36779 24940
20997 31568 5507
21490 17266 28634
6237 34422 20779
5635 39685 17993
25408 4570 38386
5930 24695 8562
17733 10616 6233
32931 1182 19458
37974 10280 33883
6202 37141 6630
25966 35785 29980
28748 3098 38140
921 18901 18634
31515 17291 12202
33614 10906 32912
31141 8243 18473
5899 27953 24061
27558 8241 397
16771 33074 20529
32559 3624 32865
13374 11781 17905
29835 18746 17430
31240 33984 896
16904 28492 3096
3982 11450 34771
10983 5837 28369
25213 13840 959
2513 22390 3633
16004 20513 16391
13948 30665 25201
21465 34789 31374
39607 12616 14135
24145 5460 32480
2178 3036 7446
13175 36783 27432
10454 39207 22260
4525 6274 20518
17698 35207 757
21187 31771 17798
38402 18558 5858
23250 35024 7173
7435 34105 19359
12743 23825 9495
5801 27575 2310
19553 4835 16735
4965 25102 12386
26974 20739 10274
38235 37440 15076
3672 26371 14584
27754 38891 7125
25660 15336 17153
23346 829 37205
4789 9506 1090
3485 25663 19640
27744 12881 27970
34516 32856 15677
17714 39811 3725
8154 31328 897
4000 14234 932
17822 28778 10529
11750 23805 16341
19156 39561 32633
27351 4425 34612
4387 27725 5342
39677 15271 28720
38437 37172 30093
36534 8637 8330
29211 39751 32188
26077 3031 2714
22088 11297 20201
15596 35397 29804
1247 26461 6248
26141 22731 18151
14635 13162 35463
21307 6425 16454
30233 39482 2505
22379 38513 29964
31079 13577 37071
865 9837 3403
20033 22530 25714
6530 16650 26387
20121 20912 2143
28007 35626 33331
1995 12160 1917
25037 32498 33634
35410 38988 32882
29266 4222 20058
6181 22576 512
23331 33411 29422
11698 27294 31845
33260 34587 29435
12004 25778 20385
4520 36064 9417
1308 2687 20700
35894 24325 27151
37447 30164 5581
8837 16278 77
15242 22582 25804
25268 9164 12556
28635 26242 14670
13324 17316 15020
34312 15808 34139
36573 30881 8517
24582 39125 38914
26547 4900 4638
7558 36004 18282
1190 3021 3299
26088 17470 9520
36467 18891 36910
9935 1593 13499
24562 39493 36679
1189 8278 4605
24133 20243 8297
31966 16958 25398
39713 39138 9412
23366 26315 9796
6593 28352 29804
33624 27484 2574
36025 24308 13188
6149 19760 14732
30492 10376 8530
3868 10051 33865
31613 1726 21759
13616 20393 20315
3013 35668 17983
17470 12391 16870
28241 4100 10202
5549 14970 32496
26595 7531 10259
2971 16158 24479
23375 19976 36267
39524 27252 32982
22390 27447 27383
21390 6112 19861
1906 23260 79
10563 5636 23515
29711 36903 1285
39945 27619 15252
31524 30554 5932
21667 22112 12776
5813 39164 10143
4487 11481 11252
22574 5879 81
26321 16982 20595
2526 20904 29335
35238 36239 39271
34116 33853 22896
8495 13946 2327
1231 16729 32574
30681 3820 14234
39283 11807 24508
22529 29428 7117
29402 23901 36052
28163 14539 28603
18479 21935 33196
4748 6509 10748
26874 1766 19923
24488 5246 28001
14917 22835 22419
15074 17756 11891
30357 15796 10144
27076 28584 6161
27810 541 23202
9601 2361 24191
28566 38490 35607
9414 35710 357
6279 1186 39812
30049 7877 8607
16557 39457 38265
11935 28899 13072
24018 3306 11933
19605 18683 34588
3885 34065 4285
11965 9957 29509
16369 1134 38183
33105 31136 8638
21768 15575 5049
35484 5793 17726
12014 14055 17330
35091 11563 32162
882 35785 18611
2243 39671 24353
1305 28714 15742
31141 8857 36463
14104 3982 34065
39700 20530 29317
36895 34841 10751
34631 31960 10031
16068 2977 25377
11396 511 12507
39470 39933 30837
27761 3669 13186
30935 36348 14734
37298 4176 23536
17033 15352 21102
19646 25260 22261
33578 10586 11816
10717 7381 5975
16311 31582 28961
32557 12980 32762
4490 19677 32022
20982 1247 19435
26634 36266 22065
34954 11181 38649
4503 23510 29475
25307 8794 38587
3671 3990 20164
33651 399 13964
8576 35244 35050
27565 36270 22983
11641 8460 34566
7549 4728 25231
26790 24284 5928
38401 1337 28399
22730 27906 4102
29692 14841 23582
38162 6183 29028
19514 10995 31732
24488 3690 36275
30314 11334 2080
31325 22611 5958
16256 31079 24927
17959 9999 24507
34216 15169 1353
16932 25424 2169
18129 6354 11846
30497 7491 36105
34024 6314 38117
6572 19330 31942
189 14050 13237
38558 17532 18787
34547 27373 26520
4257 21095 20856
36983 22997 18545
37226 10439 21476
35663 18447 8874
32622 215 11949
13647 1396 28513
24443 27164 3619
29889 36735 5319
33217 753 9927
18308 15155 590
18435 31001 19368
30585 3581 37709
3238 32030 34935
38526 13231 33041
21280 2194 14927
24788 30962 26054
15365 12789 8427
33122 27596 4244
21477 20045 30149
2499 29972 12797
36418 11270 284
38406 39409 27577
35981 23700 16547
2833 22588 17844
30456 9658 22271
37068 12201 13600
26052 25707 39410
3530 30862 36347
26074 11808 9486
31507 23904 2381
666 28393 18308
26111 34380 35365
3631 2443 36346
35920 34175 22382
39629 36139 38643
7407 37888 13148
8176 28384 23543
7299 33582 31875
9849 30636 4674
37128 15628 35485
26824 14004 18540
13902 32748 30942
14631 21496 39957
20628 8472 8006
1455 13274 23102
13480 38228 3602
23416 38215 18263
33719 12767 6483
32812 35587 29632
11127 16439 4721
28596 24878 39215
2909 8286 31279
559 25287 6593
9860 15001 23670
8699 27129 8871
15417 7970 19759
39760 39752 1594
5072 7123 17994
24528 14236 9890
8176 11445 1570
8494 12798 13722
31563 15115 31914
7237 20305 24001
10589 17070 32461
14446 16214 25016
13933 24027 10222
29711 32708 19417
4470 18586 19451
38871 26236 9245
21797 34052 22765
10735 15345 27419
12564 1810 18040
28496 4224 17396
16118 33685 26628
5249 38294 8201
2456 611 7398
9854 17629 38423
27690 4005 33982
32749 24524 34456
24626 20124 36337
38212 11166 28095
8550 31089 9238
27568 569 14192
33284 35520 12516
4512 32417 33424
36581 9564 3041
16783 21609 3460
3884 13456 2470
1575 3142 1670
25608 23306 33231
28703 27203 23704
21350 14011 21447
33829 21225 23112
33042 25632 24856
7100 23519 2325
31640 8301 34300
33757 10579 27600
30969 24995 18492
13068 35516 10707
15920 32954 5938
9568 39608 34620
39264 26226 15531
30839 13719 17899
30193 33902 36934
5525 31394 31228
16105 10410 35276
30958 7968 19519
25620 15674 21914
23501 25587 21088
10352 20829 8162
9628 24526 38032
24145 14917 7756
10376 1232 8582
11867 3831 2001
4214 15514 4162
29572 9237 37704
15889 17954 24677
11604 8309 31110
30626 20369 38199
26229 4960 9669
14841 33470 28353
1440 1803 6397
22159 31050 16205
15673 21692 8405
7100 22189 5043
5074 19867 33636
17050 14719 32318
16893 26023 20702
6454 7438 19612
14753 11348 2533
28896 26433 28316
32298 24956 34221
31688 13984 20334
25056 16117 3146
24941 6027 33646
25962 9787 3250
21524 6501 12128
18643 14886 31746
15560 39680 25011
16913 35003 14734
38297 25320 29364
28390 39928 22281
5601 5368 34489
36127 36726 13648
2165 11111 12206
39105 23491 17196
6816 1533 4193
1258 13306 28614
28157 38100 11804
39935 38945 26801
16019 9180 21946
30881 2032 30521
34947 22718 3397
37318 20179 34334
15227 22495 12607
10356 12563 38137
26029 23830 1719
34872 8694 38553
36988 26974 33719
16344 32119 4895
7541 23828 27513
19856 7914 30453
32936 8061 16304
22191 29691 24025
9 32192 14801
16336 39817 8213
29167 6265 10592
36876 84 30055
6856 7189 26235
24095 14023 17841
4141 38499 14241
8989 39872 32557
18718 28680 31919
21240 28723 3839
19991 24503 11600
22441 14796 3177
12037 18670 22870
13188 35986 16628
39819 27534 27209
13185 19850 27019
25186 35524 5905
17041 9499 25583
28092 12919 26890
18557 37595 27756
39489 35665 21742
5667 34844 25727
7168 7340 1897
16483 13085 32094
4469 6127 7792
34737 19055 24899
5310 39272 7867
10037 23801 13483
7638 2160 19010
7091 34273 12536
6462 23326 21324
267 9556 32674
13152 6755 33792
35102 39720 9945
34199 15756 14589
13731 22359 16467
33325 17534 29802
26233 3336 3943
13816 14198 17542
3266 32421 3427
24856 22814 17070
30097 22986 22416
7707 30327 16337
32956 34338 7171
18999 14002 31256
33873 11296 21044
14676 11385 18167
2646 9698 38979
4090 38654 11425
37366 20192 18635
35770 9870 34723
37906 31165 16651
30893 34180 14553
6566 36131 28779
20984 11039 21256
32979 14709 13233
38416 7237 3195
25447 22274 19055
5435 30984 24264
15903 17609 12846
14486 33006 10836
8821 4597 35577
11648 25870 18475
19659 8930 32435
21449 16151 5591
25717 16721 30944
27137 29937 17601
22395 25184 18849
5632 8620 1992
22350 37156 36398
24324 12771 37214
23439 37768 7582
25859 39351 30219
12639 4919 30089
23753 7779 19128
30433 35475 2698
2500 13438 34577
8212 27880 29945
37782 15338 39783
9779 34910 36889
38083 17614 27047
7257 4139 33618
36392 35467 12800
18671 15602 9410
28677 31266 21730
30713 30756 24560
32576 4706 32919
16847 11576 11166
38713 12708 3251
3144 6570 39719
10960 4971 14360
36067 5956 21780
19569 19290 12299
11075 19298 25350
25801 16059 28618
37689 23682 21881
25792 12198 21234
9729 29373 27384
30859 36371 23912
18848 20233 12861
35325 6892 8819
10058 18840 23187
28528 16024 38116
36109 21954 25159
39835 20959 4708
6797 21944 9844
20732 10727 16321
31783 17469 5674
2090 15006 37661
39736 16232 24272
6509 34254 24084
14054 8986 2873
19511 36607 19134
29800 31288 2382
31652 6493 36831
2271 30039 14078
33157 20215 4645
18312 33498 536
34293 15715 595
38563 21378 35152
33646 7640 20339
26366 37347 37049
16537 19260 12777
16014 31812 32329
33441 25857 30082
14280 34083 39529
1845 31312 7076
11364 22032 34847
27521 7580 24750
14254 36202 18861
35535 7839 11950
8989 2479 6547
17054 26953 2053
36504 14689 1697
22741 16703 5396
29194 34738 8012
14747 12770 33428
18119 14921 37344
12113 30256 11048
31512 17340 31695
20261 26462 15063
23465 23387 8387
22325 14543 13754
31483 20913 20752
2899 30239 20484
15950 13764 37581
31943 14830 34491
24493 39046 22505
18792 28111 28349
