3300000 1000
15345 9061 20279
588 4667 6204
10209 38822 13607
38006 28440 14434
2792 6473 19788
23177 12487 33986
8302 27005 33143
26414 8327 23670
29959 25324 5061
15127 17008 23821
1878 21228 28366
1509 19821 36803
34028 22449 28770
1764 29496 34788
20982 2797 26325
6224 27572 28367
11471 20078 28466
6687 28330 11210
28663 6489 18387
37518 5431 35128
760 29096 35065
34923 16691 35611
13465 38132 17377
14303 35370 35234
10001 4982 20787
8617 27097 34957
39642 17243 834
9674 7647 14597
7075 36792 25087
12008 1483 14797
26873 5395 36120
5908 1132 35098
20004 10875 7839
2997 3103 8123
2715 38647 25912
21279 36211 38632
14389 35700 19428
5122 19619 22284
11863 39941 33127
16110 19587 19703
19250 23325 25583
20987 28435 6275
29973 12685 9702
17851 19106 17432
31658 39800 1946
35572 28145 21845
39961 12223 5296
4089 20276 26711
20086 26662 8126
35761 18170 2847
3175 29145 36109
19124 10302 6982
15342 24683 8726
39897 17276 29133
8327 14706 29830
29386 36236 31279
25150 37961 19594
9474 5133 20880
10352 18926 28352
22157 20729 32478
13599 33535 37518
17634 26526 23812
22345 5447 24301
6655 16021 10705
28330 35493 25073
12759 1142 4197
20371 22332 28709
22322 2537 3397
32271 24814 31802
29148 3588 7156
31980 25568 29468
18114 24158 18919
30891 19201 30133
2897 16404 39539
1269 25098 9589
16632 6277 11291
10560 15869 7893
16173 18985 20034
37339 25436 5307
9413 28344 25460
17350 5520 23930
8395 27699 6172
32442 24571 10744
11873 3686 14778
3430 19899 14361
31639 28703 26106
37926 39378 39782
35078 7860 39001
5263 27565 515
15131 16405 139
14285 39627 14858
16597 22663 22835
9513 10946 15046
31986 30471 16598
30911 37588 18344
12172 295 22732
12590 30879 3065
4496 4140 12789
5654 30097 36889
12521 17734 1302
5345 883 3036
28404 5717 26870
10872 31276 29953
27110 2215 16929
31070 31508 6565
3572 11870 14872
24322 37374 38565
39642 26977 4905
29272 24701 9629
811 4365 3240
37895 7265 37730
817 7883 34884
11049 25064 21233
6538 1217 9854
14527 27035 32256
12113 17595 35758
35212 21717 141
29312 2121 36576
25155 21553 27500
29521 47 18107
12527 33694 3307
7695 5789 5178
34941 13582 29133
39007 21589 3168
33899 29757 36147
14581 21233 18943
35749 32726 21558
35702 4974 22695
3037 29412 12099
33339 28462 4903
31151 27348 20225
1985 34646 23990
31574 28160 24854
17446 4738 5006
39177 28420 25284
28823 30247 11970
26038 7698 4553
15744 24671 18095
32264 16774 28133
8348 68 10141
13216 35443 17280
30602 37513 16707
4715 27624 27217
11641 22906 37665
27918 746 18544
18248 14608 32320
22207 17430 24722
36544 11912 38208
12620 26868 29375
14449 39525 1145
11498 23657 11654
18343 6728 13234
266 24216 32398
29434 12177 11415
32460 30802 1908
23527 5679 20290
39955 23661 35935
34246 35465 10491
20745 17450 13057
35321 13047 39869
32354 2610 1370
25205 37862 4792
12330 15071 20552
3893 1892 23936
23900 32912 9650
9677 35064 22840
25833 38212 23888
2256 28780 13030
2528 32119 30509
12625 28354 5683
26068 36221 21663
29433 20408 21203
5250 6171 17098
805 34312 4174
5649 14286 18164
36183 21263 23463
3679 12882 7683
39395 18956 28191
10504 20232 26778
20202 4187 10251
14866 24788 29945
36230 38624 38467
1063 28440 6815
10691 16587 2265
13965 37527 16248
37688 13790 23200
23879 15988 9772
35753 30112 38579
27339 17037 30040
4162 6523 11013
15221 25002 39351
18258 6092 27435
12394 24963 9739
5272 33409 21092
25363 8974 18331
8899 20221 20498
30685 14432 24446
2311 28003 4592
8165 10248 20369
5134 15233 27368
23047 29439 32607
39107 1395 24992
22064 20993 32256
35054 16394 13287
24428 26418 29253
14233 21943 12295
24454 8368 6711
13001 33048 39988
25544 37404 7029
18742 37729 12310
36837 23693 16323
28170 13246 9579
38410 10162 29961
26203 678 12792
21189 16921 14627
38625 29125 9485
29091 24343 15348
7846 20718 7441
4281 16719 34976
27169 2485 28177
2753 15065 25513
32645 9202 33051
25141 23348 20290
20284 29883 21389
30432 23317 418
18946 24299 1254
37623 10559 21606
20582 8813 35847
32519 9195 25413
14445 9070 882
329 20909 17523
4492 36594 13029
28952 11110 37865
29171 17437 563
5547 12140 10867
34104 24069 12021
12872 24819 14591
39490 9729 23337
23957 27753 12678
26827 35040 24546
24950 9348 2132
10269 28540 38178
29858 28352 6329
17438 5758 30140
7777 30537 21307
35083 1634 17877
14289 26248 4926
10750 32065 7274
18490 26771 2063
29726 174 16997
21102 17473 12029
5899 17402 1975
26783 35214 18719
26091 19418 10168
14615 16739 11472
22004 33232 38206
32177 39010 3051
29005 3280 9210
39585 14092 2579
31770 23872 20732
15301 30125 33171
36318 18374 12346
16544 2509 21986
1414 29003 36024
31230 20775 8536
25916 28270 2663
10510 15642 34084
36177 37751 19034
27204 23579 963
1275 24019 34351
39436 405 35021
27416 23156 19405
8149 37382 6570
8885 34823 1277
16332 16894 1257
3296 34726 31514
24577 3670 32921
29938 4480 39319
599 38337 39580
28949 16779 35340
5627 25673 38037
33918 5323 19992
31091 3043 33838
2210 443 27137
34387 22056 7557
27663 21600 20631
17509 22611 13835
5749 14869 19867
15240 2983 21490
10903 28253 29980
32925 31057 1873
22042 36226 21067
6978 6435 10421
38836 12246 515
14456 17734 31690
2681 793 39807
8934 4480 6776
505 12177 16505
20071 22760 20417
23030 30058 8432
19850 38181 25821
19297 38104 37335
25781 25744 25592
39852 1886 33043
35280 5661 39364
4312 23855 16678
2222 30562 28351
23182 6468 7266
18327 13460 24689
22510 7597 5944
28515 30176 4393
4899 6255 10254
27284 5427 16274
9761 27759 9703
15955 24020 26400
6692 10500 18251
32583 30754 14311
33549 20208 17654
30188 3744 14177
3836 5464 8448
23954 19872 27202
16955 3068 30217
5560 30508 11466
34211 37566 7058
30572 7624 34934
14412 33611 38859
27867 3059 26007
2912 15271 1300
31675 12651 13333
22792 29618 33699
193 16242 15283
3683 31979 15765
21384 3789 32986
39247 26173 2203
413 11318 11827
4484 32556 16142
24468 35783 37102
12836 22112 32598
2644 14217 29414
39650 6818 26670
9935 8319 2126
30617 23381 8565
28801 36674 36561
8866 11770 3596
13169 14159 33490
2211 13576 34957
22426 39086 30335
5067 18656 24881
17321 24824 17297
25091 35189 591
9080 13990 30972
7428 15780 4552
10874 30473 31080
27605 37338 5693
6524 9591 10730
21042 38529 8555
35438 2521 32994
27137 29136 32972
15958 24752 16757
2808 27778 4627
35306 28645 21690
5444 26045 29796
5032 31252 29928
36884 18693 17764
10857 1488 7429
1315 3117 29816
1744 22948 15850
17371 20458 28890
35468 16062 28147
25459 34951 12
9802 655 27467
15257 30285 24604
9686 21908 27900
14480 14755 20745
34364 8001 7488
38161 31159 35684
7677 8663 14432
22368 28480 27463
31956 13838 30966
3796 29084 35344
27428 33382 9615
31051 16155 5279
9237 26562 9482
34057 27270 29776
37997 8862 8176
29954 18020 22963
33208 30798 28318
7425 17047 18484
10228 8017 33734
39664 7570 24452
25525 25625 18256
12348 38836 21402
18015 23659 15285
39754 25694 2294
1128 16745 23628
2757 33798 31993
19864 13097 31530
26422 6613 2411
16089 17460 38985
22253 26210 21269
32804 20095 26977
28515 20110 27265
18717 38032 23065
21168 6673 12103
8022 36175 17800
24110 11011 12210
12961 13947 6434
23402 5106 25200
28453 29384 17289
13108 4741 33296
20238 21840 17137
28668 3780 38530
37732 9961 6702
16705 35087 4514
5838 1167 34742
26696 25161 7604
28183 6810 35302
17820 25540 4327
36661 22351 19154
22669 9612 27912
26794 27436 16621
373 34172 31341
11459 15306 38356
6441 32523 37762
2309 19959 9360
24948 7105 7445
6734 6158 36298
49 24568 29040
22851 12053 22997
23527 28704 7726
25669 34436 13501
1143 32354 33689
22922 36167 34242
16911 23779 3443
12824 27623 16317
30369 19706 24139
37052 14058 15421
30800 17890 18859
3836 10059 28835
28905 11256 29133
38164 21854 2137
37436 22593 37668
39187 38671 28445
16061 12964 1957
25748 7293 9913
35907 34109 24020
16944 23016 8427
16892 23161 37391
8995 38267 5333
8129 1703 26837
4673 39636 39857
21074 10924 10947
380 3879 10659
34539 39035 28484
28493 20320 21101
22009 34578 4458
10120 27782 8600
34591 31378 2941
8229 26654 16847
8790 35624 10021
21141 15695 34259
34640 9659 2302
35873 28655 23408
16437 37941 25218
16359 25936 29667
39956 32112 6877
32903 28209 20450
2857 34067 15364
30389 35 22119
38866 30636 23663
19865 9037 18031
14666 30804 5654
247 24533 36700
23954 20770 33856
4975 21736 38502
11668 25671 13268
22946 31644 6333
9835 29904 8561
28935 15147 10903
17569 35938 3134
15933 25852 26955
15308 14842 15674
35622 13433 6567
19788 23746 1410
13461 17918 8756
1199 21371 28101
8480 15926 32263
107 24790 13548
11093 1492 7512
27432 26749 2219
24378 4982 2183
430 26466 38517
18618 37268 11631
19150 10386 34007
5494 16017 19791
17185 22696 5677
25834 3159 34319
14284 32739 33212
5751 34441 22837
33540 39849 5775
26411 1142 18515
26767 33996 15932
39171 17437 31666
25034 338 23784
26105 39593 5149
29396 1490 1759
6767 39542 37687
18365 38715 36203
1337 20549 8260
34261 11445 12597
5087 17076 25253
1908 3344 29916
26194 38232 33938
30936 24039 20626
31987 10268 5794
14135 26203 21087
6819 5675 20845
30365 2407 24044
39749 39527 11086
2296 23714 3685
22232 3868 4829
18986 14958 12763
13207 11890 10077
4343 21874 19579
16541 2847 39734
37628 14415 30900
36243 27590 23430
27705 39302 35446
16509 30744 23956
5844 35366 6731
34419 32780 24866
6701 3656 14343
2572 15838 28427
4964 14383 17804
16711 6808 5272
33573 32510 17887
24391 22678 34346
14749 24575 25214
34333 13910 9917
24116 20426 26374
24645 20081 12444
18911 28951 35676
27908 25949 26625
33521 29712 9735
10062 18572 39863
5188 33308 17752
10033 19414 5771
26575 12931 37880
19665 15724 33240
15120 10475 28853
21195 20433 33838
30174 19074 30129
16956 18844 2548
1217 26642 27784
2954 26798 2557
14507 13475 18706
38380 812 9202
38584 28449 7571
39683 2539 18178
31289 18907 1849
1228 19598 2556
27913 22247 2311
37255 36822 3860
22242 37116 2567
38658 32535 39901
8557 35200 23709
7218 10136 29453
7445 5477 3286
23628 24791 22989
7497 5076 27992
712 6244 14435
35509 10880 14210
27634 34462 31825
15331 12387 33314
705 7683 29783
20946 11117 36633
27292 11157 2245
22569 17539 39688
110 37446 8272
23951 19206 15656
33355 4605 26756
14885 22004 29084
36540 12944 12883
37401 26498 37931
29293 8719 7911
13769 4051 2030
7519 30085 28820
8903 5123 18712
2706 27192 9649
15643 12466 19695
19921 30938 37165
10844 2867 30417
8068 24055 21524
17350 6928 5099
1344 22082 1015
1182 11921 24237
1915 19486 5013
17605 33516 30697
39053 34491 9790
9624 26706 22378
33269 2218 22803
17461 1916 33961
38457 4027 30678
33083 15147 38649
38124 28168 25133
11453 32260 37890
13987 8707 36562
30741 28788 2286
19369 10029 34122
21220 38538 31135
35829 35910 7965
8501 4207 37515
33341 345 17274
28152 18478 732
1574 4030 12842
32164 4527 25392
16536 23344 12866
39775 36446 26377
31520 4819 27597
23560 23900 31145
29755 19774 15102
4036 21103 12291
906 22769 38004
15454 15002 32859
14608 19086 2728
21479 26511 29875
31912 21933 568
26716 6994 3220
8417 33518 31229
37641 32606 17965
4711 18972 3989
15338 36497 17271
39853 22217 6279
22395 15461 6062
32702 25848 20993
23236 27605 26121
27166 32937 33598
11019 9831 37050
31094 37688 36128
28534 39408 24547
17696 33105 24912
4754 30812 36632
35602 22899 6941
31611 8331 15357
34580 33532 2504
25444 9988 35635
20627 7992 24157
8379 9364 5019
11497 1213 16467
9565 799 35606
19739 25974 38229
37672 24122 16543
10643 13626 36454
32909 32835 1741
24058 25035 17988
5756 7389 2611
19933 32206 16259
3080 20302 25436
5197 6643 7683
6169 20300 26520
13602 32835 4387
38805 39491 10213
11530 30743 39871
9862 13039 21848
14433 27698 39159
27193 25146 2018
13218 6775 32657
8266 9164 18509
23670 40000 19151
34150 567 27524
35014 702 25132
11376 18989 39956
11181 21821 37796
30350 21220 687
5906 38569 29501
24991 9638 14746
5306 7331 22009
24454 14882 18907
23311 22875 4697
11099 18493 5833
26059 29680 17444
25185 834 20369
19803 30024 9304
33252 11435 39127
17542 29033 20851
4243 8538 2439
12396 26820 12871
37937 13959 17908
25239 33653 20275
16133 20219 545
28346 3567 26627
24978 14539 29142
22696 15834 32274
26116 34695 28173
28931 26376 36137
15144 30007 618
18621 8479 6765
14601 16167 25346
23409 5780 26929
9355 2842 4641
13663 4614 36908
35629 32545 925
28894 17201 546
18879 29047 14749
18942 2733 29202
23987 25680 16673
13248 30083 13864
9179 28684 13247
5084 29769 25305
36474 31542 35474
8616 30338 14987
27007 15798 33174
22443 2630 9730
31174 15028 30709
2092 28518 34241
29496 1785 15982
34624 37190 32819
29489 8801 7086
13934 19768 37419
30202 21157 32571
17577 39357 33666
6843 20289 22078
8060 7742 15908
17921 13019 37736
12065 9646 25239
11891 36053 24865
39518 11147 33021
1421 10165 24969
23788 37069 21430
6025 35159 22153
33591 810 16462
4033 13323 13345
27653 28409 32930
17018 37969 32257
3276 22125 23470
4960 19866 28889
33340 5469 28453
19104 1355 20777
1384 9566 35083
17580 16392 30406
17574 37418 31349
29339 5993 29522
2088 2696 7133
23587 32844 4318
10356 35387 31801
33320 33631 25406
27355 34603 13501
4383 22257 27711
17261 18318 25842
27268 31556 31742
31690 11907 4250
31506 10177 25123
29503 4899 10813
7301 8843 5680
26398 6332 5459
23203 34823 2412
15992 13628 39293
28478 29337 3613
6695 7421 38440
33072 29749 1744
32538 31032 16477
24660 9528 31347
11329 31445 2451
7529 2861 39210
23317 28629 38012
34602 12466 13228
11610 10702 37372
2702 10787 25893
37078 35464 24810
15214 32512 3780
28311 22421 1234
5134 33832 14989
37700 23363 27032
30854 35561 22104
5788 26124 23612
27972 22602 16188
915 8012 22613
3683 37616 3817
20595 11764 31031
27479 34079 38310
13881 17532 15674
7848 31982 3571
29325 38786 38786
39925 7081 19273
1862 26852 18351
38078 10631 7795
39788 26181 38076
15796 22044 34749
18841 21631 21648
3136 27520 16252
33450 2744 38615
1358 31556 22876
18740 37980 28592
12358 6837 4413
28762 5427 9325
35904 36682 4502
7481 7061 4870
34009 1968 11802
5076 13041 22712
4422 25693 35676
25334 28460 13037
12666 797 31533
24727 27717 22696
7101 36790 16431
13410 36560 718
23319 15522 25312
3088 9255 27861
1758 34748 28876
17395 25842 22177
28179 30164 27313
16448 19165 33691
36187 32079 38271
8656 27597 15065
22456 33804 15113
25154 11599 1677
21664 10025 37321
2474 4154 4838
6980 4448 11842
36146 756 3850
14320 13478 4663
19951 21236 9692
36886 374 34044
32242 27034 38644
9506 8813 5449
9830 32693 1337
27068 28538 18467
39694 20190 6343
20224 32047 963
11422 13045 5133
31458 8312 199
15816 2225 33294
22275 23637 15899
7368 23300 19066
38177 20109 26912
37814 21642 7289
27893 10495 19080
1837 14411 27491
22057 8959 30950
36368 13366 14034
24555 34351 1260
24513 37484 29802
13140 37365 17554
39759 19201 10327
1446 33484 7718
1566 4156 6554
6545 22729 10428
16375 38856 14633
39566 15179 4927
37014 28770 7020
4146 39746 23193
2493 34661 33322
36371 37681 34550
13096 20694 5101
29019 23654 18775
18636 16766 27693
35625 30460 25650
38619 29567 11525
37520 18355 17119
13674 39091 10382
28070 31272 22348
3696 8050 36891
19938 20662 1967
4864 5033 27243
27457 13845 13630
23993 33099 36765
1213 39548 474
32832 29504 12274
20018 7374 24308
12879 8754 20388
17881 8941 15782
19431 662 17505
4457 14830 27830
20073 24629 14140
30787 1473 841
6826 8957 37588
38773 28708 19383
16464 31365 3978
36943 18578 15880
35318 39752 19137
11324 10717 6918
34038 7191 18062
15077 10521 21940
37848 7541 20103
36569 5321 28630
36655 12833 3152
18413 4156 4811
10756 33664 32236
669 35453 23028
4672 30710 13088
9568 8780 20975
23481 35341 21166
39725 2177 20493
38171 9735 28414
22004 9173 78
14857 4280 37817
15613 5867 21857
10036 18110 39521
24684 14614 38935
5439 9730 14911
367 25777 35280
5301 8577 31452
19906 34584 39516
12003 33313 8172
31700 23365 455
23254 32969 2659
16379 39714 27537
18207 17389 14337
17669 25121 26767
11920 38117 13811
10381 38739 6441
6732 1899 36800
17317 426 25402
7608 18519 23320
823 28305 13392
7695 1088 22094
38333 8057 30388
368 3154 20944
8742 6117 17554
32357 15932 21087
8829 17533 6058
19648 9622 3926
18695 38449 33231
9607 36169 39442
24403 2373 15778
8523 24880 5250
5622 33665 16928
5679 36471 29797
38002 2211 39967
7270 8026 8340
20937 10119 22353
4673 11949 3403
5674 35378 6198
2956 28851 4311
13122 23210 31940
3406 21429 22753
12071 33408 38522
36212 33059 17642
20760 17542 10151
21242 30188 1031
7440 34575 17801
11147 13975 27107
8488 182 7578
24517 39821 22484
12613 28094 10809
37701 16221 7126
7174 12309 23785
30895 39906 10410
4861 16718 37098
4567 7460 15290
23074 18893 39337
19965 3855 4144
29314 775 20594
456 17562 1074
14305 14926 11258
21793 23747 23014
36563 27329 29223
5357 3690 31601
19457 23591 24416
9342 1219 8411
20637 33415 18132
29499 31385 5568
7728 2171 22790
22865 36252 24770
36254 18142 6660
21758 39876 7394
9139 20050 18457
12916 20013 37995
19870 20460 14956
18672 29569 4191
39862 10967 25670
9669 2135 29589
28563 30268 2752
21869 19096 2085
7804 106 18073
36653 17931 33768
8601 31526 35101
13772 11749 18067
8172 5971 30074
20867 26422 38792
20179 36948 2454
35855 4755 32217
13310 24223 19020
918 18067 30093
12330 5736 5157
15427 16448 16961
24650 35663 31404
10257 19990 9496
37800 26049 10872
25195 11888 16857
5684 25715 25932
29698 22201 17479
25785 17509 16606
5406 8888 25265
29374 4701 2610
14460 8172 36625
38918 32321 1557
14904 31665 6088
11697 25658 23705
1187 12965 35701
14134 19540 21561
