3400000 1000
21909 5757 19511
2795 15063 10763
24093 15267 7857
31080 38390 12082
1552 119 22332
35184 22574 3439
2060 22400 25282
9130 15847 21605
5525 8844 11795
27645 3445 23310
6239 93 20802
11558 7683 3467
2597 10773 13477
33490 4961 36364
24120 14342 27009
18428 17919 19604
4401 17977 31024
1029 20393 23306
33011 30223 10628
2639 24713 33304
8175 8655 9930
35272 24573 20830
1159 23945 32470
38247 1742 20510
27152 13020 31179
38301 35798 28855
39691 16522 19332
43 21724 11986
10389 15148 31697
2657 6260 5528
25122 39520 25774
18496 28399 11214
1545 30103 12709
3962 28270 20918
29818 8091 17089
29002 4946 32588
33617 16923 28163
12710 8619 20473
24310 28604 14729
34565 31012 15981
28456 17817 32256
20074 33591 9685
29684 30277 30507
19207 3651 15153
6703 8246 34573
22812 17209 1420
8369 25126 27192
34653 10444 27452
42 27992 15776
15574 17737 18313
17617 14473 5797
12424 32264 21001
39821 34818 19322
27967 29863 13281
38019 28099 17055
13915 15020 1270
1212 16980 18060
36095 10510 19249
37514 28512 37892
10874 23424 19252
26778 36523 26619
8775 24047 36504
30559 23570 24308
15418 19047 25041
32961 19481 21707
23299 22594 24
37818 14014 17998
31960 28231 28204
12120 21706 39776
39398 9918 6101
13240 39979 1535
28192 37831 7292
32138 17852 39015
13720 15089 28657
5471 23695 34812
31396 19197 12934
474 10210 8924
27206 4467 2443
11333 39872 39896
19741 26098 34593
11292 3484 23278
35278 36220 25563
3800 14589 29945
25322 16454 32495
20487 38365 30469
20749 39710 17332
6335 13726 9005
29868 29814 38563
38062 33953 33708
17488 21460 38878
33829 22439 2018
17283 18436 17778
20181 2066 38867
20252 28353 23190
23966 36588 20602
19696 10750 39519
21993 30783 29747
39906 15166 28139
11051 38313 3588
8655 6175 8687
16656 35968 541
21386 37587 27262
22816 36842 16847
16439 37979 18286
38 39410 24469
8930 21646 4446
26413 38553 14881
28408 20415 32547
9617 25107 37471
35244 19769 21127
33282 25777 11086
18168 15805 2271
29556 66 17125
32906 15661 9470
20181 6279 35500
38772 2509 24806
24136 25309 8567
31887 14476 35731
10374 16312 1835
24407 34359 31552
18321 33471 22906
26411 7124 18938
18345 59 21129
12737 4726 30247
35059 9628 32932
29434 13335 39118
30060 15435 14059
24671 12416 35221
33452 27524 3435
18098 4623 3756
3607 11705 24527
26153 21801 22640
8805 14905 14983
13616 36310 31025
20729 6100 34790
9541 2733 15325
6570 19638 16340
3302 27771 33048
28459 27262 6407
6847 38228 34855
22401 21830 18850
3882 26680 30203
26100 38165 5958
23402 3192 27667
18655 11717 7953
32550 33865 429
30355 17283 3370
35871 18091 34953
21757 24894 11868
13344 1247 13368
21604 39658 10630
37656 12477 6249
5264 15016 12223
30189 8569 2625
33698 33591 27111
5297 28770 18672
5024 33735 6843
37439 22043 21373
26580 25675 23412
18627 28216 13261
13048 21156 27071
4240 2656 31639
16203 36744 27355
21157 13678 1485
7684 12593 16553
26994 37939 617
16400 30726 29551
18952 19529 295
31105 36101 9651
25149 28452 28379
20898 16922 13144
5878 32649 3436
29589 32055 11633
25949 13469 39716
29221 7879 19242
36847 38192 15063
36423 2721 22206
8957 10235 6755
17184 25933 2016
19561 26859 34997
19345 27516 22336
24219 31617 21346
18341 5139 29353
35755 34386 29690
35033 2075 31369
32178 25392 10351
7516 4346 12775
9166 5970 4456
37511 15629 10468
24710 39675 12575
3298 29191 21312
32792 37683 5284
7608 16412 12217
33112 14174 27048
33747 1204 37140
21756 31804 37407
31449 39076 31057
5486 37014 26530
31343 8732 37399
34746 15162 38758
9111 154 9211
6342 39348 29347
1377 32393 29505
17688 26792 4367
23738 14562 7639
35743 4626 33853
10787 39077 34921
4035 37169 11209
16154 3795 36985
38060 7088 39390
14470 3201 11000
8398 23706 37446
32817 5522 17262
23198 37536 30602
27798 30349 34880
6156 2179 14735
36951 39377 19683
11221 26404 22400
12963 13021 17653
16724 30996 14189
1493 18988 5739
7019 36897 33455
11683 22108 36475
32153 5885 26295
25176 22759 15143
25381 13301 23707
8443 27800 33831
27052 31262 33477
911 34830 6601
5759 9771 12761
21156 8753 38282
24984 33678 27960
33304 6385 1081
18203 13655 29804
39155 34728 15791
11169 5183 29868
34524 12291 18274
5262 24133 16515
39481 35464 4589
2722 36935 8963
22658 21526 15629
22415 26707 38616
13394 21820 14623
26312 29698 10967
15880 9534 31219
36292 29031 2478
27074 22517 30649
10999 24732 15812
32822 22600 5145
18547 35522 13423
4866 32573 13628
31232 10419 14872
29365 36638 27100
23882 6715 7721
23393 26597 27347
12676 25762 31649
580 11777 27732
7316 2576 3692
3214 11024 34814
20913 29280 38553
1810 31722 39198
22977 11423 17993
3642 33251 24115
15199 32655 26488
24752 17927 1850
1369 3130 4017
25059 23953 4364
10766 38170 22366
21669 27733 26396
20421 28641 16369
1460 11407 6306
10247 4350 26083
30061 30119 7495
13249 28113 15310
31056 7128 27201
35861 12209 13637
14019 5755 29915
9002 24577 34378
19254 23334 35133
24424 18089 11638
15266 18556 35831
10536 26997 9786
35270 36407 7082
39885 7036 31240
16467 928 34946
23360 9523 26570
1194 27712 17905
6867 32301 20414
30056 38759 30733
37953 6235 27414
26201 22904 16710
36294 36687 12600
18512 20278 12315
30225 20572 39343
7486 203 17598
15113 12426 14722
1291 18775 393
11419 32265 29488
11582 33570 16709
23003 36035 16898
7428 12950 3921
33440 36177 33603
4447 37012 20085
2672 12513 30276
35973 1857 24817
38367 21333 28668
13643 27827 35722
18161 35699 2028
20494 39748 10737
1066 17820 36825
15740 28413 33594
11610 18933 29696
39751 21351 9290
35407 12074 38747
9851 12774 22634
14839 26617 19799
12892 16046 25514
32103 22647 29261
18826 29383 15684
12100 34411 4906
13104 37524 29661
29447 15619 19991
10856 13165 36075
4647 21686 25853
4338 3564 6414
20425 15 20102
23547 34184 5016
7379 20043 6002
19413 3869 3123
16574 1903 19875
15888 23990 34951
3715 38408 13107
23139 3201 27791
507 24771 33334
32325 2547 3986
471 5373 12355
24696 20001 31065
39365 25036 14942
10769 2792 37799
21719 28626 6887
211 6614 20611
98 38819 25623
866 38166 5724
38923 25421 8766
24721 28232 25309
32005 18764 2384
14829 25446 23400
14715 36216 1314
5628 4932 12000
28829 34418 23214
22347 37334 21237
34449 16744 6465
7049 23109 11152
38531 36084 3241
32647 25609 36506
37649 737 30150
34278 37386 35265
18119 28452 30858
2109 19572 8621
16377 31581 17765
19001 14294 29699
36702 11544 20680
5796 34857 31548
25666 38772 12879
33454 19921 21536
15730 4705 15173
14197 38730 26852
31546 8798 10938
12208 33922 970
16462 7073 5360
13612 35220 36994
27139 24668 2899
26689 2222 4187
34284 706 36480
20980 12492 29007
25909 5565 28492
16236 31384 7549
4389 1160 39699
17447 11411 7440
22997 35845 22725
22174 25438 25776
5053 26383 170
25723 12106 34291
33656 35568 26464
36125 14965 38322
29265 27801 13130
16897 3498 29373
28607 9180 38828
16216 2506 25089
13862 15752 23800
34512 5036 36648
31607 11086 7862
36134 13885 8709
34390 2034 16921
10440 11031 38994
32276 6035 38255
30994 15427 38993
30370 17049 20524
9336 29043 36119
37011 13840 5382
38427 34912 37457
6423 22977 16814
24233 6481 31688
35186 27228 35852
30274 15430 38534
9382 8164 25425
4988 9469 32701
11925 7569 37126
26244 34837 19380
12173 12810 13345
31415 10377 15182
28800 23594 39387
13551 26488 3302
31011 7356 35644
28133 3455 16743
12531 17422 7329
9625 15201 15760
5132 31711 22836
39460 5611 833
17133 9780 13134
26291 6825 32922
21186 5477 396
31809 4619 9269
22089 552 27200
34949 7311 20165
20036 31398 16275
17542 36380 37683
24566 37682 13490
10555 34260 24430
11877 406 30504
13916 3339 31448
10783 19038 7428
1252 30584 25656
38908 24664 15380
17748 37180 26598
25311 21086 14829
16066 37595 38031
22891 33079 13574
21960 9858 13077
10152 15828 15368
15365 5563 34128
9367 11389 22902
34151 11300 29518
11832 28597 15809
4186 22542 20557
25195 11940 22433
9046 11345 37888
14783 38992 15970
3625 27460 692
12433 29361 5860
38650 25896 36115
33368 26420 966
2788 28643 31704
8887 2856 21312
13083 6446 9473
27242 4664 35809
24067 14151 5135
18049 16611 15026
17259 8533 25421
19492 4444 38066
19156 16254 16579
26585 13124 23349
25516 5357 7891
27354 17749 35663
23286 28997 16653
27672 1553 29085
37432 754 19846
39303 7343 23699
12975 18601 34948
6295 37542 17818
19363 34554 15361
1640 32660 20143
31067 16837 35868
26271 22029 2638
36291 16129 12156
31481 33777 1170
39436 28187 2098
16370 5363 34836
19481 28187 38248
16472 29760 24510
33657 32602 9325
25724 16956 19222
7184 20157 39261
32892 33960 18481
31447 30004 32710
3169 22718 18770
39978 7217 33528
7832 30345 29684
28428 26210 560
21676 10258 17842
36162 19804 18058
27160 10205 18444
38345 16126 7451
31129 10766 24334
1973 34230 3123
16064 28161 16003
27647 14211 31836
18568 17432 6087
8226 20622 27158
933 29018 13850
1522 18412 35631
8007 5789 11145
23769 31487 17197
14994 25563 6357
3186 2287 29093
21634 22887 421
12057 4219 18308
1984 35626 23467
29041 14557 10465
10962 32916 28689
5754 18618 22923
20346 21419 37073
12726 37728 20164
17256 27883 1286
35377 12679 37325
38355 11485 27562
36598 23704 14577
10524 4625 318
37242 21487 837
31501 37289 2134
3788 6363 26483
12575 30434 12943
26969 36943 35288
2961 27074 32667
36935 28688 26692
38465 33762 9775
9089 19906 23269
9101 17262 23100
10090 4143 751
30375 30554 25740
17758 12588 27008
13430 27371 27293
1977 26912 8733
725 23496 14416
36791 11949 22342
7842 23862 12248
14710 18550 15414
16092 36535 24759
10931 26670 7506
37129 22829 23848
28211 29518 28325
14825 10165 4821
38341 26057 26262
14752 5468 2935
266 23889 18055
14002 2155 33328
5419 24480 3661
19099 38878 1806
38192 24971 4389
5061 17167 447
19480 25925 16213
14855 28834 26593
24879 1454 4005
34422 25532 1093
2874 10953 17570
7624 32982 31805
15994 33968 4488
21805 4907 10708
26206 14316 11028
26812 35048 4246
36579 12676 3092
37971 13251 15210
31992 3496 4786
14708 26991 4537
17584 30081 19994
13279 18835 25066
22536 7202 8568
37588 1008 13523
15444 9429 35483
19529 12776 31104
35743 1462 1811
30095 19077 34980
29249 30636 26508
16722 1409 21148
26055 38565 11573
4488 39329 21261
7394 10665 6145
437 15271 32080
27592 26918 22155
39376 439 11769
29231 29641 12526
16567 34850 9041
29327 20111 595
21888 13825 25010
19873 24024 20241
11279 32271 20111
13170 27494 26451
443 22565 37899
9677 26201 27188
33018 24085 5242
38872 5649 26861
7691 2426 4078
17174 21375 534
13861 14654 37083
23932 33374 23318
34078 13360 2826
7170 39178 26354
37696 12522 19027
26648 34488 5934
30307 33303 13922
14582 16904 17824
14180 29990 32763
3814 31087 20273
32014 4862 14205
12549 16497 33824
27945 33508 13472
31690 10538 32979
29869 37124 12077
16747 26853 14782
1615 8460 18722
7701 22324 28529
28077 33716 17094
37343 22285 10519
3022 33208 25905
23723 15016 32300
24373 6930 10406
3919 22676 12931
9156 17669 19435
36173 18179 23193
15014 22459 31460
16557 33801 18771
8130 18508 10589
18425 21068 28827
22965 14897 13662
1710 15323 3778
20988 13880 20636
16949 33835 17946
6829 15677 21035
10972 24377 31088
38868 26105 33224
8755 17931 10900
13517 885 26338
3337 28236 2066
842 33311 34598
5463 28277 15257
7426 23461 716
28139 34330 23598
21898 12426 39647
7453 14643 5020
35978 30738 2613
16719 1537 20235
22937 31174 22498
32798 37414 30957
38958 18082 23315
24877 36373 35374
9254 38395 26714
20665 14509 2251
4130 5473 14872
18979 17631 16775
9521 23434 28435
26135 17978 18207
26244 16229 19234
32197 31995 4211
9059 10172 18360
39631 27003 36555
12213 12761 33092
19097 32341 27426
7666 10908 35049
24816 20777 25128
19231 23903 38585
553 14920 32866
8631 26540 15876
13670 16953 30935
23437 1367 6701
3897 8028 38267
9878 36860 33211
27325 17061 21367
28456 5765 14832
2144 16931 20354
9809 671 12309
4681 36894 14525
28253 28247 17984
28539 19512 2226
21170 39423 15371
37166 3608 34922
19664 22988 39993
38533 26267 31485
33691 4057 3976
34052 26170 27037
29955 1081 1060
34634 33972 14825
31412 5131 18437
26523 19881 20432
14353 22766 34914
1282 6698 38558
7032 465 13063
37925 38008 31848
32649 39678 2107
38402 3496 21956
17316 16982 10046
11769 19830 22894
38704 12836 13583
1814 16693 26769
13381 1711 22788
1532 35100 19555
21534 25736 20321
19251 10037 38634
29797 4588 36280
2211 21785 33528
9532 30378 8451
20944 16008 12135
9115 19215 7805
21468 7364 11042
27296 18975 16298
31388 38854 16706
37556 6374 30363
17555 22822 7379
5710 32446 23
34002 5724 785
6793 39037 10488
32664 10794 34062
29140 25959 37094
13296 36431 2422
38439 6451 29435
22822 19306 19546
29449 11618 33087
5711 38228 19809
14941 10359 26694
24711 4959 39903
363 5995 35167
29909 21584 22708
16814 20820 16471
29276 36909 19415
38171 33238 22411
33038 30650 17356
20571 3054 36035
20353 5456 7139
16509 12438 11800
22049 37586 25448
28051 31512 32023
7318 9711 35910
825 26080 30434
38502 39173 21227
31618 17606 38163
15521 4996 3190
1104 5109 35407
7516 23783 14596
23932 21605 5388
1367 18541 25302
8805 18245 14727
15552 34581 25077
12045 15058 26853
36290 21082 6281
17297 19511 7803
20034 109 19961
34150 2991 30386
32644 30235 680
38377 8141 35990
30233 5299 29255
30446 6810 29235
36866 38989 12572
3480 4077 26316
24318 30090 32188
5035 21759 16176
5669 27050 33422
1820 9988 5830
32382 34196 21918
38739 2901 15806
4674 25523 35012
35559 18187 240
26224 27376 11395
31164 18159 35925
25442 39810 32590
14939 4148 6824
21391 14422 38744
26084 12208 2900
34916 21688 4518
25449 38054 13259
16489 16152 39558
38374 22504 10907
7751 12103 30558
31888 20204 4709
28732 35584 32951
22273 5382 2316
14220 24422 21050
22774 31349 18429
24106 15433 34431
15119 19115 33382
26049 3927 39270
30381 6524 13507
11340 21700 28446
33543 31910 647
35105 36766 23178
8908 26640 31199
31913 23505 24938
34488 13190 37381
28703 17417 28161
1392 36215 34527
29457 34367 38482
11019 13393 14768
25802 26911 34481
24726 21556 37892
30349 29193 21510
27899 5402 22190
3602 28654 3773
26911 5745 19506
29686 20022 33851
8028 25337 2107
19506 34941 19741
25319 1342 23419
29293 14677 15379
21005 12573 3076
1647 2642 34838
29451 18943 26511
35442 1306 24289
38531 19652 36136
29956 2281 17486
33023 15596 7370
10518 12704 29906
14268 5266 35987
3432 32058 32192
14096 21690 12449
38418 5827 32688
23941 14727 31616
34800 8686 12437
39363 26016 15346
21762 17442 9353
36912 14674 15569
11927 3046 17179
26706 3773 10480
30132 29367 25781
22174 20108 38293
8165 3568 3479
20295 28701 26929
29154 32540 20221
4589 27912 1630
34548 20751 34557
27456 26467 36188
11911 1891 26975
5574 32525 7493
25750 32622 6024
31942 34633 20537
2518 33048 17655
8397 28205 36931
37082 32233 21740
38227 37450 29471
31053 2015 28544
38894 9719 34038
24630 24512 8880
28263 12521 4220
19760 11693 4928
34505 32145 24629
38087 5153 3362
4302 32724 717
8858 1260 1034
3715 11305 34713
29308 22872 38634
23993 16553 19491
37109 35512 22885
16432 32594 23634
3161 11486 21896
3070 38625 14934
21651 1912 11731
4520 2803 3434
35359 38467 19233
5750 30098 23313
5981 36578 9205
39853 38946 16865
21330 35970 1979
20346 30550 7873
37744 25431 37650
28990 5272 29293
20316 8040 1938
38850 2514 37475
6991 31200 33470
8260 36038 5204
26133 32680 26187
27619 13274 21233
22138 5515 4128
27934 4493 10609
2988 7558 30925
4396 8632 36721
6502 1900 18836
29075 12499 24392
32552 9894 34808
27300 14228 11811
39182 19131 2936
7196 11000 8079
33039 37753 2677
17258 12534 33037
18223 7759 9739
39380 11376 11074
7601 16396 22772
39153 18095 33964
10969 20926 13752
8325 39794 29418
27845 5172 6652
35999 8478 2305
4200 21466 19385
36888 22807 11251
2873 36001 16484
18570 7511 35774
30170 33104 19870
23585 23686 33839
9808 27143 38632
10007 29798 37780
7299 14374 19829
39884 33364 29875
9964 25067 31007
29688 19642 16163
6372 7001 35340
19760 24817 34197
14580 25689 4049
35912 9637 10309
12002 31386 28635
12214 34244 31624
25304 3751 1390
17805 4744 25982
2842 28012 35974
14254 7328 25885
4215 4781 11745
37074 27220 19148
19546 16804 39238
24504 7704 23391
13034 27339 5898
29158 13044 14416
12594 22341 25839
3794 37814 26769
39394 31519 33683
21758 19663 16606
34161 32061 11861
20682 529 11599
31541 27786 3426
39211 27761 29487
820 27400 21264
38857 33668 33352
30335 36966 29621
17921 1617 23336
4960 34664 10087
38530 35330 8412
19051 35279 22612
28877 35318 21455
20088 36295 37586
27262 18191 13983
39129 18963 29799
26296 17276 25746
10066 35314 14816
27342 39570 33073
22050 21055 7216
21765 37563 17147
2155 29115 127
30804 27854 32127
25600 1615 32538
16620 13071 4220
28771 8242 17506
6071 2487 36067
31569 3129 14136
38170 22715 2843
18699 14600 13829
29417 32681 14300
37890 38175 2387
17679 22575 23427
19106 32201 11221
36318 8636 35443
28305 13400 6307
24282 27824 38127
39335 32124 38836
3028 5052 17331
7540 11618 28326
2747 20959 12091
17873 226 6433
16513 18045 16395
39134 16878 16662
25758 12443 6161
28129 31568 25532
3046 2707 9546
34536 14224 34044
29240 4552 7477
1184 11441 25007
31094 24294 24062
31828 16394 298
17993 39546 38326
36077 31844 14064
1771 6828 26738
23156 31932 30286
18934 30259 20858
2230 30646 5356
30189 12409 28619
1586 3121 17321
16264 1936 18348
16848 14213 10118
2728 35449 3911
28530 32017 30503
32269 11466 16908
16617 20409 35078
1393 32901 17498
22491 4071 11921
274 19937 29083
27810 6504 4054
22749 3227 16173
25659 39511 35047
36099 5468 5418
19777 16014 29421
11878 39408 32123
2832 10086 24593
31464 38644 27910
23244 1263 24279
19267 9065 22738
34475 22701 29627
28292 5655 2763
