3400000 1000
14606 14785 23996
37239 30355 9572
4354 4245 26192
7207 14303 13779
25260 36361 34016
37517 18236 9075
5639 8033 22395
31665 11992 26289
38822 17150 8896
2630 24311 1783
10467 20369 31931
14066 26304 22670
24850 3880 31107
27906 28099 32141
9704 33827 31674
961 34695 19478
32095 39198 36096
4242 36051 37810
30979 11812 25737
39367 24060 18765
10239 32413 12186
9798 17752 4345
19003 38052 23320
29654 4662 26645
2363 7802 38596
19402 3570 32932
37899 25391 3067
16225 26505 27093
14492 5246 21017
21873 4283 36760
23653 25662 1501
8847 35113 23421
34681 28505 17247
29 760 33075
4429 37493 39372
19505 28071 17005
16874 8247 32417
32509 14949 31552
25686 18253 22696
7259 28110 1980
8912 25143 35439
24829 34980 24147
2179 10715 37874
14039 24162 5021
27207 385 10684
17092 31114 56
11013 4913 19253
18813 18109 36643
37105 31359 15963
17631 20046 7949
23893 21416 2012
32038 10191 10990
38505 20652 8158
387 5334 23095
25655 27464 32792
17222 9976 9318
26953 3985 3219
13432 19176 25850
27603 7174 31923
1889 18636 9069
21280 11286 22308
2650 4531 36586
32631 2997 6206
19870 4843 24026
25211 30333 34642
39234 3775 11910
20341 2880 25436
37761 27075 14632
17686 10802 4950
14794 13695 26411
6942 10972 17586
37628 12524 26229
38952 34694 15261
16886 24122 29870
3297 28803 8947
17965 10151 37871
2321 26051 18279
13430 20313 13451
38347 10659 17684
12778 28859 26386
26153 24609 30340
15568 17752 18563
28068 21918 33745
22080 13492 39509
29359 927 626
37411 26964 5898
298 30451 24417
27331 14593 30251
31506 11189 39646
26127 34037 30693
181 18179 35205
10695 33585 34861
31207 28397 28542
20857 9216 22554
23792 9718 15857
15157 20179 13405
11952 17049 32976
13554 23556 20553
35640 23683 1372
21441 16880 37326
28493 23015 8442
14272 13031 34209
17948 35351 29362
23040 1198 15720
28490 34201 17605
25533 21012 11701
32504 28374 15644
28830 4875 32656
16077 24410 6144
17252 21324 3252
4278 1862 9073
19381 39099 6957
24546 17650 10038
8498 1550 35519
38762 18 11779
2561 32872 20750
24301 25761 11604
21810 7788 27101
12817 22770 21328
8376 10124 13231
19956 18770 16034
24985 17780 2514
7023 20655 39948
25727 5492 24419
36558 31598 26148
37401 21056 17238
39435 23885 15952
17919 24795 29971
10228 6169 3413
27002 3618 29929
9873 37386 18153
3742 37354 33773
39403 258 36232
39402 18551 31692
7435 17804 29575
3922 19792 15393
26387 11867 7588
31966 28431 38931
25027 288 17096
24088 6795 28941
16150 30001 19266
37273 27327 21470
31296 17061 9321
20618 7611 38081
20601 27869 7213
33298 14860 20718
25060 36431 4432
14678 23206 1253
21633 28575 7614
23803 31740 29404
34215 21072 30401
28754 37012 30527
12874 18260 8666
27685 29698 11500
32891 729 8612
18677 8976 14170
3825 3974 37074
9799 5773 777
20485 16455 36407
26345 18753 25864
9763 15913 25118
25381 14774 23250
30587 4961 24413
29637 37227 34256
4811 34286 18493
2581 29261 12569
32743 13958 26827
414 10574 37100
12765 312 8693
31334 38023 16052
19263 34861 2579
21701 18082 33521
33290 12724 3755
32163 20302 22516
26791 11468 22871
340 10101 32026
15880 9037 12390
38715 29677 25467
9550 9570 35156
37545 3690 16999
31749 33349 32685
7435 28702 12402
7593 8217 720
20348 27479 23975
33520 31783 28227
18172 18746 24992
1687 3468 22313
35477 35777 10462
2924 25568 34948
17166 25413 38494
9816 30639 10115
1630 25215 31752
7578 1590 10214
29759 32348 20591
5363 4244 31830
9312 2673 12228
1417 24472 34326
1038 37380 30069
17773 1105 9371
2513 35940 9492
17222 2204 12084
4640 5016 34501
33512 32520 10073
33490 23757 31049
28419 26960 27893
26956 21078 39972
10343 13000 5976
32063 17702 25924
5292 14512 28380
2298 29902 27091
31844 32023 10985
6119 22257 23455
22421 15678 35166
14318 18800 21069
3154 30297 31320
19683 28495 31667
2754 22903 11288
8044 6714 4506
26813 3731 12087
25483 9988 38331
31194 3817 17590
34300 9795 5891
26307 4497 20048
20043 9042 35615
12531 6442 27561
39701 6511 22957
39350 14254 14831
17884 20216 7315
27459 16811 26765
18974 12600 30410
33368 36858 4434
19543 23630 2470
20520 29299 21982
23128 22365 26738
29115 15678 14774
7468 29575 20831
3613 25777 3485
481 15793 13337
33403 5219 20296
19896 36554 16906
28866 23985 11980
35354 25931 17634
10209 1914 16300
30141 37750 38042
9230 36918 38987
32176 26573 6808
35678 28701 13813
34099 12153 18543
37468 3184 36821
21247 14236 30405
4458 1659 12715
25219 34900 36350
37784 30604 21475
13403 38755 12579
38335 6137 22010
10844 16374 37080
32524 17970 16100
35250 11084 24823
7550 1596 32004
1574 955 8203
39571 3220 38751
28884 34373 15237
23589 34764 3277
219 28552 35694
14305 15337 29742
8859 14258 9766
18290 23387 14663
28414 27660 25153
9845 9218 16223
9389 23869 10110
36831 13740 16770
38059 26525 22010
29733 19259 32689
35751 25855 32274
17987 39766 33722
10133 32630 36962
36108 29722 8881
39068 35922 5055
35210 240 22661
27350 7953 16230
18011 17534 18743
16772 13628 17933
15002 30288 15519
23913 31150 30194
17409 28022 16329
7736 4162 16297
714 30388 28764
11068 26087 8320
11456 9658 15123
16098 16271 30074
5192 14282 38321
31912 886 35192
38038 25086 28232
26810 19463 31443
25359 22483 21096
33930 36429 23416
18892 31403 11168
13044 18229 12750
7434 14507 33191
12851 24537 21883
7655 8367 28919
39678 24149 21633
27984 25068 20771
10819 13595 31966
20145 21948 22728
34157 25223 26194
21765 249 37614
10781 14508 17157
35371 27606 12748
23232 7641 3566
3730 19615 20194
35771 26003 15845
39001 30669 23481
7364 31991 13727
23689 24157 27377
16169 31885 14308
35314 20882 32482
28191 33658 15875
5664 11597 9811
2519 18721 37923
36139 8046 9648
26673 1747 16289
25680 21284 13523
31824 20774 18852
11559 6166 33412
12190 30363 2654
19538 31388 15486
37071 3931 19727
15430 29603 34417
30703 33792 19605
37822 15545 6449
4153 22441 19543
39182 29029 37537
21982 26197 30605
35657 39729 16583
12909 3392 578
31938 31007 16780
8121 29758 11020
19746 4013 12836
27839 11732 12623
7174 24021 8791
358 3135 21713
37872 22644 232
25612 14971 2744
1972 5193 1816
10829 30057 3559
36851 36400 5052
38447 11117 24990
30791 32397 15532
32860 7017 23324
31676 5328 16058
21850 37152 28621
20265 14523 38137
3820 2741 18777
18386 6805 21316
24328 38470 27549
21347 27848 11726
18122 8027 6228
20651 6961 37868
18839 26156 18368
36137 16638 23837
34840 8751 28392
7308 36882 16515
23802 4793 2211
5832 9424 89
36250 28953 19534
10119 19718 457
19412 11912 33396
436 20304 23161
15125 20290 21741
31063 29823 4344
17833 8619 24906
23738 13700 9936
39323 21665 36948
3042 33725 21045
949 10949 38826
455 4318 7503
15466 33198 31504
19027 15059 32092
39847 19915 16046
10012 10259 15777
27642 30442 18656
13850 22410 34862
31216 21088 39625
36439 21387 20714
25118 23760 24845
17674 31914 24738
13118 33490 14702
10150 2943 28836
20682 19941 13791
30869 34272 39822
10189 38718 2007
27027 24616 1695
26940 17696 20147
18479 19202 9144
6436 24004 24042
22702 28315 91
190 11710 29104
6405 31991 16646
14245 28207 23038
29156 3450 28236
11600 12525 1184
19745 6778 15686
26693 31340 6212
7587 34446 7474
1706 5658 16739
26276 8517 22307
38307 33645 17737
14062 28089 4763
32679 1825 1286
29415 29651 18349
9406 8610 38688
17420 30479 35774
12550 36313 11003
6455 13766 26187
32839 8028 33892
5391 31691 38910
37779 38018 34986
26356 31151 39624
29404 33095 20324
23308 35367 8641
11372 5332 26349
29005 6005 3327
8734 18123 26080
36126 2829 22195
34278 17901 8288
2275 2901 28717
25634 28038 39032
4191 25395 8291
26965 8798 12063
21759 24528 23769
31883 14512 32749
38893 38539 17792
27251 7963 35089
29626 10476 25515
24833 2388 36680
18332 31072 35640
35169 28486 23210
11441 15449 4110
8066 6447 27487
17030 26948 31606
21969 26655 18102
10025 9659 34763
6878 22255 27518
9267 33389 1728
6348 6290 9625
38030 31248 12781
13192 38738 29994
33135 2664 8625
35608 39908 18075
24843 5424 11538
39696 38049 23242
38384 29421 33440
25082 28420 3880
38350 5690 13212
26677 14992 21159
25000 12058 5141
39906 4850 990
24547 11223 2940
3359 36604 22426
19061 1155 10028
12333 24023 38791
18226 34782 2400
37555 12681 24845
33962 27438 33426
39948 7081 35694
35807 10207 24065
30343 14750 16034
4162 39909 10016
31562 25025 30421
24133 21507 916
22717 5446 11513
31977 8812 17439
8371 27011 38156
15063 35161 7123
6260 31149 39958
21935 37402 14881
36888 32561 17830
7772 1012 20655
32993 3900 18791
39890 36300 19072
14648 26965 29709
269 33529 5276
16196 31515 25708
32366 21181 12287
3777 25169 18558
36693 35133 38913
20223 9097 11767
20236 34553 14722
30397 21517 22359
17132 10963 19267
8521 34209 16283
11149 23608 10740
7248 6788 11092
21145 37868 9333
31624 15348 35626
36473 11471 2236
34982 15411 33888
25164 32800 11174
14853 14790 11295
18352 24522 4964
31602 2791 25296
26077 38737 32143
26369 34224 22691
5429 3485 18511
25241 39402 3955
4715 19383 23327
13868 25560 21747
16986 37762 17566
17078 27987 38414
19867 22079 4397
15870 2456 4839
11540 2725 14118
38655 5679 17388
28468 32789 8770
6374 9521 25174
24612 21378 8536
8525 7127 13401
3421 9865 3849
5671 30066 13725
26598 10071 23350
19777 25368 2935
13627 12438 27548
39051 38386 30343
6018 23549 36149
12619 39041 4146
17393 38215 4020
17975 19886 18703
23157 10586 34365
26765 20949 25557
701 8314 3317
13990 35657 16970
31428 39162 24897
30629 3029 10375
24756 34895 22171
31097 18535 4712
39492 15172 23749
23823 38320 18392
18274 1506 28685
6323 36461 36705
2897 1040 23026
26545 1554 36605
6410 30012 37381
17418 4768 38005
26385 36253 12320
17977 28559 17891
16061 21841 38753
8801 95 36564
15596 2152 4776
19946 20659 6311
19746 683 7889
16858 30727 38757
19 7585 29676
35005 1967 34411
35210 39596 5221
29457 15594 12587
39601 22079 21677
32362 23786 36557
31285 30009 17915
32812 3316 7626
35771 20795 13711
21133 37290 4601
22254 32507 20554
27669 13986 29551
22807 25442 18356
36462 741 17382
19846 8583 13334
18321 10280 31958
27060 39499 33146
994 9073 37286
39097 5990 3768
15795 31272 8109
37039 39344 3419
17046 8268 12767
39203 7799 10449
3762 13009 2526
31845 16802 22057
27187 7889 26910
4453 19833 9747
37089 27490 27123
39522 13532 25067
10659 25024 26835
4129 4846 11893
24004 707 3163
22253 12225 25312
23034 23472 24735
19286 35873 39673
14727 34181 5906
5366 23145 12758
24952 6299 3153
22114 33680 30691
26642 29184 12325
17573 38750 31086
27507 1615 951
25498 9389 24129
37824 29838 10842
35400 20269 3895
15514 5493 26266
4752 10311 21146
14071 18800 14967
28704 21472 11948
28381 14600 4234
31466 28495 21244
35289 8451 11618
17169 7567 25236
14513 24348 32480
39202 30781 13614
16033 17191 7214
7277 7774 29949
16120 37072 2762
10150 11417 21302
26705 3318 10942
32868 11082 36445
16965 2201 7496
39061 32670 17104
24720 29156 20106
37266 15076 17614
28486 11957 33534
23707 36545 15028
6873 28672 36360
5484 104 14381
36802 15153 39530
28402 15895 203
17621 31759 34861
16208 11887 8790
26122 25695 36348
1087 19357 1270
8658 6280 31000
625 4168 31623
18294 6560 22349
12366 33434 7939
340 25913 20632
34853 16045 37398
8588 38098 5935
18482 2920 32565
34706 25212 14284
29523 3737 24792
6734 27678 21100
7555 29721 4471
708 12062 9457
25795 2815 22489
38036 30441 4115
9021 20988 8549
38815 39125 5122
16652 20445 22202
13596 18396 4084
23866 29063 15807
9130 3813 28672
3741 23735 35635
16555 346 37236
11925 18583 8691
38770 15575 20249
34992 1768 35310
16021 12167 16644
39204 31003 2957
14306 26653 8045
39961 1114 25732
14175 14583 19572
35607 2263 33478
7863 3149 34996
6383 30175 31136
29643 28034 35308
37690 205 29550
3991 20992 10820
18717 31520 8565
20220 34090 36866
37261 25854 6336
36936 27727 8760
2640 12665 12901
29432 46 28271
28867 24407 3273
11270 24242 4018
11397 14575 8248
5524 34295 7332
34982 34352 10876
12406 9534 18313
32886 38594 9022
31220 8101 21442
9933 34101 477
35391 8513 24775
34857 37476 39435
13816 29117 39919
30080 35248 19728
22528 22404 2770
6302 32596 3157
8122 20408 5259
35889 20455 11974
13541 38885 6194
25691 10827 37620
10812 34547 13898
3616 20519 10124
5082 10456 32443
29917 3932 11325
23656 10039 14499
15506 32171 20535
17962 27073 39369
10981 10019 39556
22712 17069 2799
15158 20381 29240
10281 29047 19120
16165 1756 35957
3388 29097 31509
3358 20675 3776
10324 3871 38335
16846 35996 11543
10818 1943 32298
29789 11519 22295
10050 2218 35489
5696 28324 33189
26073 22542 33758
21834 33269 20424
19323 18805 21420
26901 23193 27153
25206 16951 28312
30552 2648 14185
15022 20933 8189
8465 8728 30622
31872 23010 5035
15319 1095 14226
22217 28197 36873
31218 2543 17697
13615 26927 11434
34196 29720 5539
38505 1381 16247
19161 24238 30364
5208 36252 13279
16914 26624 14202
31097 5239 38321
32410 14436 26880
4428 35063 2721
21547 28241 5944
9951 16688 36354
13486 18093 20806
35495 30313 24330
2062 3498 3447
39385 10016 21666
11450 16177 19377
28589 39845 24208
25630 19765 23443
4399 33047 9558
132 2160 35115
3414 29876 24820
29931 17426 27994
8905 5054 3770
5946 26880 12609
28787 5287 18077
29208 14811 29529
36200 28246 28905
30566 8033 32581
39089 18145 3472
1874 16711 34636
5114 15448 6524
19386 19376 19847
12164 9478 17793
17776 22264 6825
11407 12209 6518
31676 4095 4728
34406 27659 27914
38901 4696 8466
6513 37216 11721
19159 32589 5476
28805 38883 5828
29671 32166 1566
37656 8055 58
23814 3353 5074
19906 34124 28859
1873 8087 25931
32770 28019 872
4070 18073 27010
12062 34236 323
24100 14048 31626
5737 26305 34738
20382 6801 5771
2040 1524 33711
19950 8921 1327
2070 2838 35199
7157 27783 29848
26810 5991 13290
29118 26948 28860
90 11890 607
17977 32475 32453
19995 37519 19495
22621 5876 15889
23909 24505 30871
33744 21435 22242
11333 30804 32698
7345 27409 32570
13304 16439 26819
16677 4796 26636
23071 26018 32785
1975 27263 15580
5053 11767 413
16952 5836 2668
21997 7246 28933
32165 28455 30405
15806 9991 18850
39178 6347 25878
15836 9389 25682
32803 36118 11800
24570 7762 29916
28844 27010 4231
15267 10617 36206
8109 28618 34394
10267 5346 14083
20012 628 28611
5451 19305 13181
10255 13781 12900
5709 8826 12741
6627 22425 4561
7255 26580 24490
30660 16416 35886
38449 6613 36205
14501 28145 12252
14280 19273 36890
16756 11161 1276
25782 36038 2728
24142 13820 6063
31552 30519 39170
1809 4335 34864
38224 3955 31211
10862 25104 22422
30479 12860 11937
39061 17090 4980
39050 25655 10744
11481 2315 15253
11154 32980 39760
15842 673 29001
36159 9820 22408
29782 25968 15758
34623 15784 1020
24959 13492 14393
10670 17531 36940
29674 17367 14715
35911 22776 7870
39219 8833 17502
23923 32121 21332
26311 6212 6221
8539 21551 13449
13385 27346 32981
19738 33254 24473
29471 22369 16104
8855 11146 39946
4584 13627 12491
28055 27900 9630
33863 35727 836
9604 4396 24150
6420 6402 2410
37912 29625 20921
31250 9311 7466
35264 8841 37701
27405 39072 35880
27587 21666 21880
28404 27111 10000
3841 30901 8804
32330 32428 30005
9284 30174 30760
2390 29112 858
27967 3344 26064
6491 16160 13703
6597 5107 34231
7109 11892 36982
32376 12313 23718
5985 29820 27595
18442 11624 23298
3898 30212 23387
29910 3861 17054
11444 39439 7218
12444 8063 7985
22094 32366 9638
14579 28130 33279
7192 24092 20638
33323 35990 32647
1412 9165 22618
38597 17188 29941
31332 10657 31664
12537 33314 12862
16955 5923 4219
11229 2003 37000
27192 59 6327
15096 12239 11351
6391 21777 26510
26705 21927 12654
23009 19694 15167
23037 22847 33784
15570 38958 35639
39939 26281 30408
15891 21322 7740
34262 17766 6519
37004 36350 32567
8257 26847 12529
5642 31088 665
34366 28423 10364
21748 8386 28618
39315 27676 36026
38214 30138 2218
31353 15190 27339
22842 7092 2274
17372 8747 12411
36138 13184 3506
39682 16434 30119
36059 20254 14282
31521 798 18251
24697 37247 33178
26153 33670 27802
31089 2888 2402
30701 31679 20760
6965 12637 18423
9603 29955 2842
38556 25302 28539
20957 18265 25434
7260 10961 16511
5953 15044 27150
4889 21436 14743
37760 17580 27306
16328 934 2192
3754 12551 26359
23141 39761 775
4191 15220 13367
4651 20198 31780
37036 35980 36850
3990 14792 16745
22243 14173 3488
33708 7388 19549
7317 21909 15202
23423 1286 22790
7388 1230 34213
29929 10234 32689
5031 13889 12978
27909 16789 29900
21990 18454 13824
39570 37666 251
4882 24270 31233
30731 6207 25845
16559 29759 17241
20839 37320 37862
32835 28657 3231
35967 4349 9213
3612 1270 34399
20887 28477 36926
18209 22300 27133
10631 14422 39553
30737 8669 7097
13565 3919 26141
5088 22101 31914
148 8269 3394
29144 38453 11108
20224 10708 7031
11958 34293 9407
18057 34107 37052
8994 18675 22623
5390 11278 10954
37171 28813 22820
8655 19844 21420
6385 20198 22473
28733 7281 2350
27958 34008 39861
4929 20909 997
1759 11209 6484
28103 9737 37629
1 13477 17477
9079 5394 30934
32959 8564 5338
31593 17087 30823
11830 5902 32267
6138 32381 39971
1897 31906 9749
28895 2050 36509
23139 7317 25826
35211 25370 14630
33052 10790 28789
38278 15435 29344
3967 26153 6643
2392 29071 25865
34757 15672 25170
6615 6785 28781
21952 1851 9462
31236 3633 30218
33893 32926 13704
9092 22404 39952
21133 20230 36190
14617 17817 29650
5975 19648 17386
6585 35214 37194
23895 18083 4699
9941 19997 22587
14967 9173 37591
29753 32379 38504
27404 15053 8321
11927 17059 37861
19751 2731 24497
3483 8690 36266
20339 33150 31310
2477 15703 22076
18419 5215 5812
8873 12260 20820
27931 18670 12114
35651 23173 17424
1629 37154 25899
6492 25274 37788
5493 7277 21871
