3400000 1000
38357 3760 268
29353 39416 38480
6295 6547 33947
18641 16168 10494
6142 20086 19346
15638 38740 14561
37486 7834 13495
11610 19940 33011
14971 4863 17417
21291 27168 37384
6818 38284 545
26102 29895 37718
28009 31320 4515
33052 5349 7226
10968 29051 28981
17834 19199 23224
34044 37480 14221
36533 24022 9321
6481 39120 17385
8840 19609 28504
20052 36810 31989
30957 3013 38476
31891 37811 4647
15627 27465 4978
25336 15888 8242
7694 10040 8246
12207 19550 8893
32089 10895 9386
7972 24285 9161
33798 37730 36184
38438 8261 26552
39517 21180 38300
31877 31398 12116
19989 24629 25373
17261 6636 5911
31879 29210 12874
21069 7630 24902
19355 14748 6313
3224 4430 39651
25770 5297 37161
36009 39140 24146
18054 17743 9206
17627 32429 15396
26680 33710 36751
27799 1026 13170
27485 23431 2196
38004 23107 12983
7525 10791 7237
4701 31819 10700
19828 24217 29699
3309 12556 17027
19934 33667 34989
37981 1609 38135
3188 15784 183
21765 20982 37522
10797 7421 19097
24908 14377 26148
30798 4730 18928
38519 5742 17732
11059 29711 23536
3594 35741 8480
6469 1588 13628
17563 32273 2087
20425 14388 1477
37843 22997 27645
669 27241 26258
1905 4467 4970
11388 39310 1343
8027 37346 7321
34988 18261 6229
38981 12119 26296
4268 27822 26406
33728 24880 12992
27395 22831 28779
23413 17844 14762
13832 36411 985
14432 16039 22067
7041 24357 11200
33558 9704 11165
30385 35122 32785
27155 10597 33490
31484 20969 25827
33980 16453 13226
24112 36948 36953
32187 32098 7006
16021 39921 37251
15521 30013 25660
33886 18982 13845
26368 5865 19424
23328 452 20750
35685 15346 31683
38104 25306 32308
37600 32375 33646
21620 18743 39472
14589 28710 1935
36515 13012 5244
37611 38522 30420
28317 23743 32108
34159 5508 25792
16363 9808 11576
4500 38960 15831
12964 37865 736
25730 10898 12322
28315 22311 13640
27051 20898 26077
20159 14381 38818
27451 20348 7069
4193 12344 7566
14959 3844 23346
35107 37545 34106
26762 7046 16018
22409 8876 6393
28937 17011 12332
24746 19889 37764
21772 21782 13834
25403 17562 39863
27035 11795 37558
31595 18123 24941
21937 32995 27536
36251 34002 21060
25087 27275 24818
31517 27393 9678
4487 34566 19046
13508 30141 39057
13523 37158 14784
8880 10583 39984
12567 31651 29148
4777 38378 31195
20153 31312 1572
34928 1124 12517
38131 25212 24901
15697 364 17426
34725 8370 9356
19230 9413 4935
15962 4315 26764
22197 2472 23211
34008 20212 23735
14294 23157 36057
37562 24290 17259
38912 19827 16842
20145 39253 6074
19551 25344 3263
24988 1272 32003
5482 20640 8343
21482 23600 357
26586 8350 5668
31719 986 7887
39290 28768 34980
8937 13078 29259
14738 20388 15792
8323 38021 18235
24608 35659 7168
10612 18891 35687
25252 31838 25898
6567 38148 32537
14580 3715 5220
35343 7720 3426
26707 8257 16313
24821 10978 36476
26389 24192 33472
34602 22804 16121
36275 30212 29050
24073 13749 20837
18664 32687 38121
32826 38822 3460
10360 24790 5829
19161 7053 10210
20660 39804 18473
28465 5922 27098
37795 25138 13258
27198 5440 8959
26976 36471 18091
13266 21334 35224
465 6487 38283
37785 24283 31580
32337 19931 38985
13156 11289 5769
20584 27099 20797
7130 13039 2021
9066 7794 14716
14864 16680 9064
26278 32359 2568
13027 30590 19304
18089 35101 25639
29837 3174 16650
33871 14086 34144
13841 4937 1096
27043 34169 10313
3839 12919 4831
14075 39775 35974
22755 16704 5848
39716 11235 8518
1064 35968 29215
9986 16522 3174
2748 11469 6028
28783 12580 26584
20926 34886 36426
13006 9734 7767
38795 23877 1361
23702 39088 29215
34212 39400 20368
9219 8401 18738
12243 13875 34052
1917 22609 15627
36733 5123 38296
32213 27672 409
25996 5579 31688
39544 12841 34858
20450 30825 31589
24751 30613 29517
8176 1137 5112
19974 1821 25754
11964 28358 10394
9667 18176 3570
27867 13099 4612
19890 13910 22036
18229 14168 39975
1467 39718 3178
20819 32498 23456
11469 31529 28571
12432 33168 17860
7555 19742 1939
16302 8280 927
23507 28447 38473
17632 12947 28323
21177 30819 26151
7193 4191 19622
13728 31511 19068
4190 18383 12907
20602 1731 38520
19133 12446 35717
27861 19472 6186
28892 6403 23911
23122 16765 2253
3460 12056 5800
31700 19787 18758
30814 31448 30214
16328 19696 26533
37890 30755 39795
12636 22358 12822
10000 2909 14083
7755 23160 26318
3319 19322 8372
29451 4460 19739
12378 36714 13230
23941 39643 12137
21113 33768 3770
32630 21120 11748
39319 35675 16074
5124 18345 17221
23543 26970 18123
35759 17953 31479
18925 24432 5854
5383 20011 28829
39393 26823 25594
26460 38848 9765
29311 33158 24400
6643 22714 7160
7596 12998 2975
3959 37205 497
15173 15229 10483
36185 27767 35812
25338 37365 36585
37486 17576 2789
7173 9967 17834
25771 39330 14615
31006 31946 19222
36448 4531 3066
33826 33296 34797
8708 25356 21035
34117 6592 25674
26553 38957 7785
15258 38959 38321
7386 12655 37949
17401 26216 4357
7731 13867 21467
19157 22801 36205
28361 17188 24873
2952 23057 21559
33843 21480 26545
23201 6253 36672
28997 10300 19245
14154 22813 16886
33605 22188 12217
4035 16913 31414
24227 15792 18591
33480 1385 8344
12412 1169 18038
36783 17495 9010
35660 8315 37845
31553 14689 26915
7280 25641 1939
13344 17868 23662
17864 7568 18136
13390 11878 29161
23453 5379 7532
20938 17574 7205
30251 429 26508
37165 21925 25977
8541 10005 6464
12661 425 987
12263 24598 29032
26979 34814 2873
30923 12220 36543
16556 27742 37947
3766 25894 22102
14339 13205 23447
16445 3367 36533
3738 39927 2534
18666 34440 35823
17045 19649 34918
20580 25690 8280
29502 7562 35732
3227 6219 18910
12888 12375 141
39817 22103 5180
38525 30128 35035
6708 5275 39510
28912 21786 39779
4591 36063 4632
30749 16642 1365
32994 37524 15225
39331 13065 36254
12232 23839 30269
35802 5112 36327
35938 20473 8719
18821 34317 30578
14686 11886 38107
26009 6055 39781
23726 31818 17384
8573 38149 5567
13256 24699 7415
32898 31325 22938
36556 22396 29336
39464 32312 30507
37966 7309 629
28658 22627 4779
16572 24970 15317
38369 1503 34646
39458 26282 3910
16405 25239 16163
2308 19185 311
106 22037 16884
14148 4450 31670
24090 32237 19282
2209 38209 19667
24877 23588 12221
33529 22252 20253
8072 19017 21144
34196 1174 39421
9764 20085 5063
20080 31798 35752
29750 36290 21318
18511 31598 31841
4639 39131 38909
123 15939 37131
35744 22845 22444
34435 19421 36486
11500 28549 30320
31469 30517 31758
22365 33451 34293
39503 8932 28967
23962 20294 36563
13533 39027 25337
19253 3434 23926
28303 39272 15990
14814 23691 37325
11582 20589 8102
31704 11196 28047
4423 12486 6390
9887 10017 27375
27936 25986 15017
881 34223 15409
30835 11468 22972
149 18728 1740
24912 30027 12198
31073 33362 5959
35124 18506 32394
38036 1952 25712
7313 26809 15543
21199 21975 18936
26721 24847 27537
21936 34966 29617
27005 30882 31425
14372 24723 10384
23471 25784 16970
26497 244 33898
16707 19938 21979
19549 24022 24391
36999 3306 35704
13006 30250 21070
17222 6628 11873
37122 19568 4897
23147 27624 27077
21263 13509 16865
13526 36232 32099
33851 28938 34941
18060 33608 23294
36947 33107 27978
39062 7399 1517
4106 1701 14386
13556 34311 15349
1608 19511 37708
39539 38523 10555
3931 28858 33052
16659 11717 20858
11937 25943 9691
13573 37986 23108
27583 7926 27134
24752 531 29822
219 13352 24019
26060 27530 6888
13183 23448 14280
35574 30448 30605
26592 22875 14220
15441 30638 35263
19669 4594 27904
21792 2331 25198
10517 10990 13138
5343 38791 10759
9726 38721 28612
30026 14539 22497
18168 13402 25465
33828 39815 39793
4660 6194 16310
8798 35777 29821
11177 32988 14805
33585 11207 27601
13888 5178 17209
24928 21318 6573
39506 19115 20750
33044 23561 1320
35316 33753 12065
1503 21945 32525
9321 1917 28314
6422 38431 20312
1662 26803 4976
32384 34376 36142
18395 5694 9357
30621 1843 24940
35743 12820 1539
18672 7560 5866
22988 7638 3859
35302 28841 8522
7619 22087 16404
19247 35431 26733
25921 1246 27013
22119 15784 35902
29236 39770 16992
39612 33990 23242
10215 23847 14945
37896 5694 37739
30127 16056 35249
20969 5803 2878
11892 31663 9628
11653 11881 6617
5983 35051 11327
9539 1756 7757
6580 7465 29403
11178 17274 24670
8879 34166 39416
13925 28944 15486
14823 12720 32775
17970 37149 11634
16770 33172 15847
26403 8903 21308
35790 11472 25541
19141 31740 15068
11782 18840 10681
16407 28609 38483
12750 5944 8717
36053 37066 25786
26479 360 11234
25105 32724 1164
22771 1160 21274
33884 26340 30393
28424 28191 26599
19368 28255 31662
17886 36604 28552
10621 33882 27354
38444 19079 5630
18079 3299 36826
35970 25210 14724
1724 14676 10277
33371 10745 23320
6590 30392 1290
12048 16454 14372
28772 407 39285
12399 7322 27272
17975 37861 32303
27324 38023 35935
17020 22639 8871
1077 38714 6020
14905 22353 37805
13407 7357 478
15854 39536 14312
23776 12819 12560
16733 8478 31932
36419 6538 4666
39357 32285 17954
33505 7331 33154
37426 22749 27941
26758 10211 5639
20777 5171 21515
2394 15279 8424
33711 24996 37022
3230 16409 26902
21609 18502 34066
29498 30110 36174
20093 35139 2827
16003 22992 28224
25229 1041 35631
3115 2422 12133
36327 3294 28634
371 22147 9381
8055 25363 13071
6894 34366 22471
36519 17949 31490
22104 2618 38716
17468 12573 1121
17488 26296 37533
29910 38727 10592
17356 23122 7949
675 9394 18567
28989 7554 38505
36023 36148 8311
25093 8431 12930
29250 33870 32676
35450 4881 23656
37608 18217 18955
14420 20425 21603
4793 26831 35207
22456 27409 38040
34287 19590 5665
30479 16536 23464
8277 18105 21177
8716 7717 32800
13990 31779 30301
25943 29669 39217
5706 30172 14321
20356 10046 13718
10891 7809 12097
29053 14327 35738
25940 30488 20634
33563 27426 7522
18478 4964 30790
14854 38175 11633
27251 16714 901
3093 18436 22280
1215 15686 38881
6294 32552 39185
32778 31879 17721
8110 8899 7563
18363 38254 39516
18993 6247 31889
25948 9485 39899
21364 26122 22325
15099 2343 855
21669 23970 22173
34475 39298 32452
21948 22794 17532
28450 20373 38819
14220 33832 30765
17589 23645 6246
35130 34719 15687
16617 24361 27010
23670 25910 2268
34452 35561 1442
25201 11332 15958
7569 36669 16581
25835 39561 34201
18618 12912 6514
12946 23420 16201
2092 26500 32779
22167 16141 21953
4302 33277 24310
26794 34824 36863
19088 27872 15706
19079 34216 5205
1967 3970 36133
38908 20295 35303
9698 29471 3427
14424 7916 12366
2762 6881 24473
18037 13047 15837
6915 19847 11616
15863 2464 23575
32098 37710 32959
14277 20110 32178
9185 8789 25674
26571 32946 33883
32037 19802 38051
24466 38267 11542
18981 25421 20289
16952 39939 33029
15854 35283 31516
11856 34119 33434
17020 5427 16901
20486 5463 22606
32996 24207 33633
26230 24586 38231
12684 12064 27090
13158 19807 20408
30965 29712 19760
4561 3861 9395
29246 14903 24357
30557 4077 5729
34871 5386 23134
24195 3427 26570
14379 24831 36049
30657 16828 10043
5284 6473 9417
10446 6467 19442
22764 35923 6725
23785 12641 29600
37177 18358 37534
31697 33871 14815
27977 37885 25702
29482 5722 28235
19442 27200 30991
9629 905 32045
7430 2281 2571
26180 32954 33001
9068 36064 38620
9577 9696 18373
12941 24254 5793
25252 36534 29973
33888 24829 23173
23913 23878 18079
31492 20366 2213
22155 26647 24939
960 6327 8722
12549 6323 34478
38901 12213 33792
25748 14789 4924
39608 327 33992
32749 28227 33890
26460 28616 24204
21915 1652 33895
29515 30604 19696
10898 22064 34319
10136 18797 22953
450 13494 35601
400 13162 39629
22583 31412 8755
21369 34384 19523
25301 27044 9523
25297 32019 13858
17710 6727 24157
24043 10493 5674
29782 6130 38745
26183 14640 29030
24039 16633 20850
22148 5201 15574
17115 36375 754
31804 31137 36750
11051 23923 18450
8376 38035 1983
2716 36318 35403
325 37288 7996
24687 6359 24928
20446 38440 990
17553 36308 35998
15139 1324 29521
36747 7226 32167
37670 8555 10123
9601 28374 39311
39806 29090 13781
29969 12675 11360
34210 29986 6075
31454 17598 28863
12614 17231 34824
33474 3818 35864
30006 26645 17116
11732 31410 6017
12591 22577 33358
6180 30102 37943
15782 8001 2711
15849 529 13554
6479 11524 20099
23480 20828 7460
37506 20147 11242
8454 27843 37421
38685 680 18273
15376 26840 34765
10617 16696 23592
22429 15076 4771
17233 13608 39762
20485 5746 27659
38335 22137 14039
28203 36949 24081
4955 25246 38815
28494 36088 29738
28772 23019 8557
4453 13672 32724
30539 16507 33659
4148 15579 16654
17724 30892 30831
9592 11886 14559
23428 31596 22388
15786 3345 9146
25068 25649 7470
9265 35174 2196
26404 1246 4352
10113 13581 8947
2079 9635 3560
19524 10636 2425
15419 33386 21864
23105 35173 2698
1101 26578 8639
16560 6339 13833
29998 2580 37724
21467 19785 25023
8877 16394 26017
37191 2345 3315
34865 27382 2587
39812 31843 16905
34816 1994 30781
11220 29950 16936
13030 19971 29893
9060 13465 38267
35457 24091 27301
28446 9145 6805
16030 23470 38023
15347 28772 14537
2996 4869 15181
9618 36591 11256
27890 3568 29034
38124 15251 19696
3474 7204 3816
30534 38185 30615
14085 38321 25281
30435 21608 6972
2135 17633 5666
2080 28233 23123
992 30727 20085
15482 34262 30571
16944 28869 1031
28381 8160 4451
18291 14690 32055
18873 22365 37368
18828 7599 6711
37430 5847 9637
31276 6289 11721
9092 3466 11899
1798 879 8459
34149 4352 4823
4670 39909 26289
10157 9495 9075
33909 13555 7247
27022 3457 18924
313 27324 26244
29042 29475 7982
7768 21158 5349
19969 30181 13633
26377 21281 38675
16073 36758 5384
29225 26336 25915
24036 13703 13623
23125 13399 36540
20959 30685 13272
11077 32960 19185
26487 14755 9506
893 15357 4823
9833 24070 12785
13629 8094 26003
32888 7619 36519
14392 20372 24452
32793 15488 23949
14981 5796 20598
24813 1610 21549
24720 34276 7766
37561 9721 10124
22910 19012 29562
35079 22057 16114
900 5445 807
16797 15132 10082
21866 3661 23715
28012 35685 25093
38145 19842 34879
954 11886 32791
23732 25759 4189
8662 26185 20891
26437 23392 31017
20892 9612 38577
31201 26373 6354
9440 35317 14403
39064 34821 26845
36093 34636 29557
28191 29098 28466
38888 9482 6652
26032 32956 8908
22778 6006 12178
31025 19051 13960
29462 37496 6574
25641 38429 788
8999 38886 8039
36412 6804 31804
5763 6895 28669
18982 19858 13000
20298 33544 9891
19449 302 31601
31806 18471 39873
35472 32060 24930
37164 24951 1107
33855 3837 14212
16816 17236 5147
24753 5629 11344
6099 33530 18818
25908 80 27495
24871 8114 29226
1525 22744 30688
20501 22309 8705
28889 17786 19360
9081 19121 18787
38853 34171 31186
20239 34833 17102
22392 1509 3178
3207 23685 5510
9160 8037 39681
28731 36672 2778
34738 38349 28655
36649 24276 27636
2623 38698 23990
33191 9241 29099
28529 1938 10471
2737 3525 34470
26692 24028 11089
32458 20483 2216
15791 8495 39257
25039 298 9793
9064 23372 35997
23353 35688 15035
24489 13839 29492
27165 26834 17229
6063 9591 823
25343 32081 39833
20844 39239 18386
3388 1653 31372
9521 18181 1826
28499 24609 19046
16002 7846 7185
38116 12421 7664
19158 51 7026
23979 30392 1661
23873 6512 9558
26625 31702 13869
30774 3480 11738
26677 5293 35860
4536 16754 3495
9857 9521 30325
17748 18957 6621
23406 752 8580
18047 32311 30253
24691 32771 7754
8446 26542 10646
28435 16194 34926
23138 7009 33931
19090 31973 25270
3595 17478 237
34941 36955 3841
14258 34843 28263
1448 29071 16926
3896 3792 24351
33618 12191 4513
10672 33906 23739
23829 2471 2620
1960 17568 24368
6557 17220 36394
28255 39308 37343
3447 39016 8435
6590 21736 36471
34375 14796 15835
14765 22904 33118
30317 30073 14340
26977 34271 28046
26343 1827 20502
13958 3821 20858
37820 8403 29095
26133 33669 9757
17980 22173 16716
830 6231 11911
13851 16790 35070
20153 5642 24395
12547 2390 16894
39008 6291 24296
5907 30001 33195
2089 18388 39880
21099 22958 15079
22368 3203 49
25414 23796 3465
313 30823 33410
5293 15848 28158
29089 37252 2145
7064 20028 13696
17107 26280 18154
24641 7079 9695
22635 39812 36802
10484 22978 12921
17079 24835 13226
34995 780 1106
1142 3129 10343
35758 17736 23097
6870 22004 23981
15452 3768 22379
9172 22965 12618
17999 11113 28179
22866 9449 21715
34549 8289 38105
30534 22173 22217
20982 38277 2173
16348 31052 5624
37070 2844 12420
13669 39552 1156
22049 11982 76
30194 19174 18856
33381 9711 38294
24691 5836 13597
17235 1466 11203
18684 1640 14121
5337 39960 20258
1990 3556 1939
15897 7694 11661
34442 37644 38253
13509 26279 32234
17240 27798 6851
33709 5323 21396
5493 15585 37786
32818 36732 25795
25334 13424 4933
24964 32703 8754
4697 10797 10304
20781 1637 17948
11467 1146 38567
6764 6066 37837
35763 9971 9055
19135 22432 3748
22801 16838 26897
33941 5492 38407
2915 476 38491
28482 33712 24274
4444 11884 16702
10233 7624 13722
34504 17914 11269
20633 27430 3079
16842 25434 37979
30495 29367 15562
16763 25519 29775
37504 15799 8534
18195 1616 28615
36161 9724 17469
27122 12469 23508
12107 29245 33196
23985 13489 6958
27926 10575 10797
27067 23104 12297
31922 6740 10258
39924 38397 778
9203 12440 23173
18522 20871 33996
32977 3546 35480
25901 20387 31807
7954 20282 34770
4233 23080 25039
20085 14923 11861
30588 26811 21723
32381 38466 29400
2706 14834 38121
30874 37696 23954
257 1562 7087
8717 2483 37005
16594 13892 26754
8634 9803 9805
8356 21126 16214
20371 30199 32107
39573 20186 2978
24263 13176 38817
905 4049 8
20448 23468 18342
29137 8881 20445
6273 37546 6731
38300 35274 3938
20521 34129 4933
5641 24777 27620
34219 17752 656
1020 30294 32830
19274 26835 13077
34824 12944 25395
28448 14635 1794
39887 24357 29617
20724 10112 1408
25470 39910 33243
37450 26494 35050
17771 34440 20462
29610 37776 19013
18691 258 37747
9466 18234 29833
7908 26537 7997
36781 13267 25033
32623 29948 17832
