3400000 1000
16285 15518 16476
4211 3118 18987
15045 22318 15732
16823 8080 21240
19709 29029 39893
16807 17963 2060
15881 9049 6961
9834 32393 27769
12970 30008 27653
11936 21653 17880
15628 37656 13041
20458 38767 14331
32305 31615 35733
37818 11549 37
25627 28025 7621
37089 3301 14232
6625 24891 15558
13901 38090 19507
19144 28333 24399
37329 26136 24009
2933 22490 6737
23861 16911 15839
32035 28004 37109
239 5984 15791
12132 3692 17443
37300 23026 37691
27613 13851 23980
34133 17085 14260
20494 29499 28155
7164 14366 17030
15170 10047 29413
12380 13304 39959
21579 895 32811
30162 27790 13695
12441 32306 38687
34192 18524 5837
37273 33270 10480
30613 20446 5404
36898 2866 5264
6661 5336 39435
16361 33113 1527
5476 23608 13985
13044 9314 9849
15886 11259 27305
31119 14260 13173
25382 23584 11988
6394 16425 13965
30166 27923 33257
27596 26517 32170
2796 8677 21205
2000 21118 19205
3152 12203 28702
25794 22637 28986
38777 39724 19090
34119 27598 9932
18384 39208 17008
24956 17725 31345
39594 17443 5664
9849 7804 27595
21636 6279 23172
6688 17903 26842
22840 39175 31085
34002 36112 7960
32389 16830 2624
1658 24525 9987
36835 33626 33945
30565 34291 13639
34575 37109 37493
15021 21590 5464
21042 30381 28845
32815 10847 7765
20376 35880 31902
2689 34420 30561
17693 23373 21548
23796 8349 36597
13060 23779 19405
8716 23251 22945
16852 21590 8462
22587 13742 12930
8062 20257 7598
13255 5651 19797
12449 7641 15443
5999 9683 21384
235 29834 32811
33462 6566 33871
27761 21683 13179
13532 20528 16823
24320 12560 37943
33595 701 28597
30841 35060 17564
32075 11604 28204
24252 25261 26863
7679 15972 22818
31804 1264 19092
34563 12125 19366
29752 22788 28194
134 31606 21920
28081 30830 37926
26213 17215 330
25953 281 39098
13655 36338 18760
10057 33522 5546
3883 9963 31644
14736 37559 20028
717 13300 32127
8854 14449 868
8326 36308 6339
22648 26341 6642
5765 32904 14933
34512 27545 4350
30746 29461 24575
26118 15693 30769
5868 39394 39556
24378 17027 33113
16479 18680 35315
6607 5618 37820
3244 14320 26954
11051 16766 31046
16542 34648 38801
37227 14612 18959
39291 31640 15084
8687 5441 10459
14093 26607 34733
32679 16298 10433
21000 9861 10129
15635 38645 1065
26192 33010 25130
11168 18372 34633
30667 13540 39871
6600 38437 23698
10325 24480 20932
25395 12804 22186
14705 31414 5565
22439 35595 1727
36883 22242 2816
39320 15295 2290
30057 17221 1101
22108 20672 22134
7207 14549 14846
22998 17725 31076
11989 16001 9421
37094 34311 16402
24276 35435 35362
12697 9169 3902
5464 1708 32626
19587 26367 20629
36638 36344 34785
24873 1246 12126
2689 35448 25576
34545 14443 2208
31370 15570 4022
14780 3696 30278
38234 38010 2898
12247 3368 31178
22972 27928 17130
13107 26171 26566
2711 8959 6561
5322 29107 22807
26166 22939 24705
2153 16315 12865
29798 23877 15452
27252 5788 13128
5873 35875 12047
35247 30320 15248
24215 525 1779
16856 32147 6935
25570 24401 27358
32477 28413 32908
1521 34515 28553
13817 37525 22478
11540 2282 8259
5706 11685 25840
24794 32231 29637
26721 26171 11765
18340 26748 25156
24932 2858 10787
12520 32542 22299
18182 6568 33072
8742 18849 20848
5603 9034 23259
5200 617 8358
4687 5717 6259
33883 19816 16196
17248 9503 25638
34098 36687 24801
39229 31939 4885
16213 34332 11133
25930 24091 37771
20296 3646 2064
14253 34820 17161
14000 9125 3591
15168 39909 38293
30514 32260 27761
16514 28910 22388
9653 33427 392
12802 16028 37049
1191 18659 31783
32552 37222 7968
9941 25474 10514
9290 17390 10581
10177 29898 14636
25595 32781 27031
38023 13984 2348
4800 5595 13665
17197 27177 5305
1487 8273 13842
7047 4114 19204
28435 9428 24938
31543 10404 7228
21393 13339 1368
2676 14845 6907
17066 38067 6081
1398 15664 18494
38867 4504 11692
17678 6824 5077
2050 7647 16124
37793 23107 19160
1006 16239 20391
24082 19399 20227
17178 32774 39195
33014 35373 25624
36744 15750 6253
27130 39195 28183
31057 10814 23443
266 9420 7548
5309 21753 19459
4956 32894 7244
37401 29889 17135
36411 18469 33555
9954 32800 33541
10598 14147 12407
1804 3340 38362
31734 15383 6580
32429 6531 30397
23101 3267 31703
11364 27675 20483
22573 32561 25380
37242 26918 5271
27576 26939 19452
15761 25291 25120
13473 28714 29969
5231 38067 4473
35524 21209 25438
10411 21717 7260
28047 12216 13357
22471 38865 23864
11742 26206 6406
37774 1451 27859
21634 28546 25520
31924 10759 8749
36592 38245 20249
35405 20153 18562
34494 15353 32054
24998 12180 15342
8849 18186 21774
26183 34178 29893
23372 17483 30905
11633 24087 13728
7076 33646 38326
16414 17245 8640
6959 14463 1075
8660 28253 17330
34516 37600 38507
38734 16788 38248
29866 7588 30876
34140 30677 14957
20018 17054 10526
6242 1248 24290
1396 15147 1796
29743 20500 13743
36724 6146 33417
23306 21323 13713
31682 39261 13204
1965 13646 39230
9426 31552 54
16592 37546 11126
9207 33454 20719
27001 17562 16513
13447 84 5810
32306 38462 3513
6002 18296 36071
11166 39016 36690
16938 20801 11866
19409 27887 7629
19259 19085 12646
15381 3338 18616
16112 18044 25416
16527 1261 1335
31380 25772 37155
9131 18852 5177
3463 3248 2594
35839 20908 24631
12065 29276 13253
8392 314 35283
12248 1123 6919
30141 35522 20552
37819 2206 34081
8467 24157 22291
29537 28927 10655
27366 29478 22859
10207 21508 27795
16825 32249 27654
3318 36723 22534
14251 27216 36233
29622 26599 36548
533 36934 660
346 8768 6493
26055 25073 38173
31177 16574 33983
29299 28241 6901
32774 38936 15670
29591 34326 36728
2315 30674 30456
2485 16238 26051
37694 2664 12194
11409 20517 6982
9482 24085 23972
32991 24068 18487
4884 23231 23712
5716 25595 30391
19836 15579 32758
36534 637 33079
3075 24080 3628
31782 1833 28641
30058 9641 25668
27467 12242 37652
26672 13722 12202
4421 22546 15177
21764 38513 30654
20190 13047 30490
31688 22768 22005
2461 17002 20233
14473 33191 27279
26342 35504 10952
23994 26395 31697
30879 11414 30995
27353 33333 35738
33013 29687 3559
17944 28451 20721
27450 30371 17756
7905 2963 39451
22785 16464 20030
26327 39797 17838
16748 33005 4957
34027 15162 19296
26375 38708 11692
8999 22375 17933
6584 29654 31547
22151 39807 22315
11088 34207 25878
11704 17887 26291
37187 29352 13967
38305 25028 39407
36702 8190 520
31186 23834 39920
19137 24912 35913
29353 785 25068
9512 35392 31777
29400 14481 5998
17425 27839 28725
9377 22921 3055
28233 2752 11886
14818 28414 14012
1649 17576 30312
25423 23297 11570
31552 22421 2401
4029 24005 5443
2003 7512 7229
19848 21748 22292
21785 19902 20065
3656 33654 5133
30871 6654 24128
5725 34265 11774
4401 38133 29194
15412 7031 19317
19802 27200 7924
10156 20445 16346
33887 3351 29047
31264 23559 5751
24308 11390 376
38350 4404 38137
8822 27637 35779
36568 3686 26909
30407 7023 2252
12320 6546 11657
21807 33603 31256
22577 2521 12363
15738 2653 27067
9720 34177 1272
38765 29858 35814
26955 32210 17839
24845 30087 5274
18415 9747 30641
34337 26004 7612
23914 32885 17617
1103 13210 24628
15373 10622 12473
21204 39940 1212
12346 11325 10875
30707 3412 27921
21470 37134 31085
5451 21495 29361
16102 29701 19981
6473 61 25043
31127 39805 23203
22605 20059 7363
32027 33707 21096
8144 37003 15432
15084 12519 26787
12873 8691 31123
30823 34455 6077
1264 9818 5255
7290 37347 10633
3675 32292 16617
20017 21026 3769
1101 21070 16250
25876 38899 26177
19190 4455 2386
16540 39706 31575
63 21965 34243
17460 19108 12774
14436 33044 36047
23813 27627 32779
37670 34917 27458
28616 22905 25407
5937 17551 15280
27998 25504 35406
33763 15550 24506
29727 31689 33824
13550 19993 17223
12525 1871 8979
24362 11524 4635
9398 14896 17442
20057 36286 36033
18477 28315 11149
36795 3997 4643
19756 28011 22792
2850 17567 24087
19848 19996 34403
21943 14026 4327
32774 31749 33206
23057 20515 16874
23734 14049 35897
11799 22821 19958
38119 629 24214
4237 33479 33012
16254 9950 15588
18368 5695 28133
6681 21010 4050
5118 28167 23843
17423 1897 32306
15355 32604 3438
7353 34919 15152
13658 27312 20552
13187 34343 16476
29960 33236 37689
906 11176 34646
20741 35468 35253
3128 31436 8913
32858 31568 32005
37472 4814 17443
6809 22513 38253
17043 6664 18216
12389 32677 24361
24174 20167 27566
35406 21614 4349
9627 39238 1257
13531 9625 13244
26679 3790 9511
12348 12955 34993
24886 15830 32001
10174 7545 35867
7126 20001 26767
25412 13380 21736
29707 33843 39561
19095 2908 2897
947 5017 37790
32150 13562 15056
31292 27238 4410
11213 8127 28249
17483 3867 2936
11923 18494 28278
11718 4754 7799
9049 24133 29191
34850 23541 5075
19035 979 16445
15744 2386 11582
6046 23249 21453
23567 17101 15985
7273 29160 24632
12725 38981 24757
862 38794 36066
11052 21114 38398
33571 3494 20250
3047 38067 15573
24399 15540 37509
23778 253 5902
33975 27428 21074
618 18448 8062
38804 26798 6120
3285 850 9789
29607 14636 444
13985 2469 15967
783 25172 25777
9593 30376 39723
365 35186 25082
25248 2582 37640
19099 4218 4066
13752 35704 8667
31554 31449 21097
31718 12295 21334
21024 16266 29537
22854 7994 5936
8578 13162 24120
14205 8161 9346
33223 22660 38170
11276 38779 17932
7346 39322 7131
20536 27705 39822
16405 19865 30728
22069 6738 4749
8874 26814 24420
12561 38935 32534
12892 13803 6619
2977 29561 34925
31638 39510 27322
29478 24092 4343
5141 11627 27004
3884 13376 13821
3038 19131 17836
4183 23750 20774
14673 10071 38261
33570 3492 1670
22318 13487 16806
33798 11030 35096
3094 20951 18357
1033 19719 12165
16665 12872 39820
1394 32025 25682
6223 13500 10807
14995 13953 202
4191 14656 8683
3896 10956 9941
1700 27357 5770
32998 17115 11125
12758 932 8212
26992 35169 38511
31280 19862 8883
338 19812 11989
13933 16224 13132
32104 22439 9960
13080 7782 25847
32215 29412 997
18387 11307 30758
24009 15950 5328
3777 3180 25662
8153 17782 36459
4351 37404 19962
32075 15376 12202
6178 34887 29338
38953 6458 38071
7633 33424 16630
606 14259 27199
20672 20816 33518
22585 12528 3518
13662 14463 13210
1248 21684 24202
9792 3517 33394
2724 12904 23898
29074 30371 38793
31485 7559 33603
26271 29020 8795
11167 32734 36775
2935 9420 19138
20143 2689 38162
29381 4914 7328
2888 39146 17924
38107 21835 6903
9498 7455 31962
29184 8950 159
37649 1309 24427
19990 3009 1981
5196 36712 20520
35412 20213 12070
594 1968 5237
37936 33675 39209
35479 37365 29951
7799 331 2646
37425 19870 13750
873 34772 18692
30675 15322 19657
18147 11460 18603
3958 7449 39737
24027 5439 29468
7291 31973 22564
25100 3350 4319
18871 11617 18273
6019 19896 35523
23659 39819 22095
14777 6148 31477
3365 38841 33125
26726 13087 34397
25533 17963 22391
25719 38169 7258
35449 6459 18862
30871 23384 33947
31814 29363 11370
37936 22085 3502
3143 16211 15896
36765 9273 13196
30393 15591 29664
22114 224 10345
485 465 28361
37306 1689 23578
9310 24712 28265
24500 8450 30945
32000 30304 13818
18574 4217 29594
3191 24985 36287
32939 13828 28720
38724 38044 1672
33250 7642 21317
25337 19270 22321
3267 8478 20731
17070 30344 36350
21193 8868 33739
23018 34278 36337
24353 26340 31189
21624 33956 491
24041 26294 33935
15652 33000 11587
3180 35111 4938
27943 9316 20258
26657 26519 13110
39918 978 17803
6467 39212 21313
17661 22021 7323
24331 17279 22880
29242 7404 26745
11345 35156 25858
29759 34691 12141
26153 29067 23296
34119 13124 10396
14724 16273 19869
4330 17133 36333
26852 13508 15
37213 532 20744
18917 8009 28147
7807 38946 32047
21368 1170 22117
27303 17030 12717
24266 25362 13399
11311 5789 33055
35316 28811 33833
13817 33312 5438
26543 7633 25173
17453 23794 17475
2918 25498 34543
21287 25027 31682
3178 36343 5659
25623 20452 24472
11484 5525 19625
20423 12054 25347
33733 25313 20029
19081 16727 2318
28941 35880 1341
26507 26248 1241
13167 34579 7579
12742 34856 14954
28767 34591 27582
26822 15994 8731
3731 21594 9190
12876 38756 10304
25482 20508 38142
7490 18052 8745
7761 19589 2632
9659 30749 21138
36706 28254 17225
14210 27351 30817
4562 15750 37994
29417 25312 32528
14714 38770 26613
1954 33032 9700
21694 33713 3735
32910 28620 3573
16492 20673 14812
25040 117 30475
5586 12376 6790
13071 23365 24259
28734 29630 10035
3886 7496 19252
3093 11210 1917
9009 21774 5987
21991 37746 23165
5902 27425 30123
20593 28847 2714
100 25596 15973
38776 3501 19040
2514 30297 1407
7911 39114 22324
9457 15375 32791
25758 36564 36897
358 25129 29547
27106 39187 17063
35338 29475 24524
20172 24905 22707
4644 113 1189
10997 23350 26165
20917 12236 35828
24638 25220 5682
15051 10973 15247
11176 17909 784
10908 7432 29338
24032 3829 15926
26083 21611 4032
25141 21022 4156
60 33494 20231
6614 4250 6282
12281 28176 4789
2649 23409 32474
16432 20076 11514
10077 27307 1860
38011 28481 25505
26189 217 11976
38818 31885 36042
9047 39527 247
34360 18965 15063
25628 7181 32172
32469 30273 11169
32045 32772 4619
16126 32656 1240
6679 12556 38424
21274 25830 30
29333 2488 6837
31447 8771 5254
21355 9722 23184
19349 11052 19470
12475 32878 4747
19242 2648 8364
31580 10978 18992
4787 9063 5646
16389 36816 21048
5107 32115 815
15827 38289 31281
27699 7172 28361
4855 8054 17813
15464 378 23965
35929 30612 27859
5014 34086 11857
17277 22577 18080
27761 8061 14296
18927 24278 8924
35756 39890 12005
1616 17726 23181
37257 29945 6183
18046 25697 18631
24901 5582 20935
4344 7378 15491
37822 35327 25698
2865 8951 25216
7673 20880 8000
27832 24326 38441
38410 18490 12928
19371 21717 10260
23004 24026 26810
7888 29928 32167
7765 35990 29575
986 20109 33711
22922 747 27201
34468 20775 33073
27728 15685 31704
19634 9925 12037
22546 1625 35486
39683 5600 15749
247 6692 28956
38462 6552 155
21578 14338 17111
6666 21585 23678
21035 9538 407
30872 17935 19687
22072 22825 23311
12591 29474 15048
5875 30217 15567
7425 20677 16922
23136 4901 35967
16866 33107 6267
31702 28029 14305
16980 27997 28294
27831 12796 14360
30038 23886 6284
6942 23274 1897
6237 27753 15586
4395 11927 11454
20646 22418 3175
7219 15075 4564
22543 6754 1075
13268 11927 745
17307 34689 22625
2970 12718 39756
22362 24390 27150
11715 4173 37409
32658 20303 31761
32658 3715 20870
3875 35866 18177
16302 7374 11038
4611 27599 14150
30866 26748 22516
26197 2884 28312
18238 26157 34243
38117 35108 12316
10090 10319 24522
10973 20364 17988
12477 24330 29693
1846 16329 35823
6203 4350 18231
39035 9848 6750
38119 16400 3781
4511 20741 18745
29020 8665 15211
29563 24522 5265
8019 17028 37687
10236 18999 24704
32979 22946 16199
23947 23775 9694
25542 13633 36566
34306 22594 11760
37494 2199 31214
30319 27950 34626
6238 34760 6181
17793 25310 14544
19940 34197 36398
11352 30498 35322
33374 32380 2603
5906 24834 8344
18860 22816 21075
38939 13021 18671
30946 7091 17355
39891 32697 14888
33793 32903 7376
38853 13714 6901
21033 5872 20550
15829 30345 1307
1183 877 467
915 9287 17014
11330 11958 34391
39711 20482 36354
17862 36715 30444
10824 25452 18357
37469 30591 24690
7124 21617 31988
4697 37977 36129
10719 3043 31285
1527 15954 6753
9080 3241 26762
21338 38452 25050
7080 18133 37248
13289 36857 4292
20952 627 32241
16269 1698 32236
23415 22261 16587
3797 1370 18155
25552 13658 34273
13615 20761 24524
383 15197 5439
27254 8101 27610
7790 30430 34290
15066 37862 27418
30022 23115 9371
17419 17140 11105
15485 379 38805
6463 22034 37967
4985 2047 22910
17385 36729 33182
25509 20892 35176
18247 25959 17228
17640 24570 35466
354 216 3481
13878 33642 3243
34447 5337 32777
5652 29021 24427
7518 7005 21507
587 16755 5464
3399 12808 17248
35628 18148 39357
9788 2513 34130
35348 30529 19734
7406 1707 9595
1183 16455 11027
33133 18861 9540
16180 20737 11158
18549 15503 14761
34579 11188 20252
6166 9656 38264
17362 9108 26046
7990 11589 10368
7932 29171 3241
11239 11765 34027
2164 15549 5002
17559 10978 22903
16528 21279 12178
9925 2108 8348
26510 5359 20283
12616 4712 1419
37407 34245 39615
39512 38707 19462
26529 10747 1327
34782 522 13843
22535 13219 31115
28219 413 22079
9286 31771 20760
21267 24086 17067
15884 22279 32779
9990 35096 3122
14162 33767 32399
20259 26036 11906
12430 7498 30965
10625 11821 34246
13660 7385 36817
31116 7955 33033
17501 16112 3300
8687 22792 19924
8483 23303 19210
13418 4715 30720
33904 21927 16448
10109 2319 25094
2580 5285 37205
23669 29093 21287
32826 26656 33731
2061 31382 5337
8559 892 8461
8353 13727 25222
5733 15190 33439
15148 20600 31544
1745 27507 11461
24857 28693 12769
6368 37793 6275
17812 29706 4987
36245 37504 15451
20768 12514 18179
2715 8510 39813
11175 24753 32580
12508 17715 11443
11405 17389 6382
31132 24166 738
21361 13531 10302
22069 8296 8584
489 1191 22885
4977 3921 9321
28576 39507 38585
27742 10127 11621
13935 33720 25630
3661 20942 11519
32652 5174 23149
13872 4706 26425
27368 18946 38287
39608 12808 7876
12901 36746 12114
4513 2986 24208
30505 15750 10460
7206 19808 17434
3653 37622 1568
6444 630 33254
17138 25003 15331
36401 34795 31246
6491 22355 30193
596 13538 8094
493 17701 26924
17770 26447 33368
15864 22185 8504
37646 31495 5529
27081 35963 24632
14034 27910 453
17602 26495 20262
3652 29069 8489
10425 12842 23597
6447 10614 1532
16636 2130 25632
3134 22162 17069
15509 29038 31332
27330 23539 28838
6518 23983 2791
35556 37374 25535
34451 35367 17239
1180 30427 2416
21342 31715 8525
17512 32877 8656
30571 13984 36722
28824 13654 36722
235 5334 1880
30983 11200 17757
30797 18034 35516
17260 37615 38714
12649 35327 9085
38262 17416 5378
16008 18192 27626
21472 37978 36971
4910 2170 18947
31137 26776 22772
16129 21669 23689
39977 32715 4616
