3300000 1000
30739 38134 22760
9446 30437 26219
32197 21365 28961
28944 36795 35748
12123 13277 9211
39916 33366 4250
19207 36695 30806
16906 1690 9212
2707 18612 5797
39125 1289 36623
17843 13310 4204
19785 24173 33165
37305 19252 25850
16264 6952 12493
31998 9351 1982
1835 6276 4327
10495 18433 25078
24232 19968 30672
26953 6500 19289
20332 17398 21357
30713 21096 22690
29569 6037 23008
1695 20268 18041
34724 1739 17275
30911 29884 7958
3544 27612 6173
34978 22727 23895
13862 34627 13180
28118 32087 33445
3158 1745 7055
38733 21372 39143
30079 26168 18003
12239 24625 17503
28633 23207 35439
23580 33 5992
17425 3302 35243
24315 34599 31544
9439 7652 18686
31825 18150 18589
4435 12500 9445
14590 7186 27471
35799 6871 26569
36824 1542 22368
24814 37972 23782
33096 19337 14545
33870 39081 30207
35795 28628 10141
1917 7660 33731
27242 1981 24516
32316 25368 14968
29817 8230 39460
936 1759 37075
38605 20537 31400
13937 10251 13515
22367 28265 6367
38886 16271 3927
774 18299 17664
27815 12103 5395
34145 9352 5356
38679 13121 11472
3981 20923 631
17964 13575 9159
9442 11458 25868
23619 6923 37029
20372 2110 14311
37812 12146 39931
28344 28751 39425
1977 25234 33847
9405 15582 315
34946 17006 25279
300 37815 7422
20238 21684 13132
7532 23073 28284
1209 1113 16987
35749 38072 20800
22329 28621 28124
19971 32635 39153
9803 10848 20396
10476 29338 28226
7440 3934 32835
23028 11818 12328
12421 36528 5415
16275 32793 29654
11050 15120 9100
19576 19381 22106
34429 18130 23024
17272 26677 2263
16346 18846 11038
34534 13769 1587
27426 31771 927
622 2337 5570
33675 8601 3662
29991 22201 8952
19431 16841 6167
16963 8975 9197
15621 39822 21961
30862 10649 12490
9619 18289 29388
34724 21341 34711
17220 29003 10276
16332 36350 25487
18736 18333 21399
13925 806 8679
13176 33287 31307
12105 27292 34680
22294 28411 28928
613 21743 15608
294 29095 23818
36183 32773 5093
23387 22392 15440
16791 15413 15321
33761 19749 3139
27976 24962 7981
7201 21619 20632
21860 3224 19419
15405 13908 16948
8231 28184 12739
23172 22677 39499
20212 35758 27275
35065 8135 27116
34956 3490 17723
31719 36742 27132
4180 23406 1096
6976 30295 14867
20624 7182 20403
19170 12546 21693
25146 35839 7733
8195 8204 27163
39080 13565 14100
9106 2130 29533
7596 24229 24151
39341 10076 25039
10262 31620 35648
16902 18719 4804
20487 27855 9410
32012 2263 27710
3075 18177 29198
35017 15593 6644
5988 14920 39029
39984 9900 14796
13488 15971 35257
23641 34206 37159
30814 31553 16910
23851 23181 15262
10963 36226 26848
21611 19597 26632
7030 18431 22304
39981 17078 16872
3271 21343 14639
16800 20097 11672
17888 13295 6313
34817 37395 18908
22947 28673 37796
17233 33906 17063
10911 23690 10151
21296 30215 16505
30132 13557 6771
19386 38815 33908
37268 36654 36946
31481 32657 30262
32271 27432 18899
7502 34752 24170
21789 14723 16684
8818 28370 37779
12806 23851 36762
16735 9504 29504
30624 25487 4669
22727 5491 10050
707 31371 1100
34992 33807 17268
15663 34399 25379
405 6378 2558
28090 38162 10490
7266 20797 20524
36045 8154 14798
22827 21667 28721
34753 34086 14797
28735 3178 36274
33496 684 2705
31141 771 16323
2626 29126 21227
38958 16833 8211
34760 12500 21723
19181 9488 16331
2328 1892 19897
30972 35661 12891
20060 33362 32398
38936 37237 11486
11520 5482 18631
1931 6988 13879
1948 13433 37615
33377 490 33592
26670 39317 5073
12066 2535 22256
35073 13077 10051
10637 32185 14347
29512 16943 2666
5208 29003 18056
18618 21568 23490
23524 32420 33395
19704 33653 16316
23334 11289 22075
272 22543 5613
1104 24299 22653
30370 26125 18867
12369 39233 25629
2226 8605 18819
38492 561 35799
1597 16683 28608
17401 29878 39443
31187 18809 21337
30418 23175 1952
38725 26631 26434
39434 28802 18615
36279 19641 13775
21882 38729 38869
19415 20037 23879
14340 39426 26068
28822 38946 19239
32372 16940 15709
16350 4138 1272
14896 32755 3012
3808 12026 29880
35450 1378 18554
2418 24191 8284
6826 30899 11946
35494 17717 23240
19004 19421 18389
8200 8653 11451
16141 30157 13976
39842 29696 24703
5023 35576 21165
18635 8636 8427
7944 31539 19142
19157 9781 35968
30492 14651 10211
24786 35665 33840
22595 1816 17972
16087 10212 7578
9722 31301 38381
18291 36939 25541
12342 8477 39974
25013 36227 24805
10161 19533 13789
35453 16097 22016
31887 176 3458
39611 13498 32880
7139 19914 30294
28555 34594 13466
37125 5436 23375
3161 13525 23518
256 17017 22995
39099 1585 37780
22342 22147 29781
15274 3855 16216
23741 29125 25819
27014 36900 22717
9410 34448 5077
10264 28863 7653
21305 20041 18188
24562 23553 13593
39258 25873 23276
4771 6250 8287
39093 15289 18251
20651 8861 18149
38128 24265 22864
22986 28141 9799
21494 37928 14350
15991 32985 39422
17812 107 6062
7753 29517 23807
20738 14891 32399
20752 514 11303
8720 33675 25063
32265 3877 28256
39420 31011 5654
14164 7757 35441
19034 23542 942
35422 6324 3625
6117 33375 16489
3552 24693 13950
35676 18025 13640
18481 23816 1632
1848 9256 4442
22468 36090 8102
617 3494 7335
27591 37459 37181
11176 29472 34101
3735 11582 36931
33350 18858 15916
12513 8016 457
23041 12298 37901
33202 24709 13393
6170 28484 23424
22219 9114 33037
32866 11446 3498
38338 10834 30197
36540 19848 18646
6009 30738 10670
38235 28412 27033
4990 32034 27751
11552 38377 9095
25556 35571 2271
30639 5933 14424
10880 2062 26483
28389 12524 26963
16027 17980 7670
30704 34771 29989
8824 15945 30306
3718 6784 9976
37165 33921 18792
23867 29781 2666
18564 14907 10942
26532 37876 9401
6315 35543 5848
16855 9925 11343
1571 6977 13371
19572 16137 1206
12162 34530 16210
24055 32253 33573
8720 17418 8057
35538 10925 35883
6095 13124 11102
21072 5613 13234
38644 38616 5550
9194 8657 37775
13732 19884 31415
20448 24056 7141
27964 16344 25833
17159 3866 34451
31792 9601 35939
13701 38788 8096
24337 9767 29241
16898 34875 11131
33796 7730 39588
19646 4697 13989
29294 3370 309
25104 11756 677
3960 29988 3349
31433 11306 1639
24659 19281 36510
5680 37691 6044
3315 29119 10584
29537 16503 2743
33120 13936 30375
35320 19656 9249
16274 21085 36339
1819 20380 17807
38278 7426 19997
39556 6871 38142
39209 37528 4355
30949 4203 32582
5726 68 21610
34563 5893 15119
19054 7735 8272
10530 24379 35160
6244 13427 38012
33317 4773 21079
35451 29501 10824
19821 30029 38426
11526 11307 18315
35053 7852 31043
15866 17558 36175
12913 4876 37439
30558 20900 22400
2775 21584 3462
18788 3174 29436
6954 38779 28050
20231 9681 32057
24045 5943 19481
8490 35832 38438
38147 16755 26041
7827 23263 22833
7732 20819 2646
14270 22345 31845
26260 18322 26218
32034 8848 10373
13686 38739 33337
4018 9207 39901
26495 20536 16117
14551 4090 28890
38709 39484 15739
30406 29073 32316
13934 25971 18997
36717 8488 22499
10675 26463 3795
6088 38660 21772
14515 18563 36188
494 35860 26183
30312 33643 3154
20188 38439 12076
22021 8640 12770
31947 14535 27688
16906 32810 18275
25508 21292 26849
36251 8800 8915
13839 14230 14342
29498 4498 31716
3393 23532 15889
1776 25629 3066
39734 2625 12490
23128 37497 21036
3200 24661 19736
6362 19772 4470
7651 10610 13864
27758 1139 23650
38680 22203 1786
22415 26864 30047
4022 3991 28836
9722 23296 23103
24 22337 33665
35838 22566 989
22979 1829 39037
37794 35685 489
3430 39274 2409
335 33570 18382
22952 20146 688
9216 2853 38388
12523 22088 17662
2175 38863 24665
23102 15991 9756
3983 6160 39998
5075 11144 17807
14563 23197 5468
17720 16744 31179
35898 23681 33710
5496 18336 14083
20991 7819 25846
4946 30328 985
32968 621 3857
28071 7583 6737
330 8205 28282
25064 7668 18358
26862 21150 23898
31683 39703 13396
1290 30543 36538
4334 19523 11213
7289 21704 26748
5262 12081 28997
17167 33567 6132
24263 31809 21264
21022 1019 16046
26127 28758 1035
37525 2994 13603
23735 13502 12563
4520 3710 23108
4949 21181 13238
36931 29445 8812
9211 33502 20765
389 29956 13101
14306 36446 19153
7682 14892 30827
13056 36118 8326
12150 18879 8597
4971 10427 18204
13507 35185 17634
22585 20425 9282
38297 39963 9056
35588 21710 18081
8409 6875 25542
23057 2566 39812
24477 11854 1033
7586 4826 3174
21687 26070 31086
9160 23464 17863
27273 3923 3805
26945 27545 22921
5966 23545 12449
23970 11472 2606
33202 24573 6880
13100 34056 17073
21839 25835 30147
22978 11849 21460
32063 34735 39299
21923 26003 3560
2241 4071 23843
11422 31233 8743
26338 16434 33095
1055 32424 11599
4550 28776 8620
22035 17000 4405
11422 9064 23674
1529 5476 26162
24759 1702 18990
4705 11184 21265
38008 39589 23636
22386 35292 19393
28002 39879 6929
32889 28072 151
36292 37413 26230
3028 39313 1576
32741 38810 18142
33530 15869 31380
30100 992 22151
30589 9723 34878
18608 17860 3697
19971 31383 7433
4807 7682 33204
28933 39673 289
19556 14214 27911
27946 8661 29847
12468 20223 21706
33086 14362 33066
8395 12254 27880
21586 10861 26941
17850 18186 23673
20832 915 25028
11388 18963 6778
4707 17323 35845
17070 19054 30576
37903 35782 15328
29717 2837 21034
32988 30860 11205
4264 12349 16216
7037 11700 35340
22236 3785 20543
7691 27838 33802
21874 27054 21560
19378 31431 27241
4283 21867 15940
8100 36799 35223
32405 9548 24876
6770 26502 37699
37598 35476 12698
39287 19737 6099
34762 26384 31305
14982 31389 33219
8883 6372 8288
39428 15870 30282
28995 32728 7576
39771 7824 3016
20103 20289 39752
2481 17484 10194
18012 12921 18805
27599 10629 9372
2816 70 37376
29348 34727 1943
8362 15287 18253
30483 24563 27722
30275 31744 35458
18548 31095 2745
1318 37085 11961
18034 27827 1493
34923 1114 38913
23233 12549 10649
25661 13552 28419
36665 32938 22283
11499 2017 18616
30443 9534 7227
13119 33797 13819
29751 23256 35712
394 39209 38040
8999 6732 39502
10282 9274 19516
20396 26120 15711
16002 26519 19350
25782 38996 39759
22235 18954 2441
24263 2076 29987
30972 13249 22359
14584 28761 22612
33561 22081 35143
18895 20668 20587
2994 6136 16897
37029 7092 12845
11398 20120 32223
37804 676 26675
10985 12526 10471
11364 14197 21358
35499 1186 7354
2887 2063 35623
1426 15675 4441
26491 29985 13904
38118 39468 5600
37716 26508 30938
2181 23298 26254
22190 36945 25149
37243 6955 34037
2809 3555 5981
16738 1721 2615
3757 38508 24498
6140 12118 27482
7695 7788 8754
2252 11150 10089
9966 3081 9287
38814 17629 869
10381 12532 29671
39627 10925 29678
25122 31532 12564
19810 30329 16068
30477 30165 5064
18246 12647 24561
15562 38884 29044
33189 1386 38909
17902 32537 8821
33058 24565 19341
24689 12038 34356
32973 33223 38978
34721 27667 32219
27715 4130 26489
33276 20561 17805
2713 37879 31676
32456 8067 18822
21605 13584 27738
25574 17510 18709
2251 5638 37599
5505 15851 12891
18974 29913 10989
209 36522 7868
21756 27163 23404
21385 37115 2859
9787 10846 10775
4158 11075 16315
9349 17742 24080
27652 31837 15915
39357 12709 37074
2596 13747 5648
35341 19807 37728
22114 6886 39560
35447 28835 4095
15526 11037 18668
17148 28873 503
29219 19362 26912
39309 29090 22539
20263 7387 38262
7428 30461 21940
15043 29827 37139
1299 39621 23432
35137 2880 32817
23310 32371 24796
39546 35886 768
23689 33775 30737
22875 24312 22337
784 4322 31824
14755 15402 37460
24376 38410 2081
22240 36289 14996
15857 7576 31283
36421 29614 7556
22899 4716 30649
26259 32589 18916
9182 33389 21668
21302 6477 26596
38835 35740 26228
39240 639 13408
16309 3993 33115
24291 5641 37847
18327 25530 16305
34230 13447 10739
20436 30318 1131
15861 38138 33582
29696 15429 29987
19824 13090 19237
38853 3304 23260
15703 24993 38358
38798 37823 12033
27771 3065 24230
33552 3047 21355
27803 14869 36465
24450 34292 2318
29441 33566 10034
21285 22599 4519
22466 1105 21966
37431 8608 17868
28395 11046 22742
748 1103 39537
9443 31265 16188
33670 23030 26378
22613 2543 6937
32180 30541 33176
21675 39344 34305
26815 24902 25807
17890 1143 5375
33596 29259 1304
30027 5175 24817
23366 3390 17450
34680 15900 37679
38953 28066 9334
21816 1547 9058
8792 24666 2719
25231 5119 25277
13517 5300 5569
12244 8011 37380
37347 351 28920
28587 38967 36938
22040 39487 26992
18291 31085 22485
6020 9481 1774
5680 5052 18704
6567 213 5659
34176 29356 5562
32809 10125 21883
7517 18523 28802
22509 11312 29728
30599 38745 15793
16010 31169 31110
35480 32919 10200
22154 4074 22364
34900 37251 25323
35597 19424 37425
9200 3883 33585
18671 26898 19914
10624 35980 36095
6462 33779 33674
36074 20578 21466
9907 3363 8708
11540 13650 36161
37552 32082 32213
12155 37720 13875
13885 26070 6301
8911 12799 32440
3452 5264 6459
1052 35032 10746
34646 13023 3295
5899 5366 28087
8092 20156 38105
16771 10073 37608
33298 28604 17455
18628 39138 13835
33260 26316 13167
28021 32927 21887
33571 8177 27970
33792 20644 39771
4548 31646 13611
17472 4787 5485
3459 36185 5763
3603 24865 10773
15357 4575 31642
22735 32071 7059
31173 14431 14156
3394 13549 39692
21256 14292 10867
23967 23985 28007
1407 28499 31685
11792 32096 18408
32109 35967 9352
23254 35915 16320
21341 32607 28709
35102 17597 33278
16365 21346 17809
39995 11052 36601
29004 7456 33867
8435 30209 20230
17790 36136 36959
23048 18125 18165
16202 4377 8384
24996 11798 18930
28775 23594 37282
35811 1987 15113
24975 13899 37781
12886 3100 2403
5440 33557 4000
39796 11357 28032
18914 4393 38940
8679 20312 3711
28177 6321 28475
12056 19235 4992
20547 21679 23116
11123 24132 2983
3917 11908 34789
34044 14066 21074
19448 28698 37117
4282 17787 29836
26034 23198 11243
8525 25022 5319
14271 34171 39301
35175 6856 39145
33607 35063 9251
39123 28526 3647
21399 39148 23158
3572 11154 29844
22713 19387 18299
36518 35670 28812
26739 32685 10173
3698 558 30262
16666 9582 1063
10560 38684 30651
35333 5072 4961
17069 9352 37857
18560 24499 19055
32057 34418 32443
7338 23255 38429
3124 32375 13897
1343 11503 21532
37530 38516 9311
18303 15335 35683
27519 34789 15314
15243 29458 14917
21584 21798 12806
38537 38686 21879
25074 37664 36049
36725 37183 32834
38666 22356 31842
23746 32328 37100
7751 31561 10775
34376 4809 10804
16230 13454 8606
29452 10230 14150
19152 798 34799
5832 998 38391
30413 20486 6177
37374 30007 12851
7138 5038 15280
6480 18857 32622
7846 17361 35512
9486 35816 19184
4886 30304 28661
13261 10799 33329
39855 35840 21720
30755 35247 12221
29873 14056 11058
18787 14692 11805
20656 39137 8009
29120 20493 28037
13548 4688 24553
13475 998 32192
210 94 39911
23703 11609 22998
9558 19047 28546
26606 39119 19751
13972 8376 2251
12016 11025 36096
12126 38096 11008
11058 16985 13582
18918 33704 9103
24572 9683 10324
25653 18226 23128
15623 17187 4716
6934 23579 16439
14466 18801 26371
24088 7680 32036
18477 30808 8929
11118 29969 33075
35629 8491 28121
36596 3052 19005
19053 21047 27974
33001 26970 25417
16248 1150 1118
26667 9141 13359
9490 16246 25623
28802 22644 3736
25856 17953 8337
14908 2386 38862
8395 30024 7942
3892 30988 36160
13933 7896 39816
4040 28865 26798
19368 11270 28071
14216 8728 18534
18948 11114 8814
28343 13305 38264
16245 3123 33148
23952 23254 20443
1748 10484 11042
4545 33457 26208
39807 33695 27429
12923 25580 35813
21827 28456 34290
5712 39059 2747
14377 19702 33262
20809 11620 990
10620 30104 11322
34187 19912 17461
37170 4634 2685
38629 3018 39297
1280 8307 22756
12855 27177 38760
32590 12083 28511
10777 25452 36876
8654 32218 31940
38655 13448 14864
36070 37135 32565
18533 2550 11975
32504 29524 3863
31387 18145 38308
1206 9133 4744
12273 13232 16555
19660 165 22625
15893 8296 16774
26250 39516 6383
7018 3614 25574
26148 19525 30185
20526 39160 23779
10398 5385 23712
34929 15803 27843
5842 24117 36891
7592 32861 3550
17240 6558 15715
6837 11802 23343
18612 27763 17409
33637 9863 11757
37483 4302 27607
14827 24034 5983
32472 33366 29797
29685 34708 11023
10577 16887 30311
29340 20012 19798
35859 32189 16591
27062 12929 36573
7469 36583 13909
33892 20291 17164
11820 7401 35742
16092 38645 39749
37572 13639 10857
37187 16064 6256
6568 19059 17550
18265 34161 14429
14174 27101 8638
31955 35144 25174
890 22304 20301
350 17952 34460
5254 23667 25585
38369 37420 27892
4689 18968 24323
27336 20607 23724
24227 16926 10608
9889 35876 21902
22150 19261 2469
12574 1010 4644
38969 26210 7459
22018 35440 25787
36649 26208 29181
32255 32299 23642
9993 5113 6337
23848 10835 36999
17775 21016 32770
16354 13695 4764
5449 4411 39866
13823 9461 20160
11266 4147 30486
16829 15055 35271
37063 26976 5956
30324 28060 24277
1069 15190 13608
28944 13208 7736
17256 1512 38093
4168 8208 6304
7787 29546 16367
25090 12512 10920
37633 9253 13956
33030 31121 19469
23507 8115 10121
2865 29381 5660
2520 8663 3660
11227 32446 25436
2793 11981 28407
22864 28012 11266
10305 35261 1862
20493 26060 1481
18316 22586 10942
21041 38154 607
14176 1653 37378
8139 24680 4627
39744 26204 29091
12203 16603 36909
447 19137 30026
38828 29490 22561
31264 34889 11
12637 17957 39818
3859 8050 25683
35131 30943 5705
34410 18947 13621
31321 14448 6162
10009 17577 5001
31927 6451 34803
10670 12558 36062
16612 25357 16918
15951 18497 21821
20257 26272 24675
25949 33636 37816
25251 17672 20462
10969 5136 17846
4150 33926 37981
18674 24397 15055
15704 20211 11186
38202 24277 3994
16516 9488 7337
19911 15570 9857
13138 37912 2639
28149 3188 13504
37921 21808 22782
9279 38744 22880
3691 28867 33660
19462 5157 10651
11263 2303 25348
34388 14737 19694
37875 31730 37394
38920 27187 11981
24227 21244 16633
2437 38549 12285
1395 12771 21443
21101 9449 4877
24764 29159 14462
10022 37912 14121
1493 13504 24556
36957 27024 16318
12120 17858 5235
32075 26493 32124
30119 20465 17164
5172 34075 33495
