3350000 1000
7923 39353 8132
6898 19931 5523
32972 29581 20268
39689 1423 33577
11916 37408 19458
17677 16490 39581
29166 9307 7127
15017 26443 15502
1581 28829 34440
1171 5677 12464
232 27776 35303
37562 17798 27253
15250 1444 13497
38094 18107 5295
33234 23298 29786
13341 19586 2523
9729 1344 20953
38930 14958 17245
22697 16262 19199
699 14601 13913
5509 10510 10101
935 6065 1147
38483 20836 36266
4040 18384 38353
37249 18274 26601
9947 37180 28745
8326 9872 16975
34844 64 33022
20969 25148 22724
34410 33449 23456
34895 4266 12593
4405 11225 1888
20499 37871 6094
2771 11369 38385
21559 21803 17601
33493 14008 39881
180 25432 20722
18625 2712 20901
26888 20661 35723
15612 29567 37391
6000 12159 831
36378 2358 17817
32950 32574 19347
14860 38236 22934
19921 35349 30417
2799 37119 957
18082 18144 30152
38719 17834 28673
13728 28433 12949
16073 20314 24017
25856 14280 16086
10957 31996 957
33112 21679 27442
25813 30005 13955
11808 11905 12839
5159 193 12466
18687 12238 37835
20916 27577 39472
35026 14244 22635
32402 906 32719
13144 19181 8489
18409 18785 32446
33643 6119 23003
35625 32303 1593
35644 27787 38847
31271 13870 5723
6189 25479 646
32059 4824 3929
27470 31969 8846
9215 14398 27164
13452 5084 26570
18694 2784 6407
27157 29829 3823
31596 26627 39549
39059 36799 38124
2134 29596 15262
8812 357 22712
12291 25879 29817
7405 15970 28170
14788 17154 22437
35676 549 2366
32962 36852 11854
38024 22773 9012
30487 35757 38815
33235 26526 32960
30715 2057 13592
37340 29305 28003
26745 3269 633
34678 30972 8685
12005 19824 33871
12306 5035 14474
37791 2820 2518
34777 28283 18821
39112 388 9639
37641 20694 13776
33280 4188 7744
3607 37062 25059
30987 4184 33547
7738 22461 12263
951 36221 565
9093 29430 25698
22308 33546 24446
38660 20652 35135
3328 1530 18899
13640 16490 9574
27427 27646 35415
39434 8482 5851
23124 17492 38761
12687 24464 1594
30180 2095 1759
3520 12389 28941
36907 36439 4773
6818 24568 14943
11799 12264 18193
31885 29610 27653
21972 12264 37276
11105 2199 35693
12598 38872 8886
31379 17640 14155
15483 3881 11009
21137 24616 3291
7114 10059 36387
34899 9344 9558
25150 37692 4269
34457 27811 13217
38498 34557 37465
16756 14419 28924
16117 21867 13711
13715 15071 16517
38042 23377 23232
12779 30633 26194
15429 7089 4857
8325 3219 23099
23308 18728 39495
19004 8065 26325
3432 1306 10447
15734 20396 31214
15325 14997 24547
26087 17025 6478
23876 36878 6228
31461 30035 28964
27823 22324 5355
36711 6660 35773
36269 2803 23834
20062 5893 11398
36838 17186 10134
27932 38403 39860
18114 32377 13135
5358 23639 12741
10721 5455 8473
26193 16938 16011
13032 27512 39975
29629 37710 11040
38080 18424 14567
38560 27584 26939
16173 27387 26866
32002 30111 31179
34132 13881 36878
10553 17851 20044
5124 1577 27395
15577 21521 27122
8560 39111 29747
2058 30694 2928
18337 35585 10689
30330 11700 28452
17618 22339 19571
24642 38263 2938
19001 23499 29782
10507 7237 33620
27253 19250 37214
23670 15609 497
37089 37719 29562
18844 15145 23040
2751 17106 5849
29229 8603 14598
24008 740 20515
23675 9162 5565
4042 21582 35159
20992 28700 34157
5467 24811 915
31974 10202 5138
16089 218 18877
32417 7451 10384
24188 894 33094
19941 18026 11913
11042 27809 20056
30917 24327 19622
39975 38672 1535
11778 20334 28686
12730 32483 7747
21156 6696 31658
39786 36640 35191
35288 32792 22902
34537 613 22242
12390 18768 6959
30919 5881 7209
22351 31318 33705
17683 26312 20606
12768 2602 12313
24112 8921 14981
22706 34994 29347
19528 13379 29699
10628 26790 37615
11239 13626 17846
5151 4622 30173
17457 36468 35877
34208 27206 21204
4152 8310 33370
11750 20162 25489
11487 3736 21523
21957 16 23517
37596 2379 23494
36277 33818 33570
22266 11492 5405
26256 38808 20548
20340 8135 26364
22966 38327 23842
5259 8884 12849
5774 33073 27010
10472 17350 16178
35971 3593 22518
5871 40 10933
17153 20792 27523
17570 20382 5256
35578 9263 4189
33313 9942 19593
2696 21125 14395
9075 9444 2638
18482 23157 25943
32939 34722 14563
22179 10935 12894
17416 10320 17143
36120 21616 23785
31280 13298 4367
2076 3683 37109
27921 29765 10598
34715 12607 9924
225 18694 17354
16458 4641 7444
20536 7603 26652
27850 17704 8333
10562 28397 28227
184 34492 25071
28161 17637 24323
38598 24853 11968
6432 10713 23223
3178 36284 1492
5068 9503 31459
30556 32755 8503
37401 38748 34286
9864 11225 9532
22827 12648 15846
32371 3695 18960
13328 35187 34270
26844 33926 19587
361 19567 21074
31083 27220 19635
1397 16904 1250
8190 5535 25599
25248 34000 14987
10702 2764 17657
10165 4990 28640
21655 36153 11701
13054 12733 38921
29928 7353 13360
2635 4653 21885
6795 39757 8622
12893 30082 28262
1338 1847 28227
20906 23925 25030
11704 8201 22960
29060 18601 32196
14483 13754 18239
12365 17527 28325
39203 17979 33808
16966 22213 15911
18951 14087 11769
37094 13414 31109
11003 18850 1389
446 22547 10327
33794 36825 35476
3688 15044 8716
20222 34651 1984
7277 19075 29560
34812 13209 6695
24889 34865 4027
15232 21614 37783
13178 27741 21744
11224 20929 28739
18111 19430 32940
4115 23931 2792
8460 27015 26491
11791 11415 36763
18638 17608 23663
37640 1100 21834
12173 14571 18903
16334 20746 25669
12787 37791 18762
4059 25280 11591
24517 5566 32464
11049 3699 21925
12393 34669 10388
27830 36696 1301
16601 12707 1712
3055 36466 30705
9630 6563 18165
7700 8682 26796
28647 33783 19084
20771 1451 25944
3112 16887 31748
34895 26920 17721
1033 5742 8373
17300 33124 17412
18450 38170 39430
32252 20565 14457
38507 21219 17730
21900 36869 14087
16965 30478 3656
28602 30668 38953
33489 21814 39871
34412 22004 23642
24669 1948 4000
21139 26164 3489
28209 17814 21309
33569 28882 73
3793 938 17165
12097 20876 39817
2289 9254 5309
10488 17503 8883
28870 32755 37041
20250 19543 13227
28614 11013 3521
28436 13102 29622
28793 39385 3567
33615 8556 3440
7026 29806 16569
29639 19597 3568
13712 27869 5358
22039 17061 26798
15264 3078 3920
33798 37245 14505
196 25655 11185
10801 3754 24230
1254 4605 35097
3839 16977 5588
17844 39881 27737
2063 22689 8339
38751 30484 5921
8270 28206 34300
22289 3509 23681
17430 35772 38502
14699 34885 13339
6356 30695 24708
36586 37590 19708
14090 14247 11735
12876 39625 15978
27952 31162 976
18524 21843 118
26960 15061 13918
9831 9467 17302
23567 30323 10504
23775 3287 33774
35987 7855 8775
3420 33634 36758
10279 18725 22979
22136 17446 1044
31249 11552 31083
33995 33109 4350
34890 38343 38152
39807 21458 31884
38518 15175 14659
6125 39359 6862
15900 10234 35320
22356 11859 15622
7278 37506 37790
37779 29386 26975
36718 27677 30928
21739 3644 29952
28546 14747 27196
1862 23009 10290
14125 3153 14803
21817 11602 16993
39456 34203 35515
34691 5014 18335
33340 6359 37261
7874 8383 15932
15045 2160 8694
37402 33899 31519
5096 22539 25979
30153 25837 18342
11455 16964 36085
20522 22773 26687
24386 38788 5390
15579 16246 8189
33171 18083 22214
32836 12066 28778
39118 11731 29719
10240 36351 25919
34566 3280 17395
29793 21988 23833
17057 37213 37957
25607 23852 17676
4479 37165 2838
21386 5230 27746
24978 33501 23697
1781 14262 20096
11986 461 10831
21516 27939 19682
5327 10754 3524
24402 13153 14007
4321 13537 24477
36636 18711 23696
32855 10409 20119
4056 32338 12454
10275 18499 722
9494 7542 29096
5007 38912 2113
23297 23621 29019
28815 39786 13864
20053 9161 10745
16245 5312 34646
5044 4964 11225
30618 20083 37434
4023 8096 37907
4283 13965 23954
17812 28284 21340
25253 14672 27349
20600 38162 22681
27637 13364 31806
3117 10193 23020
3771 17048 20341
4720 2727 38503
16315 9608 21042
17924 13272 39337
19134 36467 37715
14770 29663 19368
17106 35427 31745
11778 26765 10971
10345 39976 7203
10251 11924 17023
33739 12989 37755
16069 27171 19259
15480 28557 13540
14621 14082 26327
18679 38899 852
24843 22880 39562
37741 16338 3481
4703 5232 22417
24826 6750 1835
36739 23763 29653
34548 31602 5660
13882 36592 11922
26372 29269 21101
5370 22373 15115
5743 12544 38297
6281 1800 30447
3238 13897 31520
38632 10772 9796
5525 35730 29344
14644 3515 4863
5001 19397 6020
541 17799 35799
24123 25685 7771
26034 31723 29443
35970 4039 10076
20179 18499 29343
16893 5108 24936
38307 8733 16956
27465 10311 3795
18264 18243 23827
32382 11886 14536
34447 12903 36497
32592 8458 10371
736 13486 14151
35604 16507 12477
22725 30702 16995
32377 14698 8663
27374 13674 13067
23880 26595 15930
6618 3600 30776
8296 19309 27992
35877 20501 33831
20801 19364 8828
9157 34729 38600
36927 11655 20685
7031 35676 22264
16008 17798 25470
7900 13562 21295
13744 17462 13252
27185 6316 8179
38767 24069 4882
17782 3628 4536
13876 3265 23478
20969 5646 32380
8276 30753 19859
3942 25786 22154
5794 11221 37839
2446 11223 37675
13130 17037 17982
10647 35381 186
39395 19525 7956
23251 14725 6115
19039 38459 21929
25425 24362 26165
24970 13797 31462
2815 20013 856
5056 37065 31379
20304 35751 25296
17992 22218 10219
11612 3545 21475
28737 37074 27235
36548 33379 1975
34245 552 26004
29442 27895 14156
39297 37787 32308
3186 34563 22006
7571 22161 25473
24327 20532 15260
24755 21537 27669
6701 22913 26031
31428 30990 28489
10637 22703 23972
9024 21316 17239
23161 37488 12128
33059 28900 7903
26928 25041 17303
9872 24282 32327
15237 8419 16536
2248 26734 3095
4947 25730 26632
39728 9882 28036
20108 20531 11455
28812 34074 36559
33358 18174 13449
5846 30699 14001
35087 9960 16263
35428 27081 17456
958 26894 32105
26312 38929 21715
13753 39992 31739
10322 18640 30748
11378 8731 37264
3619 36667 31358
12120 7091 32938
31167 2637 20970
17013 29669 4608
26752 23284 32049
35580 1032 25144
38828 431 34133
39429 38426 17011
1530 10285 14538
887 41 16586
27087 2190 16060
279 11273 15636
12498 37739 8220
8761 3026 14740
12675 25899 3659
1868 14077 14052
24572 4955 18789
26701 10479 12424
16351 38349 16512
36925 25838 31731
17659 17910 9763
38716 21475 35749
16880 33217 26255
9382 24091 1472
13232 25882 19470
12357 25133 29410
14923 34164 2543
25466 19388 20534
2681 21615 17064
35582 27758 35903
38786 38007 16566
35275 22492 1932
6268 14587 12089
31763 24655 24494
27583 20503 1128
28700 12043 34816
27275 12171 7903
97 18438 39466
11958 22110 21462
20366 23033 32696
36073 19846 1162
10743 23615 6557
39933 32498 12649
33707 28006 21246
35764 37848 19597
18417 38943 10735
14846 34258 22663
39834 22909 13279
20324 30464 23063
18041 39660 7479
29268 7024 36949
36264 28105 23079
31928 27198 37450
32612 12433 9610
18044 17206 7011
33591 35720 20547
14200 38757 21483
31277 33862 36516
8874 13217 6573
846 12579 13052
22237 31297 14335
33689 6293 3639
11268 23035 34502
11652 23239 20052
14486 30508 34430
31600 384 4895
31924 38401 31320
16530 149 35783
22700 31803 34537
36508 21447 3241
35166 30105 27663
5693 12413 10793
18894 8137 5183
15656 4749 16835
6841 32951 5788
26085 28210 23135
35439 30885 36693
9310 38755 17612
38017 35219 19166
37430 12990 10179
15187 18917 34123
9990 35173 32513
6483 16209 23203
17072 23230 30944
20018 20110 2595
28992 27912 13449
3482 28790 8980
3612 38831 13200
26876 7846 20724
3142 24318 20326
4782 32139 12344
39254 13359 39350
36098 12257 17156
27016 10617 9473
14340 19417 22999
28345 31241 15332
14398 17068 9595
29291 33492 37977
14663 28296 4103
19252 7151 786
39985 4833 1020
680 20951 5199
1614 27229 140
26735 12628 23360
15667 25168 38486
9670 2465 12441
14703 2135 21665
30306 7577 14002
37649 18863 36193
14909 20265 19017
15673 37101 39772
2363 26796 7310
2519 29926 20204
15599 36646 20802
10631 18478 27062
20017 15608 33691
8245 9281 36314
30348 13653 3775
3703 23421 18288
20274 31359 39905
8070 26363 18388
32841 30625 4679
12034 24176 19353
2862 28684 21921
34484 23339 16097
29509 16933 3448
26030 34189 36469
12806 3149 19448
29055 2454 17179
34625 1877 7223
36327 34793 10049
33436 16005 37596
37350 4633 8067
34818 17284 33530
33779 28517 31386
16512 1639 7290
33637 11065 24315
12238 10823 25211
34060 13198 7683
4220 9543 17139
35429 27729 16092
19912 27263 14210
11536 8985 32269
33222 11506 37626
21946 288 1893
16689 22011 13205
14684 34113 1818
10504 2853 22612
15949 20916 24156
1604 14020 23494
33728 9990 36098
29461 35362 27635
9827 6463 31929
26676 17020 2337
24915 1802 3295
626 14758 31160
29949 15548 32965
22349 4262 31545
16046 34705 4973
37958 25920 6412
28967 10886 21065
30830 8466 39190
30462 19102 21905
23528 19460 17762
20309 190 1130
37799 30040 33797
32314 5870 14787
39884 37477 4691
31024 11231 14363
1275 28361 14852
10556 15514 37007
1489 24424 2719
4023 32296 18802
30652 35823 35601
32820 14933 18750
17842 6012 32964
34057 24877 22500
23495 10417 8086
33792 5127 24794
15952 33456 14533
16775 16643 23956
6307 26977 6587
37407 18509 30231
5088 22085 12162
27934 27982 23502
9795 10009 26641
28748 3542 39317
23038 18025 1847
36651 21808 36378
25308 37321 14878
14896 37220 38090
10198 6669 32539
8256 1176 627
37228 18132 10001
30712 7780 34437
19827 12694 8031
16332 24877 28575
31889 15392 13964
20301 14131 5589
34030 12087 8007
1952 12254 36704
8586 21109 39505
4842 14710 16913
18556 16744 9137
26836 4432 9233
17493 29062 39827
18063 36061 22138
28188 7287 7208
35343 22827 26580
3117 26835 34339
30300 6780 17219
11044 11716 34157
11566 15625 8687
15719 6456 31675
3522 32782 4665
26096 4755 30410
22469 36996 28351
36849 31175 36338
23706 17040 7366
27759 20609 20251
31114 38819 16012
38254 24919 15300
39392 30527 25880
26769 22049 1827
1111 21545 21060
24249 34473 29318
30978 18743 5287
2841 36904 15311
24918 31042 22859
509 38120 22123
2970 22320 3548
11907 268 2386
35328 31314 3704
28534 11543 30206
35843 1693 2901
21465 7987 7589
8454 25956 11554
34447 22031 28645
3023 3947 33357
12064 3599 15842
24282 10933 21153
224 4526 18262
10014 38172 37985
1954 17167 22277
9038 35235 39769
27083 23124 24673
31827 26502 26998
14689 22712 11975
26786 17917 32248
5114 1487 6113
8233 9652 10367
24991 24859 39903
32932 4720 8136
30847 15967 38024
16362 7456 31331
38932 25319 9758
9272 13331 13736
11793 30684 14798
24263 15571 11652
35574 29990 19183
11840 23064 10461
36967 11132 3903
8331 31714 36962
34278 29006 38192
2077 29976 18189
38268 35577 38374
23282 38285 16486
25412 29301 11832
21852 33729 24468
29030 22360 28770
32095 23806 37316
3226 25455 1134
7540 24103 21430
24795 32716 843
4466 13859 23936
33126 14908 26443
23604 24685 34429
7370 9026 37513
29119 18801 13785
1166 31393 8117
32066 17174 38053
6235 39102 39226
27300 830 32716
2796 35169 26112
28615 36148 32506
27915 21931 22277
2618 38723 19896
6395 1996 39818
11567 27316 22731
23471 20409 25800
34612 20980 18791
294 8317 16058
2196 14348 23039
25995 6055 23522
3150 33540 6645
1076 5417 2653
34307 27019 30285
23766 14697 36390
11812 11968 14290
8474 35034 25638
24543 25923 16912
3926 2795 39782
36970 23567 6825
17253 6916 10056
17322 28445 13825
33883 7675 18080
26179 3725 34988
25738 36791 15738
6507 20866 10695
8097 35086 1359
9715 25930 37487
13652 7290 1552
29361 33257 19442
31247 19489 5976
31223 31082 17017
1329 38784 27385
11710 19210 38797
2894 35016 27351
10428 34 6050
26466 25083 31009
15431 34471 5144
13263 2701 32974
22197 14933 13406
19589 22871 27372
6944 15610 4509
21797 22263 22770
781 6354 34912
4041 25098 32597
11198 35526 16290
8387 26930 31194
21700 8884 18915
19957 17295 24489
27165 20485 11589
28762 13141 30029
31518 3548 13578
7838 35577 39596
5320 19636 34285
36763 21703 33327
11838 37525 3888
33323 18923 39759
1279 35391 10212
21965 19779 30607
18778 17933 38595
18190 20654 2899
38267 27412 31051
25298 12676 13336
13903 38132 32081
30538 14820 31942
4437 34448 7918
37891 23746 32090
34653 6972 38573
5540 20641 14560
37774 136 28541
30062 3171 10749
28917 39220 28979
20144 20833 13890
37296 21565 26788
13361 10614 16330
18934 29385 3568
4224 10012 37139
345 9959 28218
3708 9440 18141
20991 21475 19365
21171 4862 15104
19937 31141 34205
29232 38690 2483
4966 39329 34227
32352 1979 22102
38618 22982 20390
6935 28218 5524
3854 37689 8921
9062 26502 26309
7100 36415 7744
10568 14319 30310
16415 36855 8417
39962 17642 11580
20267 33266 2140
26465 33905 36758
16088 33304 26465
2324 505 9252
17241 15712 22984
11944 18853 16939
34567 5002 39334
39774 7530 36228
526 7219 22053
5319 3975 7600
4320 24779 30451
39041 19912 8632
7054 21618 14015
33578 13744 25030
14707 17317 4207
19702 10444 17813
4066 3017 16191
35455 19840 4364
33536 8970 36902
7983 15828 16356
31671 10044 26884
26323 8861 28468
11309 12504 22702
30536 26869 34497
12203 9713 4184
11980 8418 31340
10656 33011 29619
8342 22131 14233
30127 29087 25670
37583 35356 14382
20848 7235 13397
22162 28441 34181
36814 1951 10321
6967 31158 23149
22653 10641 29493
22505 14700 9487
789 13974 33287
24823 5629 19556
999 12810 29975
10795 29249 27655
28243 21060 1084
29526 6213 964
21091 14680 7210
10774 28086 17672
10120 30836 33691
26574 26611 19906
29554 29280 17515
38279 32838 22421
21155 19656 34335
8200 38301 21443
15540 34277 3952
18629 3773 1683
33963 11752 16487
32894 17876 20525
15137 21952 30345
34354 7764 32811
30728 13072 16879
12021 17674 12115
21984 31681 28938
1239 36062 35782
24483 19835 9891
16670 26903 3717
30711 38957 28332
11538 22952 25644
26800 22264 2454
31313 37150 3322
8554 28829 28889
9959 20391 37057
5077 18575 27929
39982 1045 14755
36137 11448 30094
3432 18194 30630
38635 8600 23790
33816 10346 13589
3690 4309 9059
27850 3289 16049
27817 28576 34531
4247 28041 7962
9758 31992 24880
14990 29813 16208
28073 19137 33988
19602 1091 36637
