3350000 1000
9555 31603 8173
28938 4319 23214
30167 23499 12579
22256 38774 25065
3512 18041 2739
1979 36626 31943
13310 36700 32730
197 9322 30880
14682 17040 5622
25138 25938 39718
21479 3723 36584
9901 33232 31377
2171 12830 16052
37962 15128 19852
33858 23739 19845
32341 20350 24929
32251 25828 29825
32203 25266 26975
6295 8658 39252
1652 3846 37623
3155 23867 4654
15063 21142 20296
38604 35981 16270
12177 4120 19940
14952 33782 2703
12279 12187 22449
27275 13800 8032
32411 35981 3321
25154 10007 11805
11594 13707 13088
23880 20655 36958
5611 3528 20781
35811 7608 24322
36114 26140 5755
28777 36334 24855
14561 5056 15409
32828 35009 15228
17890 21830 35872
15303 28346 29198
9121 5281 39259
36483 9159 7713
19376 3126 10280
23514 33570 34514
33265 12441 1651
35881 13008 12682
11963 27497 21186
38138 1149 33517
14137 34870 13926
2544 5865 29587
14817 24540 14127
19719 26585 8193
19166 29493 22284
29281 27688 21702
26568 7911 36262
2546 7622 2488
30084 25759 20576
1122 7372 26784
33775 17714 33357
38430 38085 16994
22567 23508 13956
19246 38518 2292
4825 30215 30105
10535 39449 32545
15646 16050 13174
15335 4876 20788
31581 399 27340
22731 27632 39303
17716 19031 36443
24398 25969 14550
34389 33312 6929
26351 1909 8841
5355 28042 3566
33499 30059 38108
6825 35899 7294
4992 1405 27925
39190 22593 30606
176 38874 8436
34239 26139 30062
8834 7061 1735
28506 33540 1513
13743 23577 38343
22473 35441 10561
12143 13741 1281
8586 22263 10961
12595 38780 13782
12084 11829 17081
27133 39723 3423
13476 27069 162
30883 7661 37062
7472 13919 28155
35786 23126 2065
25396 26945 33109
12010 29484 11717
15209 29179 16167
3613 38053 11148
10060 9494 36972
844 23721 39949
11849 6434 4765
12042 36908 14498
30374 17863 38594
7067 35848 14222
14895 27597 3350
11264 14187 10040
29920 8113 14518
33679 9849 21041
3385 15563 16739
11942 38971 27357
24537 21909 31868
3707 28153 5183
34610 33756 39309
10472 30621 6526
39797 19955 35017
33124 18098 31017
6944 3294 26513
5912 9001 36352
34162 8472 6881
20724 15156 18537
8628 9772 18046
13624 35736 38319
24429 14656 31687
15509 27669 16397
32023 22158 28342
16540 27639 19292
11325 7263 18440
2273 32691 16028
11989 34578 10118
37109 10929 3019
9458 1538 812
29437 28620 18906
31153 34050 10027
38705 25471 28369
8819 7579 19010
39757 16767 11887
17358 31032 33451
36743 7799 37445
11963 10147 4367
4234 23147 12141
9725 33428 8147
35607 20534 36629
759 10848 12315
27064 21225 18934
12911 8341 37723
25334 16499 3968
12613 38799 20000
11516 11055 39876
4993 2253 39580
24656 9002 27243
8147 31267 31832
34898 8138 35851
27047 7799 9778
2606 30698 37461
15962 21299 39658
14564 9600 19329
10494 29227 35899
38687 30020 28973
25150 16827 34553
10431 27209 39558
4347 23801 28082
12284 12376 31243
6540 26305 23442
30247 28593 37031
36401 27804 16881
12045 24517 33475
24791 22881 33719
16658 30420 19333
4171 18317 12939
9935 15349 23901
10680 25131 788
38393 7806 604
11279 29504 14411
18783 10059 19689
32554 30064 39046
17746 15525 24998
3219 11316 14356
39097 35506 4536
4678 24868 5451
37411 31243 12581
10951 16876 8029
14370 39948 32494
32361 11365 31955
15608 36349 33096
12455 38082 2383
20396 35708 27515
30567 3811 24041
38717 15530 8878
26691 8354 31045
1696 34264 20016
16114 38753 34053
17839 4138 37774
7540 9180 31463
24190 7926 19830
8660 29536 20345
33397 6932 25472
25574 21146 3564
39208 729 36322
24398 6115 26878
23380 38211 25693
19717 7034 2356
29990 23361 11244
7700 3925 1890
15239 17518 10633
18957 1085 19462
4491 8533 34246
23919 9295 13529
13045 37801 33881
35642 32485 14644
16509 35894 33426
32821 18047 18278
19844 13828 3160
29136 22629 27344
9690 28842 38964
29807 16171 20524
37266 198 31021
17872 9978 22482
16574 20457 25230
5584 20635 38301
29324 31759 23583
18561 3743 19792
26025 5264 11922
13527 10076 32966
27103 7377 21633
19487 14502 17633
38535 35623 39929
19209 26218 9022
33044 30897 7728
13290 4394 11351
35344 21337 2586
24276 27502 37169
25664 13703 10625
11798 11624 19040
39702 16184 1246
28235 23405 3477
9057 694 18689
38034 4214 10113
5414 38130 34008
18817 12938 1904
14925 8625 28701
1151 28115 33975
7437 4572 34425
39694 17258 36492
37963 19668 30441
33463 12838 30066
3524 15969 4073
19107 13694 21569
4748 29667 37637
30848 22474 30198
23536 1167 24570
25619 20071 1253
25788 21483 5665
17812 38734 10969
9672 18951 14590
4327 3258 15066
3194 26554 19945
22038 33731 4444
31266 776 39616
34084 26155 19900
9839 17924 9604
21595 31478 24687
17296 23966 15448
32485 9934 3182
29059 17564 3391
24346 20550 16524
35692 39668 36383
1879 32320 11081
19186 11348 27984
37626 31254 10231
8380 21115 15946
1950 20333 23400
27525 35706 7806
37631 23019 35800
30263 18174 33883
29963 11316 6170
8293 14712 36708
26777 1049 3326
11053 39500 18491
31808 5677 6957
2578 28944 8156
23953 21471 1849
28941 26441 33963
21673 17427 12059
11450 3833 32128
35800 11163 35739
1673 16410 18465
14303 27973 23388
19116 29730 35924
32694 22944 39315
31324 16947 24632
27683 36591 16721
7603 20041 12937
38036 2412 39983
22389 13255 25351
32188 31374 4048
25863 1983 35427
30383 189 38581
11380 19283 16156
2999 38681 15065
20199 15555 27970
8353 8651 17316
8793 31823 14281
6849 18948 38555
28171 12288 30790
18966 15064 32597
16453 31226 37283
27115 23206 4268
33406 16813 1108
3856 35116 33457
11552 19465 25555
36033 12802 19724
25872 39880 16446
3935 27621 18006
1122 24884 25230
33680 2668 29980
19953 35831 28744
17386 5171 2131
3574 9189 18727
18555 16650 27944
24289 8388 30797
39258 34473 36612
18817 31366 31755
5057 7234 15382
5771 8443 4104
9777 11830 32211
34249 11310 23700
24407 19259 8115
38330 13931 4471
23535 34748 13269
22009 30832 34175
30756 18756 30625
8940 9662 27427
13412 12672 26821
16458 38088 24896
15014 3226 17319
28554 574 35139
23583 1671 15144
34372 12395 14845
18087 15054 16285
2753 9773 7750
3194 12233 31942
937 37490 39392
30308 24651 18170
31346 27719 34552
15560 21831 904
16443 8874 27085
10819 26173 2692
18381 27999 14276
19300 30080 39228
17053 1283 33595
19255 15701 35099
35589 2076 10785
28575 38729 10537
35421 21980 18535
21691 15985 1322
9572 16280 22672
37710 20418 8408
13850 38576 26219
6512 482 20659
71 29788 21129
29814 12781 16233
33545 20071 28917
34268 31246 17087
1068 25154 34302
22301 1569 9813
3930 15619 23900
35080 35516 21543
11182 14832 34496
29559 23332 24527
3327 21485 5397
31101 10039 26954
5851 17653 6790
11505 32990 37369
27669 12387 36107
34659 27026 659
35492 23754 14549
9510 22962 17229
12452 12809 39509
11455 402 3118
32636 15471 20290
1892 12207 18
35721 27857 7625
29007 36977 27727
34756 37223 6554
29025 26477 27264
33852 35281 11190
25804 22599 38055
8810 3354 32107
10375 34427 24505
24883 34088 29303
13316 12556 30445
35609 10575 5220
14306 13372 39533
35374 18580 9962
15515 31170 11276
24339 34316 14688
14314 24089 29329
15573 10075 36488
16677 8886 10999
28579 4114 14729
7417 5593 32452
21444 19932 18327
12264 2285 2126
12087 8065 6560
22547 29078 2503
1135 18681 1795
19195 8739 4020
23635 28492 32929
28757 5073 11999
6504 34795 5394
17215 17911 32822
20519 8417 14028
30788 28205 3090
28614 5099 18046
25151 5740 37986
15754 9249 17926
32636 20672 7043
34153 14017 30629
21105 22929 32490
27080 24575 23462
34105 18764 23539
9633 31411 8740
2960 14024 20731
32606 39488 33621
20813 39062 29596
2293 30419 12235
17371 1772 23847
17870 662 27605
28326 20630 4532
11719 1133 30897
24311 13908 9203
32469 27361 8107
32323 6997 33476
12829 14740 13679
20901 29244 5574
28418 35724 13280
32187 13660 26411
7043 37328 2802
39017 20236 26295
33577 13641 24745
7923 32401 24316
20181 18222 17521
23167 7033 37690
19773 25138 13103
12066 20388 38391
24225 24109 13510
38723 16144 21679
11203 6020 7281
7307 37678 23791
4465 7432 11233
37349 3929 18575
32298 18433 6413
26622 23715 26241
30255 19501 11552
5518 16033 37371
5057 29097 32487
24659 22758 1652
14890 25857 7618
36699 29656 4138
33545 30301 22569
35181 35331 13563
829 8853 26306
38651 25569 56
7472 9881 7025
4655 18306 11
28567 8753 29513
34479 20977 6990
10983 22292 16273
24262 23518 28066
35294 11268 1860
4711 4375 4730
17299 19070 23800
3930 22941 15966
36597 36781 8348
25660 5667 30164
25703 35294 28790
8154 8321 19006
11621 8626 30348
25303 39594 10769
36059 18383 18341
25002 1829 14656
30368 33283 35861
25124 11949 10545
35901 37469 556
8756 34411 4895
4201 30321 39124
36283 34914 26888
18093 1800 20966
7505 3417 19760
152 24120 28349
26196 3475 26226
1519 31581 27431
18011 13516 37024
8642 34734 29480
36077 30379 31584
20192 1397 1255
4697 29452 27477
12414 29776 2001
10499 15703 39362
21779 9172 768
27150 36679 32295
11210 23984 9190
19314 31889 31064
4541 13991 18138
6950 5985 10946
37845 21253 2433
17202 9345 23649
27284 31457 37487
14534 4017 24418
7646 35030 28541
34166 20613 16551
10366 37435 5424
29111 34766 19762
38018 16844 25516
31147 7193 14508
27821 4175 19726
39606 1104 14986
6683 27484 12654
6355 536 7870
27536 19929 11998
25315 30171 9547
30348 35926 14822
10372 23144 23515
5292 6610 6429
31629 17373 18274
33442 19541 18063
26441 33724 35913
31058 26289 14874
8414 22368 350
20445 27788 19955
16092 39547 18493
1137 24839 2681
12080 10883 38967
2901 30321 30403
5318 17926 32877
11731 9598 20635
22516 15691 15140
39104 35152 33418
24539 15264 33596
31086 10679 13476
18947 5278 15199
6617 12535 16132
24734 11119 14602
17368 26054 31709
19660 10840 39233
31010 39937 14292
14133 2407 24094
34725 39827 5377
27936 35838 2941
5650 14474 13530
12498 16591 19641
1045 27223 13659
11045 20631 195
2258 22326 2603
21223 3427 17216
4397 32952 32021
8093 34274 29754
34666 17830 18018
34635 5536 23629
21552 24586 30228
15450 24234 26594
3522 21952 6683
21878 17831 17436
28910 39595 34503
36745 31998 6412
22923 22882 29384
29086 10690 15765
5506 1346 16648
6752 13189 17856
28292 37548 16357
30006 18955 3458
18273 29788 8098
5166 16310 4594
8800 3759 36878
28617 15730 4055
9877 11883 25273
26757 10925 13097
26702 19645 31671
31999 35045 21729
17682 31461 11343
34319 37216 24245
153 20374 16835
2419 31122 37077
30248 23742 22186
21426 5881 31954
38326 26036 30198
17080 38992 17022
19358 8011 14236
6633 32391 18022
16805 18172 35149
367 29861 5322
25959 6907 13475
25513 6613 32989
18167 10314 14517
7310 8937 10234
30518 18490 13176
23220 27043 7141
31478 5280 29729
31672 30224 11820
15220 31724 39596
32774 15419 38930
33323 23923 22844
12540 32462 26383
31194 32587 17396
10082 26467 32471
25985 3738 13766
6260 6427 3115
12002 14439 5902
3648 9593 18469
18960 9756 10243
37060 12702 18578
2143 833 6725
13149 34276 35885
23804 10461 5334
19316 29934 22575
15540 32011 13782
29415 20591 20086
17092 31788 7797
21171 7484 22961
11690 32646 34749
6220 5304 22114
37471 12788 18749
3505 7318 29276
24035 9216 1619
1574 12302 26954
33097 34694 19246
17311 25933 26932
11699 3569 28246
35917 37984 28731
2980 11911 13049
9743 13758 28687
16406 39034 25363
15617 34522 24981
36674 39619 27837
2795 18549 19071
33028 16322 5352
23482 8979 3464
38536 2966 37529
38236 22838 6304
19945 28277 7914
39063 31657 36915
3892 1082 35107
35264 28382 20108
18297 35299 31918
20008 9397 30113
31752 34426 23870
11024 7536 6049
32679 36601 37036
7904 30626 7977
32967 21051 8658
32532 32306 33908
18750 23143 23878
33442 31201 21417
27109 36650 10398
14924 15934 29981
36304 18006 302
8750 22528 32103
4164 11918 21936
14182 17245 25318
18132 39692 33774
15600 20128 37837
23328 7283 35836
17502 2134 32345
6869 26791 34634
28334 23949 38535
28501 375 26578
3454 24781 11373
31628 38972 35592
28565 8752 29251
9535 25213 12786
18427 30927 1492
23703 274 15512
27174 18280 15437
3080 17076 22466
2352 39986 4780
15499 9606 5592
37002 319 26190
30984 22987 25064
21954 20961 25737
6636 31429 31543
28280 36736 38568
28940 21179 8635
25560 37887 37412
1861 2152 9601
7495 37422 27831
20289 23161 19355
16574 3114 106
7579 18808 15810
12572 15639 32046
10355 255 10536
4446 13223 39211
1987 2375 25932
16953 12239 5844
39607 35519 34007
4131 36580 32230
13723 11696 17692
34857 20417 34403
37999 7339 1321
32690 29985 29813
27230 24052 16801
26892 28264 13252
10420 34795 36478
23630 12721 17698
33240 12025 34277
20619 35299 14001
26006 39396 30862
33359 19621 17550
23554 552 37389
16161 30254 25199
32136 7658 37312
15175 2896 38786
16303 4010 19843
39308 37621 4015
2143 21642 12122
9339 37357 16988
25644 29063 443
33175 34187 29321
20289 14846 3104
14338 5029 16928
16750 675 35930
13069 9665 13341
10915 13942 14402
11780 24438 21728
35116 3806 26235
7877 27609 23054
25908 23879 9782
3160 27254 11026
13078 26832 38101
35789 12706 27172
23198 10940 21805
32834 37757 36981
13541 35431 14847
18556 39013 37574
7346 36862 10408
28817 14569 102
3801 12838 29532
19232 12998 21273
11884 35944 37810
5274 19843 18254
37001 9027 6298
24584 33454 8257
4756 7155 36784
22684 39560 34536
22812 9316 32732
20855 12588 15418
29644 26563 4253
19128 18250 6138
1566 31102 14848
3822 28132 28570
20785 30485 36379
1875 2685 17626
38454 18450 10563
38237 16359 5870
23648 7630 11307
5010 18710 1569
14589 2637 37769
37614 7786 28982
16163 3881 29764
1018 4950 29497
38768 19908 9665
1911 24539 5959
37356 20164 28361
11243 24238 32007
13645 18578 11310
39618 30933 28869
6342 36176 11357
7744 26307 6653
27460 12182 19209
9153 17020 27714
37972 15195 25562
3980 26073 23047
33677 3860 11914
219 19819 3455
25017 38596 18087
2171 29652 15703
3295 16944 37070
17942 32786 12676
23583 39746 31279
29515 36961 18199
2696 1162 2651
1321 23269 34918
20827 3737 14261
35502 25276 32692
23712 7490 21192
22376 19256 11422
29622 15971 21837
21127 17044 24970
31327 21136 14208
39442 17134 9545
36752 895 16302
11973 13778 5047
18455 17415 26861
6018 536 25673
17318 28001 25003
31912 31167 35975
34564 22895 17785
34744 12899 29950
26363 3517 8137
37462 22603 17281
27463 4740 11704
1292 39921 36072
5402 15833 1330
31650 24177 7893
14393 33176 4075
16695 2257 32293
12290 10038 19855
11169 22657 29548
20964 18697 7910
29637 13778 3467
995 15075 12732
14321 12991 914
18901 5415 36698
20515 14459 13162
11533 18215 20380
5455 39407 22794
1494 5102 31861
20169 4829 6057
15537 30545 16405
10780 35579 14454
16512 20579 31021
20300 38417 35650
4231 3110 4639
25077 1331 21801
34997 23957 37732
33419 4486 20132
33880 16749 24318
24693 4028 16787
20403 3067 366
34300 11194 33964
27613 9634 19863
21009 2636 10256
9740 13037 3638
155 210 34631
38796 38910 35686
20182 28698 21590
35002 39305 30919
6198 35788 19568
36283 35944 21716
22154 21851 1537
27927 36908 2991
21920 11289 36938
24741 4931 38127
37093 22895 19653
39858 4945 18311
3512 31952 36578
10514 17563 7164
34546 34658 2808
1158 19154 25366
32925 28741 19723
22492 39220 31408
20559 37399 38785
25548 16705 18523
8632 5440 23262
32021 13561 22404
15622 4552 19689
16952 16683 19186
9006 2577 35349
7885 10438 24110
23375 4529 36933
4168 28914 25175
35817 29896 13515
16824 28571 28339
39276 2643 197
9920 11724 19086
4746 18379 35163
7028 2727 13666
26983 39069 6244
37947 10276 18027
2102 1160 30043
38576 19380 39843
36786 33837 8052
29732 11284 21686
35394 30994 35580
4657 26684 24502
12131 24957 25357
32843 21764 34799
16516 22097 22216
28023 8464 28481
2388 22305 38362
32154 30571 37431
6911 29658 35200
26885 35433 25288
10460 10357 30409
3566 17192 6168
14706 4005 33112
7621 14357 16648
39540 5788 33429
32714 23812 11236
15558 2468 10072
11858 28999 1382
36081 11947 35321
10863 30479 32320
29915 23928 6808
20504 25028 11786
22946 23276 34172
22928 27677 4940
12535 2311 22688
16031 3758 29457
13134 7 9051
25129 24037 20451
36114 9394 6563
12014 28215 35624
8533 30213 16992
29943 11901 37125
35080 10538 23583
17107 28972 36732
8808 28981 18309
1163 38716 12573
31139 8170 26907
22726 15011 24469
35118 23095 20493
26368 39348 23269
3852 27208 29700
20534 26378 30923
11774 36511 1512
2963 35410 1518
39959 19117 940
36900 10198 25112
25019 762 10376
10009 21917 39044
16049 24619 5545
19251 20365 17940
13464 29621 21197
21011 20816 9143
36015 19318 6031
2442 12856 30792
6448 31715 18513
13606 5277 11517
37371 22259 24530
26265 7601 28385
25673 28133 25305
33904 3720 5947
13414 5300 13315
16256 32397 19406
9838 35629 9313
12797 36260 27370
22477 10189 20781
11926 30638 34093
19119 9508 18635
17374 11188 22303
8241 14664 5396
14605 31407 27687
29759 4530 14699
19618 33641 33068
38112 31292 32146
6459 18421 18979
7473 25827 31226
24230 2557 20330
22465 6724 32791
17276 13143 9631
3415 38767 21918
912 33777 10272
21640 18644 29955
31932 32562 23459
12863 27611 32923
20065 6704 28230
6143 35310 11818
5529 37588 28312
18195 31172 9120
29936 36807 32811
6837 2618 36589
20462 20555 34237
2260 24643 25272
14523 27528 9214
2190 17467 20535
7538 20753 14530
36603 29874 12115
480 23300 38001
2286 23014 38371
26951 3102 17717
28533 2388 10616
17009 16234 21567
8011 20757 23793
38424 6034 5217
35010 21788 24338
33902 5895 8918
20502 4449 14056
34018 15877 21118
36658 1485 5917
39892 14435 16856
35086 20886 29076
15963 15989 20938
30211 38279 35635
21274 23100 2116
14634 30024 13732
697 21844 35583
27682 26857 39807
10116 38826 4602
25833 19083 28200
37842 2804 27430
29189 27034 5317
29849 16024 22948
11647 6792 36204
23337 32984 31185
20074 15851 37844
19639 483 6393
6694 28979 34236
6481 2656 23727
17463 16351 39826
13901 22554 25380
36935 22753 16702
18994 1752 26304
22773 32084 39275
