3300000 1000
21354 29405 31565
27679 9598 36313
20019 36904 33479
25056 11710 14225
23423 11938 2239
31831 38887 35541
7860 38910 34457
24229 34918 19216
10873 25656 15155
25781 4554 9628
32102 23468 25821
35600 35586 24164
36 17004 8478
25785 2980 25709
36714 16206 15177
22433 19087 23747
3283 20075 9269
34515 35118 17012
30366 31949 608
31279 23215 365
26204 21446 11023
31319 39731 22246
23720 23151 13034
25636 31435 28375
20582 35338 17968
11462 25092 22594
14491 7041 3205
8158 39001 36537
10087 22978 3818
35138 34191 9199
36537 21419 5665
21484 11526 20926
30386 39379 19748
29781 7253 26357
5854 33943 37266
7211 5493 32142
22133 22842 31621
1190 23426 38306
9221 33669 36678
2179 34157 9601
26440 15469 20210
6338 2399 3586
32877 38838 32541
3658 18906 39466
12329 29651 39163
23884 426 5635
15964 9786 24543
32572 6130 32326
31756 27754 37853
37705 27919 21676
35341 29280 2001
17628 10240 11912
38936 36797 19497
14738 11384 14208
9837 6274 34601
1331 15430 7626
17716 1159 10698
33118 34376 37180
31814 31604 25257
18539 16900 33178
8520 10287 1452
17267 5549 25329
19207 34575 12561
38351 17758 10214
22024 33769 22977
38257 18907 36551
164 35942 16500
12010 11875 17230
34610 24430 18598
15428 11165 20056
5279 2956 37939
1730 35760 15437
18657 34464 5674
34861 20493 23534
32369 35015 36496
22392 37883 23307
8257 9477 20023
2547 33452 39137
33162 13278 1378
9414 8180 31243
24490 11302 13521
691 31317 37272
11132 706 21359
24732 30670 11508
7442 10189 388
1545 23636 29282
7934 20068 28768
15136 24804 33926
3554 1824 17635
16993 29596 14264
1877 18012 22102
1225 23807 4770
34674 4069 32692
295 12957 32603
12502 16121 30178
21856 10236 13886
27417 38939 13040
13968 8828 14348
17167 20146 15577
37850 1171 32173
37476 2809 9902
32139 27940 23477
19980 26415 9038
20189 11835 8079
32239 37710 35943
28304 22850 283
27518 24381 14497
29910 9714 12899
30808 16126 861
35787 30486 26245
35710 3924 38909
28220 1889 28077
5656 3741 2205
39277 36012 31797
16951 18319 27751
19116 26916 33229
30134 20082 300
31895 29298 2568
25642 35184 9722
1384 5872 29158
22812 27026 32583
32300 9196 26421
20628 853 4279
5110 25942 17647
6866 33375 37387
34810 7499 17831
14386 10628 31937
38170 2156 33058
9232 1125 2300
11789 13476 27904
15725 8790 17647
1912 23955 15687
24309 18968 11625
6808 24004 22387
36506 25355 2114
1873 26011 37540
9630 30964 30453
2440 25256 39941
9248 6257 23805
21152 35019 39052
24667 10937 11577
32816 26963 37417
20549 3770 26076
16153 19526 841
38531 38089 8077
5971 34624 21182
23947 4770 17957
21190 4944 12015
2864 361 5998
30233 17535 5934
13692 32834 31267
34246 9526 1159
37900 34329 29506
31065 9956 38636
13069 31869 21305
38316 30868 12764
25106 538 33087
27079 4002 27026
18087 36556 29146
19769 26680 24621
9433 22658 20914
38723 24255 35038
32842 10479 16735
12414 10157 23672
6163 3078 4196
11142 33705 24783
15570 27258 39226
30553 32667 36968
1051 21132 35103
21810 12909 20137
23716 36034 7248
4050 25490 9059
36852 15538 19159
10173 30351 34058
11819 22955 3243
38873 13805 9723
33495 15911 7724
24833 37117 5871
8899 12056 6612
231 38876 15670
20844 30637 32021
4203 7334 29711
5823 6966 32582
39543 19075 28420
23265 23282 38687
35270 6896 21723
33550 26926 28871
22184 24774 17989
863 9104 8795
15852 33231 8600
33473 25773 22554
825 36270 26365
25633 31024 34334
37200 23993 35490
16880 1049 32279
7337 34734 2141
23016 7359 12522
33459 29118 10566
30467 19354 10852
1393 3399 2934
13138 4115 5874
14121 16252 39618
25173 21834 36165
17767 39058 38469
29265 35429 13636
39631 23863 6244
17723 32836 34198
31161 25253 27294
28159 25076 6408
15188 19983 19653
4267 39821 11360
25035 16789 35839
7766 3643 28781
29289 38740 8169
16960 19049 1361
6070 30625 25914
31045 32343 20395
30222 16829 22525
28386 7876 6478
38182 8120 22150
13094 18688 33003
21314 5246 32181
2251 27523 10347
13143 37146 31403
5140 33386 26444
19279 31422 21000
557 23727 33027
3189 9826 11729
6114 1472 24071
6712 2415 34706
16632 9158 24363
27286 16747 35115
16110 22661 2554
19849 24961 37388
22143 5158 30856
12701 24281 6413
22812 36047 29963
31809 25143 18931
10434 27103 9096
33652 12023 7247
1703 4778 14443
29798 30755 7291
13199 14748 25654
878 3846 28837
30426 22094 36994
37486 8948 15991
12555 7285 17647
38528 4062 8581
31652 15044 23282
11405 9141 9359
6550 11932 23673
38370 31606 5244
19793 23012 26876
26152 7897 13797
25170 33130 37819
39055 26246 8470
14877 29483 22855
13341 26682 6797
17292 8782 6990
33886 25364 31151
18411 6468 38472
16820 29481 26992
8892 8666 27963
26435 13140 31651
29660 39837 7235
4526 5543 6980
7919 9074 31686
14318 21297 3479
9923 36524 4408
24753 36218 13491
1549 32857 3695
26439 22128 27946
4988 1670 9314
149 33443 39950
29948 29474 26562
29324 12157 31812
18660 38050 24353
9815 37107 21108
29036 22904 18700
22672 37382 1473
38507 17079 9344
24863 9285 16012
10932 28754 18485
30680 24843 8513
8526 16760 24537
27000 18383 20324
24930 21503 5236
28508 14272 27864
23593 944 3612
37908 8473 39149
37338 18002 2533
37919 3473 23317
25905 25736 26935
33089 13080 37211
15132 29170 33663
4213 29581 7673
7367 2521 29401
4468 26140 16742
31792 28617 24043
36056 12134 28543
31344 12279 35927
39033 37613 8543
5989 27791 31286
10413 20957 38154
2985 5955 36024
27004 3900 17529
34429 8122 21167
23648 20676 1464
29024 36340 26645
20159 19517 15965
5294 31821 1044
37474 19043 36489
4038 21675 36320
1057 2202 17329
17546 30466 26349
11396 25476 18931
11527 16568 11214
32463 2506 301
8263 32669 15748
34746 7571 9613
12643 16950 32279
22673 8584 26082
32673 19478 2804
10102 37669 9438
14495 1927 15906
828 25511 20433
6564 28779 37477
29223 37794 4106
21596 500 2951
20600 26827 32429
25294 17800 4770
6997 34758 32737
10385 6252 31093
12405 19131 12725
39705 7324 27401
34787 24842 4876
32987 18591 20603
1847 9754 21496
8415 38529 11625
26984 23592 37149
37434 23999 29482
6595 37053 35951
5406 34320 16114
30451 1795 14138
7008 16028 12191
4013 10334 5241
35428 199 4878
34210 8301 24493
14378 37985 19303
7880 19830 35774
205 11168 15829
21606 17995 10131
824 34679 5380
11121 19953 38762
3567 25463 33190
25246 34908 12967
15712 18045 18645
5120 14467 9741
10079 23391 15128
34325 14688 26674
17862 4649 28058
2068 38880 18517
5653 36939 2583
23074 1051 1434
31568 19784 26845
6530 36689 16496
34867 12444 27092
13987 20737 5132
9726 33045 9013
20771 31209 5576
9644 18387 5982
15135 5236 39375
39070 33088 19756
23103 36639 7204
14152 29981 35924
25406 7217 29999
33125 27653 25225
19489 36990 7200
14348 2750 14531
33773 31058 22027
38305 21166 9713
6784 7488 16977
6591 30180 12245
36699 9717 36356
12371 16112 18351
30351 1985 28737
2959 11345 11047
35602 9730 4362
27170 11815 7514
7722 32023 21643
22491 12012 25796
28348 5457 4492
26034 35318 19550
36070 13191 1946
23442 29421 38072
34939 18547 37956
31067 24966 9372
38524 36634 8715
36161 5611 25923
36268 24784 39845
13565 18976 31923
34650 9942 31525
2034 26316 16823
31296 37942 10795
4665 23858 39592
7950 34128 1593
32824 28048 34085
37119 2682 13381
17666 163 9770
5592 27943 21539
26064 35650 38777
419 31295 28521
7002 14428 21943
34387 9748 16164
19562 20101 36142
12437 26716 9468
20897 15837 6179
38855 24933 15842
31566 8767 14116
12816 33954 35685
23760 17856 21375
29590 37648 21638
8738 32941 24085
27351 19012 4277
21003 29781 16351
13129 10476 29049
10832 20555 4974
23004 8792 34365
26269 29346 14588
10111 707 3203
23629 12901 19075
32631 25090 31796
69 2366 27713
22842 6283 24521
23804 28615 32994
30856 22776 21643
2165 15889 39081
28685 9340 11882
20666 8454 24145
34675 21736 9048
34211 6131 5838
2542 3779 18749
9723 34929 3804
11134 27071 37795
16128 15590 25797
6940 39069 29681
11418 1503 28942
2129 28172 34201
29070 28986 7981
28789 18823 26569
32695 16094 136
23762 20361 34130
12502 32197 11920
8416 6233 37179
5633 27006 27447
10915 25090 31305
36542 1668 32168
217 18619 1262
14299 22208 32808
12673 36758 13024
18881 7513 15563
14438 22135 35477
27555 5031 7678
17347 34339 7317
7233 38505 27562
3037 24373 26354
35351 20001 907
14452 11463 10509
32895 7002 29756
29336 35214 36083
9177 22745 33284
37141 24201 7363
14579 12079 1600
39359 32384 30635
12570 28581 37719
4412 23327 6102
34622 27401 23720
32312 26567 4725
29595 11599 2784
7563 10065 32181
708 20995 22617
17142 35924 30259
30486 10314 32448
36309 30979 36335
18271 30129 25111
32739 32031 32423
22276 17083 20758
38235 34649 9763
26871 4989 3463
9331 4640 14963
512 28713 29007
31462 5947 15369
37173 15974 37076
20366 11427 9467
37201 37451 12449
27145 8384 22179
20446 1311 9851
8289 193 26460
39630 23797 11613
2046 239 13068
516 3528 36843
21515 11954 38223
14882 5799 4266
3554 12393 35747
29215 27988 35213
5095 19464 7272
2103 8506 2006
15127 23851 4828
16002 36416 29226
37123 191 30701
18232 18736 2767
38013 30904 30188
4978 8436 15411
34916 19641 18587
25975 38174 33272
8021 30172 12567
29529 9920 37922
18235 10189 3204
16950 29248 23646
29115 27347 37024
35873 4605 9606
37681 33927 38215
3018 9378 658
26183 13713 6740
37156 14918 31588
39826 38834 38066
12385 23791 29016
17287 16548 20283
18759 25626 20161
2081 35801 3458
20397 16928 32069
7971 6652 18980
8942 20376 35780
6785 24214 7356
19553 21899 3567
533 25298 38548
33490 12318 39553
771 19081 12656
17184 30029 29766
11276 25391 16723
4983 9479 1498
13464 39729 37011
24382 35805 30921
18853 14604 23131
23810 12616 36038
19933 39648 24638
33063 26871 39195
13966 38815 37094
5743 19055 35580
29766 19728 33807
8804 21034 15099
10176 31487 35547
1320 5888 19505
30512 16540 19043
9541 21319 31962
2015 28517 8541
15737 29620 25990
7376 15441 4598
27168 8366 12431
12792 1563 25593
6185 31255 33285
25978 32683 28192
7552 1534 9455
9695 36665 2161
11178 6917 18578
11990 30691 38517
25122 14305 19648
18795 36050 3633
28921 38153 744
23021 31405 2752
21536 22586 16211
34519 37238 37462
25161 13659 1473
37588 12232 4643
3641 18164 33849
767 10329 19230
22496 9661 29280
12923 29814 19863
14065 4913 38934
10044 24218 15737
37645 35385 13297
23710 18708 28420
4250 6036 24345
15141 7270 27762
4985 21762 19350
35533 33739 6853
15357 31731 15894
27180 5635 2817
37282 22380 15302
29985 21996 28931
10970 17572 39731
34649 9329 19704
2415 38098 37334
23430 26017 6323
33043 30699 28741
15790 36339 33680
23589 11723 11618
5032 5831 2869
8880 22021 38343
34591 29236 15640
21247 14737 16077
19395 482 25875
37956 20828 39592
22580 13901 24257
20131 26615 9517
28051 11441 11355
17717 3985 15754
3974 29356 9233
28793 37005 18699
2780 36008 16035
16929 24295 4244
10139 16407 32298
5535 30811 36622
10655 4356 29919
25444 14553 35365
6695 31702 26815
26816 33407 30591
7267 33344 25385
2815 27779 38064
15848 4919 31323
24842 20459 21616
25380 5422 16405
39899 28461 3438
4837 11955 10645
25862 14087 5247
19938 37929 13366
10227 24322 36022
11276 13814 19099
7433 29607 19647
10769 28398 39674
11480 30868 35569
29101 25157 32290
33425 22834 36542
28064 22867 23590
28567 12305 36146
29919 6080 18992
30131 12056 4713
39728 21399 1590
34942 6414 554
10358 37136 30287
31673 12726 30611
16988 10336 1436
8516 5686 8513
29607 3939 12183
37585 13520 29918
23783 1868 6044
37006 17879 35913
34177 21402 8414
6760 35634 3513
10318 25191 31625
10582 17554 27348
12880 34060 34438
28573 5485 23632
14259 17539 2343
25518 32550 28653
921 15212 27563
25305 19506 22859
1131 38957 25637
31083 29919 26028
38388 33294 9264
10308 3733 1333
1965 7683 30270
30758 11752 32682
27346 32975 12782
9946 38312 36037
16480 7083 3124
8485 1906 27356
17556 13659 23808
22244 13049 36545
20680 11239 22832
24607 28296 13956
12364 38737 33973
4939 34930 23558
6485 24332 31233
7652 23034 36746
35291 16073 26779
37263 5461 38061
16784 12633 19255
18595 12393 178
16496 36926 14892
17949 17817 19280
17962 5676 740
1742 9725 29679
31521 21327 4448
455 26028 18739
4715 7000 30199
12065 27753 39197
2160 35624 8280
85 36942 20871
1660 39451 3645
30536 26528 31763
34852 33798 4586
25792 19215 32656
8602 29299 10238
37414 26079 14558
29513 5408 31126
16199 36718 7086
33504 24088 35705
25658 5598 37587
19407 6186 14859
25186 15830 27265
32183 21452 15620
14245 28444 27332
6275 3131 19935
4956 8574 16302
19492 32215 31947
37903 23886 21339
32821 6231 5842
10629 9316 34375
25590 38423 27627
33840 8940 8652
4654 26895 20485
31309 3950 29328
29652 14844 27891
21619 11552 3180
25621 37452 35141
9972 6374 35684
28775 26137 32575
20158 29204 18280
10598 27380 12725
18085 13977 8767
15793 38237 15034
35925 27871 25624
25814 14380 5605
7595 15443 21981
9394 22250 18038
3684 34580 12218
1935 5828 3318
34563 27970 23111
2362 35717 15474
39395 10095 11202
26827 16312 32175
19417 2412 3126
920 19571 19184
4380 3429 26966
2136 37211 28136
33367 3158 28633
9766 38636 29304
12817 14671 16543
4079 1815 25240
22751 16124 16377
1399 28657 25782
34177 11194 17988
25594 33624 34117
13153 28271 30533
9382 20929 17844
27154 30870 3768
14697 14159 12943
31504 11031 21552
11012 16433 2365
4369 898 18235
9208 13467 20321
7670 20558 7102
2342 39457 19030
16158 15929 8039
11272 586 573
38255 20701 27559
19921 34642 1954
3179 38819 15336
33055 20677 10412
26363 28382 3674
16139 8733 794
10603 32642 2070
31430 36946 391
15477 24502 23467
10440 1799 10734
38928 9983 1574
28998 2300 18605
6505 36086 17041
28278 12729 6532
19124 16152 2371
29255 22614 2697
34121 16982 29518
23981 30932 20498
19170 22961 15364
38605 13157 14471
25159 28246 3258
37438 2856 13347
31542 31164 19263
16345 24676 731
1735 12730 35810
14814 12684 28395
22824 6223 35715
33121 2985 31222
11060 22760 12818
13175 24786 21392
18031 32137 18539
7284 6445 24847
34106 104 21050
2965 8922 39742
25352 6120 34837
29173 17009 24466
37979 20927 8053
19504 14158 25070
28958 15794 35130
29882 38788 25583
36834 4465 36909
33955 9589 18491
16716 8198 36960
33289 16746 27913
13565 26906 15906
16623 17577 7786
34182 7494 34483
26231 3808 34306
38767 816 38867
8052 6379 26365
33375 33516 15545
18470 36674 26088
17451 36769 23164
32055 1949 34938
7596 25070 8556
11489 38998 30598
30661 32651 2182
15313 31064 14022
22413 32023 6762
30622 32682 31633
22602 22180 4677
23361 26523 10849
36692 26028 18000
37271 14048 30005
1143 11376 2786
11800 23852 20358
24775 39871 2670
33294 12499 8644
23630 12961 17186
3908 13955 2793
4361 7964 33051
15908 16986 1219
25420 19480 35398
39236 6633 21204
36765 30998 8816
26846 30066 35033
30528 13566 29914
5743 13415 24870
12306 33333 19865
34684 3776 15517
38846 29062 1362
37226 11938 19761
18051 35526 24336
27390 15484 11395
12984 11594 37911
4588 4429 14008
15550 4616 14828
29693 12082 29163
24374 2119 25832
9848 30462 27531
17934 17078 5598
4649 38315 19342
33892 33471 14308
33823 3498 22407
31386 10686 38723
33325 32305 21133
1873 13810 10220
28406 6964 12854
12468 5957 10589
7397 12471 9247
28672 12993 11373
3619 7592 36039
13686 22364 36964
3457 19936 28320
11679 32615 772
7432 38094 26803
4815 36171 15618
26432 39647 12985
6365 23198 33859
7186 14241 5301
38053 15681 16612
8338 23940 15480
8096 34387 18841
20073 36647 14635
11995 24670 8243
32019 21982 32949
17883 462 28438
15420 11234 8214
27706 9893 7338
16360 35844 35494
25094 22185 28373
33327 1516 884
24948 4937 3273
23937 28343 20488
38383 2099 26682
21292 39466 7550
28172 1178 12976
7730 38698 18418
118 36009 30819
23820 37407 35465
14618 30100 15439
5111 24938 39999
2398 13977 12580
16041 25961 23365
755 10893 8386
8011 18145 21088
7303 1691 3762
29514 28496 39317
2670 11842 5890
17388 15229 35269
23361 30325 21802
15218 12738 32850
22986 19781 17726
39221 33270 1390
37314 2003 26099
21069 22819 34855
32755 31821 16080
7392 10421 15130
32128 30761 38791
16064 7689 37458
17515 34465 37266
5536 13272 31571
24865 20910 17239
20308 34190 20286
19278 32106 985
23712 3930 21276
6359 253 29717
18886 28103 20480
631 19677 33026
32610 29400 14080
16913 33297 37331
25974 10201 17533
36999 29450 3313
33215 11575 9344
276 19430 721
32051 23282 94
37132 14668 19937
26239 13482 35937
17072 9648 8221
29351 7260 26806
38662 982 21916
28765 4184 4568
22295 38785 14555
35949 18742 7673
11149 6686 29971
24673 37667 18075
28688 38531 32557
33651 14213 15649
8855 35056 30417
4066 39179 28877
29841 14743 12404
28501 26031 2216
14686 25562 9554
23647 32569 3598
16371 15825 7484
15489 14928 5092
32103 27895 17721
25218 3040 32549
34119 28377 9663
3848 22252 11276
22949 14499 16934
35193 3207 33747
11662 1895 18313
13456 7117 23244
35013 27778 5613
1785 33194 28925
15821 35939 16321
23323 5551 35599
23435 11253 1835
35673 6599 446
6087 12704 24144
15355 1950 10257
8354 19362 27004
28943 13757 10703
27276 10940 25570
5533 22248 7847
20730 32487 29456
31762 4822 19227
15671 27102 29777
28151 5302 12437
39442 20708 25443
36756 27438 3051
28989 12115 31274
21528 27774 18771
28254 22890 1363
611 8948 8563
15656 32334 6992
27283 22364 33124
6282 9611 30804
21155 25302 29440
37996 33091 4805
17935 11527 347
11940 24071 20295
12275 39362 3975
1560 22887 32912
2165 32743 35508
24033 21400 25073
28578 7504 1555
5558 39438 6336
35903 13324 18323
2302 11235 7887
21781 37443 5715
11510 13545 27799
13218 13761 11748
32719 16068 29070
20031 1143 19909
11787 4388 10698
11744 33606 19671
18206 17789 26721
20804 15837 8587
17377 24609 12589
34549 26597 639
25201 29635 23859
12659 38761 29776
