3350000 1000
27452 15287 39495
26235 26742 36715
8491 28212 28797
712 24963 22445
12778 24737 6985
29768 2496 10401
31653 33761 32382
27005 35218 5516
39764 35384 13281
25840 32050 28178
2776 8447 37243
12558 13874 35985
14168 4127 11082
24924 28905 15150
22290 20946 10071
36491 24381 8343
24325 2221 31741
12894 34725 16807
33702 33951 6887
20970 8498 9014
2059 24305 7902
347 24216 38157
32433 5562 5029
34125 25692 32367
26132 38217 2301
39968 8415 37259
25726 38710 5770
36507 16410 11064
26936 1638 31040
33222 31066 13258
25616 32688 2882
28097 19842 2353
28373 935 15014
12747 29087 1001
25861 28352 32513
35724 16039 27626
30981 16727 35886
33016 12242 7263
736 39429 24123
13741 26690 28246
6257 25421 16863
19440 39961 1654
19944 19284 4793
18577 2805 11353
32715 17640 19049
740 12084 2284
31348 27909 30926
12002 9267 30001
31457 33900 4082
1368 38897 25776
13073 32675 35121
38375 388 24076
1365 36548 7924
24153 20677 17662
19139 36022 7661
25532 14253 33902
9393 10525 393
35462 21630 22561
33071 6198 4220
11127 13108 25348
5472 13219 27089
20287 38173 37707
14946 10518 15546
22687 23050 37651
17087 7267 2995
29495 14985 16027
39923 562 9213
5714 9802 35647
17433 28294 38216
37338 21734 38003
12044 11039 11594
13498 28262 31040
4922 12206 13790
15715 17932 18236
16718 35926 11882
33204 15146 8496
9634 17336 12512
4741 32795 64
19034 11333 14243
23303 36193 38833
27747 16661 3931
17787 34868 18154
21941 26298 7050
12292 21083 20359
35470 29965 23524
24823 20042 2277
22540 1141 14782
14535 18841 8314
23311 1626 15966
22124 24287 39958
27229 12816 3448
21009 33479 19054
30561 10790 23840
16832 17107 39232
2110 6614 39877
7496 1968 29577
33316 5417 38972
17561 16799 6396
16384 26918 26206
26517 4217 35976
5330 28841 5218
1547 13671 31578
8308 33802 32855
23457 33164 27302
5848 12375 32363
35364 17205 26080
20951 36513 4667
34229 7518 21106
20938 16844 16570
25692 27787 34789
18768 11244 4032
19763 30419 34549
26806 14822 27206
34788 22168 33425
39774 39041 30366
25277 13125 30468
24226 32329 17659
28434 33683 36668
39383 16403 34818
17833 27628 13552
19546 36926 13190
3950 4589 22313
13396 25890 24937
34086 37599 4624
20393 5673 32760
12836 15463 3621
35121 26188 31952
11320 39489 4592
29616 24243 19915
25295 9101 14281
22456 15543 847
33043 4224 5473
20700 22077 10376
39654 15106 3153
14758 16034 17742
37534 13888 13668
9465 30148 30290
19726 10690 11103
2766 7184 37271
30926 29149 12347
15021 3807 33220
28997 14511 17304
930 27224 9170
18148 8085 25558
32583 16857 30077
38126 32906 12706
34328 4628 5976
31374 13644 28960
38461 24948 22788
8773 33099 32896
16945 14572 29927
543 30962 25196
15357 4099 19983
10344 12243 14547
38110 10054 5243
18995 15688 3208
19426 15659 10726
15496 14662 18614
31365 2324 29189
3817 31624 38948
35088 32574 19821
28020 7102 24573
15592 3906 26237
10374 16619 29670
23459 5629 17095
1225 13603 3538
3564 10435 39835
29868 22796 20373
28809 32561 26142
3071 606 2804
21695 19200 35691
12668 17778 11304
19000 35437 18184
35163 14196 1494
29019 17188 16710
20822 32948 14579
1025 29483 2828
11893 35191 3736
1200 33742 5668
27699 27133 31222
30987 17928 24395
18797 26655 36269
12967 24220 4631
13156 30008 8522
28708 18790 34562
30711 29759 14290
36745 27225 21467
30898 27917 21040
4154 18598 20468
28296 12508 38383
17030 28811 24786
4058 20050 11712
32304 2374 6445
6820 5088 30484
36570 27811 1939
1451 34245 27571
36499 35813 38890
9294 39157 4250
19411 28874 21098
6151 22334 16598
36532 33946 7389
13907 28853 8732
33718 29004 9314
31227 427 21012
21335 14579 22036
22267 7301 8345
1544 27052 26246
13764 30971 25510
33105 12696 21249
6229 31049 15280
34929 1804 36720
8039 38372 1442
15672 25220 13277
19558 9530 6847
7683 19775 29184
27188 9609 25189
23804 21475 37678
32438 13660 22946
29984 14134 35317
29408 17916 31910
14492 10070 33328
23167 1428 37132
4994 20107 24609
12420 17001 15329
20091 32903 10073
27963 38430 12363
17692 28853 20478
11134 5916 21797
1240 33714 22973
32273 30308 19877
38823 26961 31015
6379 26913 1410
22500 13242 7641
17956 10034 15890
5184 34129 4841
13191 37074 25435
36342 26348 12019
8704 4686 33630
34037 18380 28672
33130 15670 11404
13730 19484 13606
14890 7149 5029
6183 28074 15013
22056 38285 38528
22064 8289 3141
17739 33993 18162
36945 16114 22732
33228 31793 36762
26993 8822 23134
37057 3926 38333
7087 4666 35828
39097 36511 24133
24948 19895 3686
14730 39066 24584
27331 20274 28767
16485 28251 31202
7645 30525 6011
6805 12900 861
2618 18645 11690
21307 13626 19414
10270 1952 17165
6127 15069 24175
32499 33078 16638
37205 32642 630
1800 9487 11551
976 38147 29971
13800 39339 9580
18780 27188 22745
12162 17173 3570
10760 31165 10337
8558 4897 24094
27973 22258 29248
2017 20147 36105
26385 18128 564
1438 2115 4977
5296 4548 32876
7136 39453 20495
2553 18423 18882
24607 11152 23785
34023 9980 22980
34990 27035 21405
17908 36056 10465
16387 33537 38789
2105 17538 6441
28589 6 14880
25861 21979 10721
2774 29979 14009
20409 1140 801
1796 5732 16544
21519 6622 34951
3198 30559 15554
15070 39276 23652
33746 30057 31140
15940 32396 5364
16005 14484 39835
32193 491 38478
9418 2963 14202
27825 24979 39641
34874 18614 7958
5366 4700 19306
26149 26985 25243
20589 28540 5662
28862 39941 27790
31504 34170 15839
38266 18457 16628
19428 13532 4631
26979 16308 20864
27645 7828 33794
7986 30323 12679
27468 29361 22635
30583 23669 9793
19970 36535 22272
17120 25230 21432
26923 37712 33482
26343 30182 23059
13467 7411 12846
13749 34686 13164
31563 9795 17809
5959 24226 15129
31931 32446 30968
20185 27576 28372
31300 15672 22532
27830 15406 36402
17507 11389 34410
33822 8651 35600
27884 4956 7855
23335 26119 32746
7082 5546 36774
27350 3588 10040
30437 30414 7715
23555 11021 38483
33744 34072 28074
76 32997 7932
37131 1719 12625
3058 7254 31674
15816 410 30469
36888 23497 28723
11969 4799 4557
2561 2073 36605
21769 14666 4127
4499 10720 15482
29535 7714 31593
1830 30205 258
10584 20077 39722
15282 19851 20091
30211 15273 6131
37223 8454 29003
15581 23100 881
567 25948 31253
37945 16125 12501
674 37219 18285
39 17799 5699
28426 28277 34915
27919 23262 30481
5037 1119 13031
18246 30395 37892
38255 23170 33885
450 35961 33182
28966 27307 27735
17420 10506 30937
36505 34012 30883
8391 22560 31147
16910 1485 3792
33576 16562 5942
4516 26628 12897
33791 795 23670
30038 37167 30288
15144 19742 22349
8871 7809 19412
3587 19363 27599
1285 13773 7957
17169 15858 20254
33775 23647 20531
15439 18935 6583
15352 4484 21655
20133 39787 4574
10641 39118 17137
38166 21327 30169
14416 32060 15704
17401 362 3533
3103 6683 39912
4906 26294 30889
22322 16187 26016
34041 29850 15647
19651 39574 10584
17294 21628 15401
20464 36366 24653
12355 8496 28686
5681 23689 6101
11619 24592 32764
14542 17500 29070
16739 5400 26116
22782 29144 11592
31219 20725 4141
26599 977 15737
15353 24887 35497
35863 36482 27732
33637 8083 18760
11638 2604 34874
34348 15699 13909
39124 37563 27233
36998 23990 13276
11833 14829 26867
10577 663 29978
25459 32621 18878
6904 27355 32595
20472 8487 32364
5606 16763 2487
26280 33106 21352
13570 19374 12022
21421 6758 22055
5485 10249 36317
14937 23416 9263
2043 16409 37961
20612 18692 6749
2222 32707 37864
25199 6553 2496
1693 8446 23816
34506 8982 12751
32213 11625 28133
2769 10652 23814
37994 3725 18116
9450 32759 10172
15340 33311 35650
31730 4852 32115
24133 10105 28325
20442 27830 13561
15998 17139 5726
18770 28252 32099
15833 17356 13701
35870 489 13862
33361 18436 8822
26187 29045 24935
230 24290 37165
19627 31253 29892
36549 23815 30385
8841 8581 13288
7285 38139 21751
36788 18880 7532
18966 22379 8145
18468 21973 27818
15842 5810 31305
14474 11806 28387
19635 16805 14271
29393 6958 34360
4744 10067 38257
2404 22556 34386
26626 15951 25850
5947 36984 1575
24662 15952 7659
519 26580 37017
17594 8946 7971
9529 38456 1019
4340 39771 26547
28871 32086 39755
15843 29483 14256
9953 23084 19887
17242 24600 9680
7284 37656 37116
3700 2737 20787
37698 1485 20441
9718 39922 37543
29401 29186 25087
27538 24701 39567
34935 4457 5234
20479 16981 6016
39526 14688 13428
5353 5516 7359
4510 99 10363
11299 32451 8160
18678 5101 12997
10674 9095 23690
14576 6161 28036
21650 3591 18123
33203 3712 27641
7817 4938 20686
21491 19833 5071
21613 1935 33757
9374 24670 25066
26352 17609 20912
34770 17072 18265
2006 23646 141
20147 6564 28953
4140 4182 10278
25430 33176 11905
19805 18599 22406
18417 26391 6248
23939 12104 24234
4278 4412 21449
25613 37822 20649
18048 19922 16816
14616 31295 38532
26577 28690 14466
19993 1136 21035
28532 11476 16176
31403 13707 37946
37188 32276 3918
35118 38586 20816
34615 11243 39342
31865 9779 3998
479 8708 25157
32286 4830 12811
907 15497 35618
26677 36505 22780
21625 5828 16706
18030 4249 29946
9269 22889 469
9193 23939 36455
8043 37142 16574
22085 13561 32841
24893 14310 16592
37108 24957 30055
21409 15549 21282
37370 16404 23146
4763 31841 39544
8168 18275 23497
18261 35448 19491
769 18972 21111
16116 28117 2176
21448 31747 27595
34974 38752 3342
14585 471 20077
4682 21121 382
37860 8103 4523
301 486 7211
1437 36338 25102
2939 20857 2215
5593 28409 19603
7071 8563 16838
27086 30268 346
26536 17810 23774
33649 15751 16235
9206 18339 39954
5185 11896 9522
30783 35120 27951
16667 28911 6020
14186 21992 24047
29842 28756 19026
32923 34357 20002
32912 12125 17636
15013 5952 29715
6317 37695 8369
32079 6160 12466
8331 36983 27066
1300 35931 33805
29277 2655 35135
21065 32424 24612
7979 21155 36648
6624 39253 25645
14971 8295 10627
15708 32684 26557
25391 7079 20144
6596 5395 22343
30396 20367 29015
38815 14721 5524
16021 30646 26629
17024 389 24031
28383 26405 24010
32506 5967 13327
39768 16339 7864
4276 32128 25319
4730 24649 1625
37447 9712 14577
12749 32790 17347
27344 22589 15661
38121 32446 17298
6941 7934 4056
17569 28116 253
16432 25274 21144
16347 34852 3150
4721 2304 27852
32186 6180 37283
13965 1780 28185
24320 9547 8592
37406 9721 8571
12784 4676 14727
6678 4422 30695
6427 28777 28679
22924 10837 29769
7023 34722 24223
32356 19498 6443
34024 35187 4774
18100 20601 23884
11251 24768 13237
13012 25683 26755
5233 26962 24484
32074 17709 3870
4903 28088 30511
16888 29164 35306
11835 34613 3164
4220 13041 23187
33443 33957 20739
26670 24184 31677
35088 17932 22730
19872 8546 19091
3016 3114 2369
25434 6221 35617
5106 13340 10087
31859 8911 11401
10178 35988 12740
16374 33654 32713
32931 8885 17770
3395 27749 30592
6819 33507 26302
27535 38189 18396
21020 19273 39076
34679 33019 24343
24927 12975 6439
21779 36922 18812
1744 26271 30399
16557 37059 7507
4529 25070 32779
33870 13748 7146
7331 31533 10204
20489 23958 37338
9424 5530 15861
29116 24986 27021
3957 18636 27343
39639 6626 21767
23254 20024 23108
31551 13398 36889
525 30285 11456
270 26363 14753
16310 17980 22672
21626 3606 17748
21612 32945 15208
28989 19588 29743
24800 33616 30465
29374 18959 39997
32759 17725 18349
1931 31360 37422
20091 32124 31093
6953 35800 10062
36424 9395 13218
38878 21953 33002
30343 11048 7763
3991 27943 2537
37850 38566 6503
18085 18932 25777
24213 20548 10873
14776 28851 38232
3736 4333 24994
4538 1871 15660
26093 24018 23750
9416 36270 15220
31561 24065 1825
19175 39265 18577
15043 23554 20621
22117 7462 35632
10658 30825 17044
23698 36540 19644
25373 34563 33248
26499 29184 36855
29488 19161 4722
39036 5001 5028
17421 14563 4861
26819 17752 11768
8040 34915 8047
4716 20209 21745
3407 18900 31
39146 28928 27338
30037 6350 37215
16817 22380 21491
15431 14103 10795
26613 32732 31603
24741 38859 28019
19725 35632 9909
27105 14397 31997
17169 19167 12427
18393 37645 33495
22902 34047 31159
30926 33936 12503
6513 7853 26566
21199 9664 3565
10430 26901 19075
18078 14489 3374
33984 2709 3928
37878 39066 816
37210 22772 35551
1927 21123 4633
27774 36337 30841
11477 17749 4272
136 39511 33641
3834 2021 34847
19567 20837 13648
1 35271 7406
30802 24824 39880
13861 30182 8548
4214 19705 5428
15905 5328 33820
7160 3398 35910
11154 26306 36215
28488 13916 35734
6439 19322 31867
26227 28142 19524
19683 34737 3075
17541 1278 12483
23766 12711 1625
14620 18381 36685
30575 26095 16088
17385 8464 29390
10675 20011 31662
4468 30264 13908
23300 32350 20446
8809 12835 4307
25106 38978 37787
35077 36848 39810
20226 16016 7070
38945 39780 12063
18501 27556 37447
31278 12013 27566
18841 12969 36084
31600 6968 13300
20907 509 32222
34180 25998 12152
18600 9706 5469
10478 3777 24048
8795 15744 14255
20956 20322 13305
28282 5778 22305
39870 26484 26581
22644 28515 6506
36334 17694 15450
36965 10149 36582
7110 32285 12908
18763 16494 11259
26908 34468 15885
10634 25302 37529
28934 15865 21899
30328 18292 37967
8408 26741 11039
35116 14217 4161
13132 3639 12095
9733 25708 12969
39276 36923 6516
5301 28474 4137
17676 30483 21259
33147 13345 38376
9756 31933 26901
20180 25155 39986
34262 12759 19799
25363 36300 27552
12462 20903 16748
8244 20417 24891
33258 9208 39340
22463 1483 8475
1170 23997 20184
14370 16094 55
37550 9873 24548
28507 24435 28595
22501 6437 34851
25927 27057 18769
4232 38279 22247
33340 12808 30549
39832 22231 29528
17669 8074 7558
36687 29825 36888
15387 16405 39197
2615 8169 33466
8760 1427 17928
5219 19531 36823
13349 2014 6545
6796 11523 6167
8979 35673 37458
25508 16079 6889
7786 23291 19332
29738 31204 8771
35805 10993 13781
21511 36343 31418
20392 39687 8593
33805 9815 12905
6351 28605 24710
17229 12715 35147
35516 39294 28153
38951 10110 1219
30869 29718 15370
17686 38763 23407
16493 37804 36450
14399 10178 14963
26342 13260 18375
12570 33168 38775
30365 13065 18740
8762 16412 14322
4168 10897 6992
29183 20524 6198
31317 31595 25114
28420 7370 25517
25900 1213 9717
14926 37188 32871
18163 39388 8219
21457 15578 10935
6314 18611 16429
24712 11246 8691
20155 15506 12444
17220 35540 11552
13601 36969 12521
37214 11796 2328
8447 17604 8635
3897 28240 9773
11959 4877 16574
24326 9613 1644
5300 32353 145
5479 16923 8105
11633 34892 36086
32816 10459 34759
28635 22373 35916
4517 1807 28321
9142 22068 2876
36704 21517 15367
26129 39373 28399
10774 22263 14645
14062 37761 11179
13790 19963 34677
10684 3889 48
33511 17891 23698
1529 16958 20730
30992 10528 31437
33179 4344 12533
4990 21142 8004
10774 16330 17614
24113 37857 29732
31024 32750 12595
25397 32657 21808
35035 12034 17188
24994 35296 21227
28244 17274 22251
33101 23428 3367
36691 39686 18337
34150 6723 8088
15584 31668 13706
35175 27481 10718
24895 9756 12416
7476 5327 3244
9276 29148 18597
17139 5477 10690
24628 18874 19551
4077 23076 35351
18445 37357 30294
11636 29812 22257
3862 6056 34478
1013 34268 25217
24712 11352 3391
35 1784 34891
29111 22601 32766
15334 11981 9642
5013 35285 9697
9528 17750 25391
33687 39042 20586
13671 32480 1850
26474 12251 19936
12368 21525 11786
25857 30012 13869
18787 8468 25435
9710 36600 7903
35249 3244 31761
27143 4365 11208
15197 37915 19338
7758 33347 5946
39665 10926 31575
8099 19900 10518
16169 37015 34550
33640 28023 32045
4222 797 37698
25970 23338 7030
37374 36602 6535
24154 30946 38600
9343 1809 16352
19029 37396 36571
16175 3521 12168
9070 18371 6675
23903 8587 17310
27694 16124 22524
11712 5459 38888
14188 37562 8589
2610 36194 25697
18301 14000 26972
34717 6594 29027
31748 23457 39812
32825 28817 39605
7326 32491 1021
21871 38758 21447
4382 30080 23322
30856 34404 39978
6376 5793 34158
5199 36953 32217
27401 33509 7836
36879 3462 4806
33323 1375 31542
4068 2204 3741
23748 15194 13062
37630 13424 285
23950 15831 22692
31377 37261 23805
17204 38776 24991
20939 13047 35397
10891 11969 24700
13583 21578 11017
35115 12257 34038
36438 18618 5614
21329 17893 33608
10338 6318 28069
10713 11475 10559
1459 33967 29014
21117 15486 20481
16814 12462 25226
17819 12000 5654
11024 401 37858
11516 36418 28385
305 24727 7083
30436 8962 30614
12469 3569 5200
11657 25093 7695
19604 26927 15488
24916 38035 39388
5553 10078 17873
8327 31427 31981
10723 38446 35944
10524 35170 29350
13980 32378 27836
26562 37444 5129
29412 5023 176
14803 9449 19275
4928 8675 6564
22736 20386 31399
34060 26400 12409
2720 24164 3998
19417 13571 37971
37895 24495 18416
35476 23931 23934
18828 8068 16108
38212 34749 10712
5858 1659 32769
4145 18344 2363
12971 2696 23638
10172 35580 36420
19772 34106 29914
3627 11688 35825
23599 29492 34901
29128 34017 18874
14128 27914 15465
18765 15815 15887
13331 24611 14609
9721 22289 32492
24276 9434 32379
7683 1271 5555
18087 19136 37924
14231 3681 13674
14937 7343 14215
14090 14540 790
8580 27483 569
7332 28839 5917
19337 39816 3103
27080 35680 10831
33237 13982 23619
18049 18662 1689
4133 32874 27131
38980 26957 30966
33351 16166 19045
31286 21917 2712
25697 31359 30444
20344 34569 36337
18776 694 28197
5077 39029 14668
13573 38304 2210
1866 21930 39445
39360 6671 39956
24646 17230 9620
22377 21946 25955
17890 4991 16042
24006 2596 20934
36518 39917 20247
22293 34709 29585
31645 39503 31257
682 31985 33522
31953 15628 25909
23868 20536 18206
8744 33529 12970
2995 30963 20206
8775 6854 24162
30428 2544 18327
304 26673 9967
16156 18043 24336
18867 16422 1238
21371 17080 20562
37565 9307 20357
8807 227 14381
20495 32915 10856
16136 22779 8061
22822 26702 35457
7622 19691 19695
24684 28130 37249
29141 12542 39500
38184 6896 22000
10411 10213 17758
5526 7039 17203
10869 29473 39303
38296 10353 4350
13939 26515 1269
36061 38145 945
10047 10124 37687
