3350000 1000
23302 33336 26430
11799 7646 9008
14383 5136 1135
26676 39742 30110
8769 176 31668
1410 696 15849
10968 13976 28765
30950 27087 14478
29078 10107 14491
6463 18744 8499
8964 28080 3763
12313 32340 20133
24428 12835 5819
18017 18408 11452
31763 20729 995
15533 15294 25300
21249 4071 23852
18050 25308 25519
27641 35829 9532
11430 39219 9760
1316 19188 1017
13994 29385 21009
23358 16207 21342
7408 4973 26900
30474 21192 20263
37860 26683 34239
19880 20684 32148
21493 20935 27600
15618 18795 22620
22184 13804 28367
956 16154 36041
31397 37919 34741
25419 28051 13091
16615 37177 11593
23849 30332 2266
37579 35677 9779
3469 16732 32660
5631 14454 15689
11214 5591 22867
27215 18330 19450
7852 17577 2265
8835 3241 21243
19930 11876 4221
660 26917 30466
640 13603 34131
3885 21339 31290
9882 11514 6236
34487 22311 15167
30186 8404 7460
3947 30162 32461
19225 19455 2367
22762 25006 26093
2825 4968 23887
25867 7524 1224
16680 30260 31161
11251 1936 34428
5522 31560 38722
29453 25134 31940
19589 6115 15092
4365 5486 19040
35333 14619 14204
5004 28650 10691
6049 34029 22124
16930 36832 13183
39747 9250 12689
11281 35942 33516
6658 9852 11649
298 4472 10240
7749 12279 1171
14652 26201 34470
24207 36042 10990
37548 19814 32501
22960 555 9235
12440 31640 11419
25522 34452 28894
3095 25540 27117
17548 12418 206
38914 21806 5012
9248 15527 11174
21765 16627 3168
31387 2516 35756
18301 20626 33588
16509 6285 15509
6932 13803 21248
21455 19465 25386
4445 32954 14363
39844 8412 8559
21481 13976 19361
28764 32633 15647
28309 20116 12512
16715 39843 11841
19018 3688 9100
14580 11303 7204
39592 16989 21619
35403 14842 3798
18528 38186 29486
26585 9377 1557
37617 530 33685
20805 26989 20816
14862 3609 36064
20181 23806 37629
7384 17484 14910
29352 22093 154
13626 12543 34522
6221 30843 5335
29530 14385 31762
25496 6683 24385
8734 2492 3330
38139 20603 11831
38523 4044 36295
36529 5338 2731
5522 17390 33811
22594 13281 31887
22354 33350 11615
10354 4984 36967
2273 628 13492
28963 12884 23574
34233 17014 30278
33021 12513 13036
32781 26579 17182
36566 23128 39948
38808 17755 29136
8195 34025 25190
37354 5442 1521
39485 6860 11809
33238 24242 20121
28677 4443 38770
4251 19466 18140
18490 19340 37499
22307 8426 17665
37950 19371 13042
25460 27469 16367
19944 31788 35486
24365 26748 7307
17317 23548 18947
22324 37999 5639
27887 4630 31791
11557 37408 36890
14038 24470 13651
13221 25051 4189
8760 37002 1370
38645 21154 38543
32217 25969 35608
20634 293 28083
26504 8057 19675
19144 30875 32523
33346 351 1060
30477 9942 12388
32178 12805 38944
38974 31236 16580
21312 33249 156
39900 13325 34320
22828 13855 5395
5811 24685 10255
2747 22736 34319
33063 16648 1641
31179 33221 39421
25075 17876 7794
21661 3118 3179
34768 18634 32229
914 2015 6479
22532 14168 2667
8633 2897 31187
5462 27680 8969
1580 27645 28867
16728 3540 8138
8785 28019 1173
10454 14660 35798
20419 20344 4904
36629 35921 31087
30074 39457 30399
14248 10539 11546
13105 6188 25348
34123 4828 33640
18659 10310 25817
6618 22307 7773
26076 33174 31002
35834 32318 16243
27195 36508 1397
29844 32412 37423
30886 35030 83
18566 37329 10451
2233 38071 16939
7249 30032 24467
30665 29067 17217
8576 22328 26137
31934 16053 18409
23870 4230 32594
39817 20110 13574
34522 4271 30266
1629 11662 22831
3002 504 31911
19596 22293 29660
36847 35402 5648
27267 4156 9504
36145 21853 34378
17100 34414 31671
2804 7937 4087
15161 37391 25020
5405 19786 22179
28084 15453 20878
12295 22576 77
24527 35480 306
32354 5561 30613
27089 21596 5759
5402 26532 2446
31004 38775 27866
15182 34420 19949
19431 16309 16857
25924 17625 1427
15337 32268 713
18610 22932 4718
3116 11461 26363
38957 33097 15918
27892 31679 31045
32553 30442 27842
6426 16216 10593
605 13670 21483
38232 5300 19936
17451 4871 16839
28453 7652 7880
1832 31408 19693
2002 215 15401
34133 5728 11452
20180 35244 35888
28671 5354 22123
25895 28679 27845
35521 17937 34254
39732 11643 4679
15966 23791 25358
25065 5098 16612
13764 29003 395
37167 37249 34477
39126 26665 27121
6497 5398 38039
33809 5201 43
9156 17558 18329
10174 20777 18301
27344 14431 2824
18288 4068 38270
23384 6994 5987
3971 19930 31784
13398 30346 4746
19235 39560 8958
12081 21966 32996
4241 21399 13968
34748 5461 29782
28383 10790 22650
17738 2050 6785
19621 11941 39424
29205 3177 14623
35690 23065 24868
12490 20354 10958
13497 22851 5447
25416 3173 34372
33566 14924 39232
38359 9054 12757
9618 613 35384
29617 28496 31597
24514 16136 26994
35024 4446 26941
25394 15304 779
27245 13218 34617
28424 34005 33450
15520 16224 6032
16797 34984 407
31805 952 18395
13487 32639 5558
9590 18967 11422
23571 7125 30385
32843 29659 22733
446 23680 22701
32792 15465 20038
13009 13483 9197
1232 22387 27428
31011 7365 22588
31327 34220 539
21708 27880 30967
17118 34070 7370
37871 21329 1367
10118 29828 35627
9012 3808 24277
35970 31535 39187
35319 27590 29125
38052 35365 36643
19880 3091 20356
16906 5908 11118
37137 11658 36304
20353 37033 37720
8131 33576 27252
6189 18225 24837
28655 11854 20368
10060 27605 24103
26443 8507 25834
11985 5778 8295
39204 3443 3548
8946 6006 22404
38394 10905 28410
30446 15577 28778
12410 35214 26132
4434 32538 10136
6708 3476 10086
8472 2757 24022
11508 5395 39574
15830 31542 10764
29900 25914 37470
36578 22563 25668
39982 5079 33859
11684 9435 39467
21819 32551 14365
31782 24604 14862
20886 30389 35572
36793 11932 33900
11046 39746 13925
21418 27555 27623
34190 31770 6983
14047 1160 15638
33938 34317 37023
7398 4865 15186
14696 11493 2504
37437 9799 34948
39855 9246 4762
936 34246 27576
22662 10671 30470
4500 30300 21136
20166 1330 36135
27168 23766 27419
13844 7345 1660
10834 35198 6165
8841 35240 13846
25600 34966 33903
8108 18891 30880
28422 4892 2005
32958 1619 30999
19140 17147 4560
30861 38121 9236
39676 9140 26434
16079 9713 5688
8409 14965 39893
831 5705 2031
4522 6872 10016
3961 1089 14015
37408 38341 25484
30863 22688 12782
5328 32645 2768
11799 4473 5420
32730 21216 39751
32043 17571 28932
23271 30503 10672
22162 38876 21590
34598 8518 21788
24993 31786 35588
21879 32885 28711
14128 10354 13799
25837 20524 33394
1345 4470 32303
8788 10350 28357
20671 7770 39229
27304 36363 34943
20501 17564 5479
33899 3766 2383
11684 34370 33703
2368 4107 14550
34114 35650 15926
39677 25752 38816
17164 1342 9922
21019 32151 20773
6853 25359 8516
24822 12577 36788
822 3582 22071
959 519 35140
1492 5352 4252
10463 3422 2631
2403 22817 14425
37784 28716 33585
11159 26525 1953
39095 24698 10147
12195 34544 39399
12700 34819 2081
35145 23595 15834
14376 29375 9471
18502 9645 6499
37719 22657 30200
13112 34723 34399
13277 15471 9675
20452 1426 26902
33929 37375 36577
38942 10417 27495
31480 16391 913
9873 7006 2794
20979 22923 38592
8035 20671 35000
27881 6040 6461
12712 37329 34347
4409 13012 24076
23224 38335 24691
32611 16203 16262
4347 37760 14305
20969 16503 31810
34777 32784 19009
15217 1208 34349
11677 12875 29333
24738 5106 38845
3367 27904 3238
749 35497 10027
38164 10036 21671
8793 28205 23593
11113 29689 14632
6617 33977 37680
16295 37778 26769
22654 24744 33502
35430 4096 34084
2062 1803 30286
6856 26092 33540
17028 5581 9362
31912 32990 31286
17112 19121 6909
20133 13736 25188
7878 29851 12462
20183 38378 10955
10220 26852 24256
39961 30250 32105
11149 7540 34378
22392 32550 22028
6778 7202 2157
13682 16642 37979
22199 6220 13437
14474 10318 20721
38948 33008 11602
6759 38150 38002
29754 38838 23892
19140 36344 37480
22552 37748 23355
30240 38278 34192
34574 5205 939
18870 37917 24745
35010 16118 23512
2026 16870 19493
31216 9700 5281
36225 20735 27360
36706 25276 7108
2046 9037 19623
36875 21610 17901
35260 8235 16190
15301 19976 27113
19252 4 3187
39803 25862 8982
18605 1383 8676
17367 17527 30920
8849 290 27275
13874 31643 21768
32490 23085 32885
13468 18624 20382
28787 21611 18357
37508 35296 34570
29714 18013 959
10951 11918 6185
12061 32705 2549
29190 16399 21268
11060 13434 5966
9644 32451 15632
36907 31867 37935
1817 9968 36293
23683 16595 10197
15448 18578 30696
27676 37914 20132
31117 7562 5243
20923 5579 35842
17097 12416 22683
28735 14049 9103
29033 29485 13507
1692 35323 32549
4863 25408 22187
12932 25932 2660
14160 10790 30776
15880 10491 37508
37433 33777 5597
35303 23393 5037
34886 15432 32304
2884 31048 3015
30531 1789 33338
24387 8043 21386
16984 8604 2713
15441 15560 25155
2357 29015 32887
19322 36685 30859
866 32045 32874
33773 21169 27949
31615 8345 13949
28997 12603 3828
27699 23611 30717
34802 34384 6053
39527 13889 4300
34340 22603 28245
1683 7682 20099
11089 13678 13028
13597 2191 36929
29355 26866 16204
23725 6381 21272
31539 29205 29451
38253 23748 318
17071 3092 30881
4368 11877 7100
10869 15097 1554
9372 3713 37297
3029 33595 37892
31704 4152 12651
5959 10235 3794
25366 36418 36853
24637 31344 23726
4466 1584 16268
872 24271 5560
15435 20351 10333
7064 23662 4442
39941 39673 7117
9481 22917 21135
39649 39974 14424
22987 18811 27367
33140 9398 16088
32964 26477 3249
13835 18623 17271
37894 29082 9045
2697 25834 13094
13311 18588 35473
32705 22949 26514
39214 24676 17120
29492 2374 38712
23146 26516 30064
28818 30565 27665
37355 19324 27204
4217 7260 11118
29658 9673 9570
9308 16701 15247
11928 15593 37078
27120 26534 15865
13577 31750 14340
25828 17083 10657
35533 22214 20804
5167 26619 34739
28403 22582 29509
7688 22456 20093
16146 30812 24050
24459 17944 20630
20630 31751 16086
6232 4472 6334
7210 38425 26105
36228 6480 33361
32846 38385 34615
4237 26537 22157
6913 18594 13702
34886 29720 14590
31507 4893 36520
14490 8636 28641
4732 21131 34707
9108 7992 27320
31001 15082 9905
5414 39723 20783
37988 37871 19212
7880 34266 21138
8843 10897 10710
30948 6929 5030
18423 20707 25417
18366 8625 2026
19948 11441 19106
3713 38824 22170
26836 15564 4652
8535 25550 30244
7443 14445 32279
5827 5226 36937
20360 11737 29792
13089 28556 4091
9033 36537 34104
29307 10830 8706
19137 26130 18869
18588 36254 37050
11849 17852 31547
21337 26470 32425
38038 26647 5347
30113 23994 26960
23132 3352 8406
10981 5914 6560
36154 27309 8802
34788 21741 39433
28439 28942 27885
17110 34956 13961
18308 25531 33962
32288 24003 22689
38202 32645 38430
451 32144 33326
1187 8219 23701
2458 35097 24188
1967 20018 5297
22398 22671 28426
11691 659 18198
19078 2632 30520
26277 37401 39463
31496 29248 5801
37567 25002 15325
11215 7672 1003
22735 17018 19302
1510 39498 33651
16035 14752 25170
18171 36615 22896
5 28048 25542
7707 12993 34191
4135 12350 39859
19059 16989 100
36029 2811 16836
35384 38083 26794
31929 1492 2899
36520 30678 8951
28974 28678 22025
34198 3255 37279
25232 28169 8119
25753 25235 7334
13515 38411 13853
39787 3883 35321
30200 35668 30039
250 17317 13645
22368 32379 11829
28098 25296 19740
18823 146 26743
14455 3294 3937
19347 32962 926
17676 35355 8330
32676 39672 20776
21087 6399 8579
24256 17615 1678
29596 31681 30218
16182 3439 15911
8485 20672 36152
21178 28538 8078
32377 7383 21420
26872 3015 32408
22088 4872 34430
12259 31303 30861
6548 22540 31664
33824 28811 21992
11994 13617 36224
20847 32911 32140
39969 27149 17164
31150 27836 15173
11494 10750 4594
11778 24390 1898
36618 29116 31381
8159 39713 25283
19314 31844 17664
28203 34848 12756
38086 31317 7805
15606 36612 1109
1901 12731 34343
4677 16918 29139
11472 23078 4355
20588 19840 1581
36268 30792 26927
3186 5645 39609
33339 10353 27378
6204 20222 21370
852 28912 35832
20347 26333 3889
35691 9704 10632
30741 27078 22212
23972 8834 9657
29071 39991 16426
39719 34316 1663
15653 19322 27758
35412 6314 25040
39070 3049 19369
31954 18988 23345
27975 18790 1679
22174 28406 1914
36890 25860 37104
29185 32382 5277
34833 10747 24182
4261 37711 37996
24851 6886 14167
3630 20900 16910
17924 2466 8321
2171 33086 6530
33588 39513 9389
17490 29189 22691
16729 5685 22049
38661 17504 14300
14950 27042 14738
5529 18638 5041
8301 31890 38453
2562 28848 8849
33096 2399 36510
37495 24396 3662
22801 592 29512
28914 6519 37570
4625 3856 11310
11232 17264 25904
10872 3804 6705
29466 7771 88
31819 3391 24856
5213 39143 24506
22277 31269 24335
4587 11913 82
30516 17987 14772
6018 36571 18079
38777 7610 3238
37003 19976 34559
2235 11303 18892
19331 2131 24295
14846 1021 16225
19892 37156 21777
27996 32624 1898
6767 21291 7894
4443 17720 19693
12800 28156 36378
28770 32835 13765
38972 9209 11829
10557 16597 1270
25871 35633 8280
33983 5869 39120
31433 13508 6642
25830 5363 3913
26312 10931 23922
466 33669 7784
33259 3818 1321
20477 16860 36815
34756 12337 5006
31869 37620 27935
29735 36885 22540
19002 11292 37226
1361 13541 24707
11689 36190 8242
8070 1634 32359
10612 3060 20599
15898 20866 35761
22688 9761 18059
30286 21912 12484
21777 6707 9959
31660 18884 3193
11149 35715 15036
852 2056 9078
35217 7278 23746
14492 26 14287
10459 27568 17601
16119 4558 14650
12800 22286 3586
32909 13498 2802
34415 35433 26488
34096 9387 4096
37438 18127 5393
278 31434 31045
19468 32193 4904
2829 19973 23376
12085 7632 2791
13896 34606 7040
39691 28938 9459
18244 39173 36048
4446 18509 39178
33174 1402 30536
1725 6229 1698
5228 23892 1194
31096 25587 30251
4310 13438 39973
27109 1630 21332
13519 18107 10067
21582 36499 25763
9196 18545 32345
32285 21391 28491
1059 7516 2735
15468 39935 16208
33486 5765 4757
6988 11492 23963
4320 33945 35864
5863 26874 30550
4651 9741 37391
3914 28532 27447
21875 23240 29189
25486 11856 35262
24493 1237 20408
6810 32535 19873
36889 21656 17360
26745 14 29933
39078 20742 17170
1225 36011 36278
16527 14029 17305
31604 25877 39433
8784 38716 26854
7280 21178 9565
27053 7259 15183
23183 10319 4022
37748 15278 14299
21771 15551 34067
25947 22121 9237
1293 14668 9776
37109 3905 33705
13308 3597 29083
25379 7212 5194
39600 10030 5710
15917 34546 5045
553 1176 35215
16430 26854 17833
38374 30279 29531
29309 35750 7551
6517 37718 28549
11346 3714 215
5402 8781 38425
14828 6937 3711
18278 11206 32552
13968 31894 36868
17634 38315 4827
32557 1127 4119
27868 7258 7581
32548 25789 11697
17928 37056 37702
32331 27906 36649
1906 32247 4759
22268 27926 14680
31871 18093 5356
19817 1336 16912
5116 22881 24000
35219 27750 38130
31468 18830 26254
28523 31464 34803
22500 37629 17676
24544 20111 37722
39575 4244 2549
36857 10250 20029
17193 13751 31075
2671 33138 407
9013 14129 18548
34154 32224 25330
26238 13450 23475
33369 3503 7296
31002 34234 8389
10245 19909 38308
24900 17830 19928
19671 20287 31552
27336 20947 645
33579 26329 22411
2155 21043 23857
34488 16755 17602
32599 6731 37654
729 31502 24122
33075 31741 28232
15612 6292 5422
9481 29455 36057
39762 35801 10038
23235 36657 16613
20673 29663 31193
10803 30020 18764
21602 29376 26794
38763 4556 121
18978 12643 38660
722 3319 33038
24902 32261 20029
13188 3548 29226
13543 9730 15236
11567 39350 9846
23343 27829 2444
33705 23974 17928
9375 2377 8712
36728 23112 37970
35182 7384 27195
29657 13167 16851
18321 14581 33983
24486 20353 8138
26738 29437 25646
39155 14367 39854
14938 7435 4319
716 33016 29721
437 3881 11038
24214 3399 6764
4569 27739 27914
34186 2651 7467
38077 24548 12495
18907 34444 28349
17677 10202 37780
25175 19625 21857
6214 23401 21414
10552 34533 29182
3912 29345 9705
23788 3335 21541
28678 19888 29663
36410 1158 11491
7301 28558 9427
7259 2164 8115
16529 5729 17060
18855 33704 19594
6364 7038 18847
18676 20191 37486
34531 15967 17794
21687 14888 32613
26461 10733 24423
20951 6816 13540
28933 27510 27517
22262 35220 6795
35139 19187 22962
34083 6283 18854
31887 2283 19723
27008 9805 26980
34759 2852 192
23362 12712 28366
27028 23399 31205
2976 34894 4791
38494 139 7147
11927 15303 534
16932 36935 3585
31822 10835 33881
10116 5835 32687
19150 37945 37978
10676 10956 14245
35596 13342 39805
24447 37914 32147
19142 35298 11635
7200 23970 2397
6373 33692 14811
2472 6307 19177
4069 31026 19385
2904 24215 13141
3657 1900 37318
9131 32064 18423
27648 26362 38619
38625 2658 35658
5008 16840 9431
33432 13082 26049
26349 31395 15140
6459 149 18659
7185 12996 12791
8409 998 1190
19376 38082 33301
25961 19689 2981
4199 33532 34389
34060 35588 5038
4038 26767 5538
1687 13421 28555
32008 21204 27564
8754 38654 17070
37594 9468 39827
7324 34898 2428
18635 1055 24696
19853 15395 25355
5450 15787 39297
1254 10974 19806
39357 15465 32830
17424 27334 38627
32988 20480 9266
16765 36852 2127
24422 16984 1661
16696 34270 1234
21579 34653 2522
21928 11460 27964
35238 33334 18492
10752 10692 5209
27632 9908 20279
29941 16220 4050
25903 1554 19513
21178 34060 38561
16151 25534 36112
39325 29138 27866
23526 8141 15220
5761 34249 20390
38375 978 24979
18380 39893 11561
2467 3961 3742
35538 18025 11511
8117 8089 33937
39111 36247 16573
24329 36068 32425
16451 10993 38625
11118 422 7582
31599 9954 5036
32907 30971 35765
25683 8413 28340
11943 2219 23057
12778 8572 26621
22341 22162 33693
31273 19488 38822
34443 34894 15006
7977 21504 35489
6971 24392 21476
17120 17275 33052
37353 8609 35156
25420 38083 33732
10106 20048 33543
10951 13701 28368
31263 20408 22720
25002 680 8773
12496 22611 35880
34351 3519 29461
17839 37533 29732
1654 5513 23373
25265 11321 37084
28517 3737 3454
17381 28520 21723
7108 12553 33220
9904 38671 1627
33992 12557 25573
12201 33010 38101
11762 19971 13734
39647 32267 21194
39931 11231 16399
15856 33904 31475
1066 10961 17660
37324 38451 37805
