25

2
1 2
1 1

4
1 3
1 4
2 1 4
2 2 3

6
3 2 4 5
3 1 3 5
3 2 5 6
3 1 5 6
4 1 2 3 4
2 3 4

4
0
2 3 4
1 2
1 2

5
1 4
0
0
1 1
0

3
1 2
1 1
0

4
2 2 3
2 1 4
1 1
1 2

6
1 4
2 4 5
2 4 6
5 1 2 3 5 6
2 2 4
2 3 4

5
3 2 4 5
2 1 4
1 4
3 1 2 3
1 1

6
1 4
2 3 5
2 2 4
3 1 3 5
2 2 4
0

5
1 2
2 1 3
2 2 4
2 3 5
1 4

5
1 2
2 1 3
2 2 4
2 3 5
1 4

6
1 4
2 3 5
2 2 4
3 1 3 5
2 2
0

3
2 2 3
2 1 3
2 2 1

4
1 2
1 1
1 4
1 3

6
2 2 3
2 1 3
3 1 2 4
3 3 5 6
2 4 6
2 4 5

5
4 2 3 4 5
4 1 3 4 5
4 1 2 4 5
4 1 2 3 5
4 1 2 3 4

26
5 2 3 4 5 6
5 1 7 8 9 10
5 1 11 12 13 14
5 1 15 16 17 18
5 1 19 20 21 22
5 1 23 24 25 26
1 2
1 2
1 2
1 2
1 3
1 3
1 3
1 3
1 4
1 4
1 4
1 4
1 5
1 5
1 5
1 5
1 6
1 6
1 6
1 6

13
4 2 3 4 5
3 1 6 7
3 1 8 9
3 1 10 11
3 1 12 13
1 2
1 2
1 3
1 3
1 4
1 4
1 5
1 5

6
2 2 6
2 1 3
2 2 4
2 3 5
2 4 6
2 1 5

6
2 2 3
2 1 3
2 1 2
2 5 6
2 4 6
2 4 5

5
1 4
2 4 5
2 4 5
3 1 2 3
2 2 3

6
5 2 3 4 5 6
1 1
1 1
1 1
1 1
1 1

3
0
0
0

5
4 2 3 4 5
1 1
3 1 4 5
3 1 3 5
3 1 3 4
