6
2 1 1 0
-3 7 6
-5 -7 4
1 2

3 1 1 0
0 0 0
2 3 4
5 1 7
1 3

3 1 4 3
0 0 0
2 3 4
5 1 7
1 3
1 2 1
2 3 1
3 4 1
5 6 1
6 7 1
7 8 1
9 10 1
10 11 1
11 12 1

5 2 1 0
0 0 1
0 2 1
0 3 4
5 4 1
5 4 2
1 2
4 5

5 6 5 7
0 0 0
3 0 0
3 4 0
5 8 10
3 4 6
1 2
1 4
2 3
2 4
3 5
4 5
1 2 5
1 3 11
1 4 2
2 4 6
2 5 10
3 4 7
4 5 10
6 7 14
6 8 12
6 10 8
7 9 6
7 10 2
8 10 3
9 10 5
11 12 20
11 14 8
12 13 8
12 15 10
12 15 2
13 15 14
14 15 12
16 18 3
16 19 5
16 20 10
17 20 2
18 20 6
19 17 3
19 20 3
21 22 1
21 24 2
21 25 2
22 24 3
22 25 4
24 23 1
24 25 6

5 6 5 7
0 0 0
3 0 0
3 4 0
5 8 10
3 4 6
1 2
1 4
2 3
2 4
3 5
4 5
1 2 5
1 3 11
1 4 2
2 4 6
2 5 10
3 4 7
4 5 10
6 7 14
6 8 12
6 10 8
7 9 6
7 10 2
8 10 3
9 10 5
11 12 20
11 14 8
12 13 8
12 15 10
12 15 2
13 15 14
14 15 12
16 18 3
16 19 5
16 20 10
17 20 2
18 20 6
19 17 3
19 20 3
21 22 1
21 24 2
21 25 2
22 24 3
22 25 4
24 23 1
24 25 6
