445
1488
1 2
1 6
1 9
1 10
1 13
1 14
1 83
2 3
2 4
2 7
2 18
2 21
2 25
2 30
2 34
2 41
2 42
2 49
2 65
2 68
2 74
2 76
2 77
2 88
2 120
2 170
2 171
2 172
3 10
3 14
3 75
3 175
4 10
4 14
4 15
5 274
6 14
6 25
6 110
6 276
7 10
7 14
7 206
8 97
8 98
8 148
8 150
8 168
8 309
9 41
9 110
9 252
10 42
10 133
10 189
10 371
10 375
11 73
11 95
11 146
11 238
11 259
12 18
12 28
12 51
12 83
12 124
12 140
12 174
13 23
13 43
13 110
13 122
13 123
13 133
13 192
13 230
13 275
13 294
13 318
13 407
14 18
14 23
14 25
14 30
14 31
14 34
14 41
14 48
14 49
14 65
14 74
14 120
14 141
14 144
14 168
14 170
14 171
14 172
14 189
15 30
15 47
15 54
15 113
15 156
15 250
15 260
15 292
15 300
15 350
15 366
15 385
16 22
16 23
16 124
16 125
17 21
17 25
17 34
17 41
17 48
17 49
17 51
17 55
17 65
17 71
17 76
17 80
17 101
17 120
17 170
17 172
17 174
17 192
17 206
17 224
17 255
17 271
17 344
18 20
18 30
18 69
18 76
18 77
18 83
19 69
20 83
21 51
21 78
21 144
21 192
21 308
21 320
22 320
23 80
23 109
23 126
23 163
23 174
23 175
23 230
23 241
23 315
23 348
24 151
24 161
24 325
24 348
24 363
24 369
25 83
26 84
26 216
26 225
26 332
27 60
27 178
27 323
27 363
27 365
27 368
28 137
28 264
28 267
28 271
28 327
28 369
29 75
29 150
30 39
30 53
30 76
30 88
30 120
30 250
30 283
30 290
31 92
31 150
31 240
32 50
32 92
32 150
32 236
32 253
32 273
32 288
32 305
33 160
33 196
33 282
33 292
34 83
35 61
35 69
35 203
35 258
35 313
35 358
35 404
35 406
35 427
36 224
36 238
36 240
37 116
37 283
37 328
37 369
37 442
38 54
38 196
38 259
38 433
39 53
39 57
39 89
39 163
39 199
39 240
39 308
39 351
40 122
40 124
41 83
42 119
42 243
42 351
42 357
42 397
42 440
43 122
43 126
43 133
43 230
43 275
43 315
43 316
43 318
43 348
43 357
43 429
44 54
44 70
44 292
45 101
45 219
45 253
45 353
46 92
46 96
46 106
46 109
46 188
46 249
47 113
47 180
47 248
47 250
47 288
47 292
47 297
47 328
47 367
47 384
47 412
47 419
48 74
48 191
48 319
48 322
50 92
50 101
50 138
51 105
51 172
51 198
51 204
51 264
51 344
52 111
52 127
52 215
52 293
52 313
52 331
52 362
53 89
53 153
53 163
53 199
53 240
54 88
54 113
54 155
54 189
54 209
54 248
54 261
54 283
54 288
54 292
54 326
54 328
54 379
54 393
54 406
55 78
55 172
55 320
56 72
56 169
56 180
56 194
56 256
56 350
56 369
56 379
56 411
57 118
57 150
57 164
57 307
57 353
58 390
59 130
59 205
59 259
59 436
60 62
60 200
60 213
60 214
60 324
60 341
60 352
60 362
60 425
60 437
61 135
61 399
61 432
62 177
62 212
63 142
63 148
63 241
63 251
63 301
64 109
64 237
64 268
66 155
66 181
66 229
66 295
66 376
66 379
66 433
66 442
67 71
67 275
67 374
68 268
69 76
69 77
69 83
69 92
69 148
69 149
69 253
69 254
70 159
70 160
70 198
70 263
70 264
70 271
70 280
70 301
70 346
71 116
71 140
71 201
71 208
71 315
72 194
72 247
72 256
72 379
73 89
73 175
73 276
73 292
73 308
74 150
74 205
74 281
74 351
75 91
75 101
75 105
75 136
75 147
75 151
75 155
75 157
75 178
75 185
75 196
75 199
75 223
75 236
75 239
75 240
75 254
75 269
75 302
75 304
75 305
75 310
75 314
78 170
80 85
80 142
80 150
80 174
80 251
80 274
80 359
80 372
81 300
81 439
82 164
82 188
83 92
84 151
84 183
84 247
84 258
84 288
84 299
84 386
84 424
84 444
85 86
85 129
85 153
85 164
85 208
85 210
85 227
85 273
85 326
85 327
85 339
85 342
85 346
86 134
86 308
86 439
87 243
87 247
87 250
87 259
87 283
87 285
87 288
87 355
87 398
87 432
88 169
88 180
88 200
88 250
88 259
88 261
88 283
88 300
88 328
88 372
89 121
89 146
89 294
89 308
90 92
90 150
90 193
91 97
91 101
91 143
91 150
91 152
91 196
91 222
91 253
91 309
91 354
92 96
92 97
92 98
92 101
92 102
92 105
92 106
92 121
92 136
92 139
92 144
92 145
92 147
92 148
92 149
92 150
92 152
92 153
92 168
92 189
92 196
92 219
92 222
92 224
92 240
92 246
92 251
92 253
92 254
92 255
92 269
92 303
92 304
92 310
92 344
92 359
93 255
94 97
94 166
94 323
94 420
95 103
95 160
95 199
95 218
95 385
95 423
96 102
96 105
97 157
97 212
97 223
97 438
98 104
98 144
98 238
98 251
98 280
98 309
98 311
99 149
99 163
99 277
100 115
100 173
100 236
100 251
101 110
101 114
101 144
101 148
101 150
101 166
101 167
101 194
101 195
101 222
101 224
101 236
101 240
101 251
101 267
101 269
101 310
102 145
102 149
102 251
102 310
103 105
103 147
103 193
103 238
103 240
104 121
104 148
104 251
104 268
105 147
105 148
105 149
105 164
105 174
105 176
105 238
105 240
105 254
105 303
105 304
106 145
107 109
107 120
107 145
107 150
107 251
107 266
108 148
108 149
108 159
108 188
108 370
108 415
109 174
109 188
109 221
110 165
110 174
110 204
110 206
111 166
111 226
111 338
111 368
111 371
111 386
111 388
111 389
111 391
111 399
111 430
112 136
112 165
112 188
112 196
112 236
112 245
112 252
112 268
113 123
113 178
113 194
113 227
113 260
113 279
113 283
113 292
113 379
113 385
113 411
114 174
114 249
115 266
116 188
116 237
116 245
116 315
116 354
116 423
118 229
118 235
118 261
118 283
118 285
118 348
118 376
119 121
119 123
119 216
119 279
119 397
119 402
120 173
121 146
121 150
121 282
122 156
122 230
122 261
122 320
123 153
123 230
123 233
123 275
123 307
123 348
123 364
124 172
124 273
125 205
125 300
125 376
126 134
126 201
126 279
126 373
127 394
128 281
128 362
128 389
129 133
129 300
129 339
130 169
130 278
130 308
130 318
130 321
130 366
131 206
132 169
132 248
132 278
132 366
133 137
133 230
133 274
133 300
133 321
133 331
133 373
135 190
135 200
135 334
135 351
135 378
135 420
135 438
136 152
136 167
136 236
137 142
137 263
137 264
137 267
137 344
137 370
138 149
138 238
139 152
139 271
140 246
140 271
140 273
141 316
141 359
141 373
142 263
142 264
142 267
143 148
143 150
144 150
145 157
146 151
147 174
148 149
148 152
148 154
148 193
148 252
148 268
148 269
148 271
148 304
148 310
149 199
149 266
149 286
149 305
150 153
150 154
150 167
150 171
150 173
150 188
150 222
150 269
150 277
150 302
151 163
151 164
151 222
151 223
151 361
152 167
152 189
152 222
152 223
152 238
152 239
153 330
153 346
154 171
155 156
155 169
155 257
156 224
156 262
156 282
156 350
157 193
157 225
158 196
158 251
159 161
159 162
159 246
159 265
159 370
160 238
160 314
161 162
161 250
161 346
162 272
163 210
163 228
163 252
163 265
163 354
163 369
164 234
164 265
165 188
165 245
166 186
166 220
166 294
166 306
166 341
166 391
166 405
166 406
166 427
166 430
169 300
169 328
170 292
170 381
171 193
171 212
171 394
172 174
173 224
173 266
173 311
174 198
174 241
174 249
174 267
175 292
175 338
176 271
176 280
177 287
177 387
178 240
178 288
178 383
179 183
179 299
179 330
179 365
179 375
179 396
179 418
179 443
180 228
180 235
180 440
180 445
181 229
181 290
181 417
181 440
181 443
181 444
181 445
182 198
182 280
182 369
183 207
183 258
183 297
183 306
183 319
183 329
183 330
184 345
184 367
184 381
184 417
184 418
184 424
184 440
184 442
184 443
184 444
184 445
185 209
185 220
185 335
185 341
185 427
186 187
186 377
187 417
187 418
187 440
187 441
190 192
190 324
190 362
190 377
190 404
190 409
190 415
190 434
191 192
191 371
192 208
192 230
193 238
193 304
193 310
194 210
194 217
194 258
194 288
194 292
195 223
196 238
196 246
196 304
197 225
197 242
197 289
197 296
197 377
197 384
197 389
197 390
197 404
198 224
198 264
198 307
198 369
199 228
199 240
199 251
199 252
199 255
200 312
200 335
200 390
200 405
200 427
201 357
202 227
202 272
202 307
203 411
204 251
204 263
204 280
206 267
206 276
206 344
206 370
207 220
207 262
207 288
207 290
207 298
207 345
207 382
207 412
207 427
208 226
208 356
208 373
209 225
209 285
209 290
209 292
209 322
209 409
209 427
210 214
210 246
210 250
211 358
211 441
212 213
212 215
212 219
212 319
212 333
212 382
212 402
212 428
212 432
213 275
213 291
213 329
213 333
213 334
213 349
213 375
213 409
213 431
214 243
214 289
214 323
214 378
214 402
214 409
215 231
215 322
215 351
215 388
215 389
215 390
215 392
215 406
215 412
216 260
216 295
216 337
216 352
216 416
217 229
217 244
217 297
217 338
217 379
218 224
218 269
219 305
219 405
220 221
220 324
220 410
220 416
221 313
221 322
221 368
222 238
222 269
225 242
225 275
225 289
225 347
225 356
225 361
226 318
226 372
227 229
227 235
227 247
227 283
227 292
228 245
228 279
228 328
228 422
229 256
229 372
229 421
229 424
230 275
230 301
230 315
230 318
230 421
231 285
231 288
231 292
231 349
231 377
231 386
231 397
231 418
231 420
231 440
232 422
233 264
235 247
235 340
235 376
235 379
236 344
238 241
238 254
238 303
240 305
241 263
241 264
241 435
242 248
242 258
242 260
242 289
242 298
242 324
242 396
242 404
242 412
242 423
243 244
243 350
243 378
243 383
243 385
243 387
243 388
243 393
243 413
244 276
244 292
245 248
245 354
245 370
246 273
246 327
246 342
247 292
247 321
247 340
247 384
248 273
248 290
248 296
248 300
249 251
250 292
250 300
250 328
250 340
250 372
250 416
251 266
251 344
251 435
252 253
252 282
252 303
252 304
254 310
254 344
256 321
257 375
258 289
258 299
258 315
258 368
258 400
258 414
258 426
258 444
259 300
259 328
259 379
260 262
260 283
260 290
260 306
260 349
260 386
260 416
260 426
261 297
261 300
261 350
261 363
261 369
261 379
261 426
262 292
262 306
262 328
262 349
262 350
262 383
262 385
262 408
263 264
263 267
263 364
264 265
264 267
264 286
264 344
265 267
265 346
267 370
267 435
269 302
269 411
270 323
270 362
270 403
270 406
270 413
271 273
271 280
271 327
271 353
271 359
273 277
274 366
274 367
274 381
274 442
275 315
275 318
275 338
275 348
275 364
275 374
276 369
279 373
280 353
281 341
283 306
283 328
283 343
283 379
284 401
284 432
285 297
285 402
287 312
287 319
288 292
288 381
288 383
288 384
288 415
288 426
289 323
289 406
289 415
289 416
290 306
290 348
290 420
291 404
292 300
292 366
292 372
292 381
292 385
292 424
293 341
293 389
293 405
293 431
294 326
294 374
294 428
295 318
295 417
295 445
296 412
297 376
297 381
297 439
298 299
298 368
298 414
298 441
299 358
299 383
299 386
299 419
299 443
300 326
300 367
301 316
301 374
304 314
306 322
306 384
306 386
306 391
306 393
306 408
307 308
308 318
311 354
311 388
312 355
312 404
313 391
313 423
315 316
315 348
316 405
317 338
317 362
317 405
318 348
318 373
318 374
318 378
318 422
319 371
319 377
320 346
321 411
322 384
322 392
322 409
322 414
323 388
323 427
326 339
327 344
327 369
328 363
329 397
329 406
330 334
330 336
330 384
330 423
331 362
331 438
332 405
333 336
333 409
334 389
335 337
335 389
335 398
336 367
336 383
336 423
337 351
337 352
337 398
338 348
338 420
339 361
339 424
341 378
341 393
341 438
343 416
343 434
344 353
345 397
347 378
348 364
348 372
349 368
349 391
349 393
349 403
350 378
352 402
352 409
352 420
352 425
355 375
355 406
355 419
356 364
356 394
357 394
357 431
358 397
360 399
361 363
362 404
364 429
365 406
367 376
367 381
368 403
368 409
368 432
370 407
374 394
374 421
375 417
375 418
375 441
375 445
376 424
376 440
377 408
378 387
378 403
379 383
379 440
379 445
380 425
380 440
381 440
382 390
382 401
383 403
383 406
383 426
384 386
384 408
384 409
384 414
384 420
384 432
385 399
386 387
386 393
386 408
386 409
386 414
386 420
386 444
388 410
389 398
389 405
389 409
390 410
396 412
396 423
396 426
396 434
396 444
397 423
398 415
398 420
399 410
400 444
403 409
403 426
406 409
406 436
408 414
409 420
409 425
409 426
410 420
411 445
412 418
415 420
415 440
417 433
417 442
419 440
419 444
420 423
420 444
423 430
425 432
426 441
433 442
434 441
441 443
442 445
