461
1691
1 3
1 9
1 10
1 29
1 83
1 117
1 122
1 145
1 170
1 247
1 365
2 3
2 4
2 5
2 15
2 18
2 80
2 82
2 96
2 98
2 99
2 100
2 108
2 112
2 139
2 140
2 148
2 150
2 161
2 175
2 185
2 196
2 214
2 233
2 265
2 268
2 271
2 274
2 314
2 318
2 350
3 4
3 5
3 18
3 97
3 383
4 8
4 10
4 100
4 108
4 112
4 117
4 127
4 148
4 161
4 174
4 206
5 18
5 97
5 98
5 108
5 136
5 159
5 274
6 13
6 14
7 13
7 134
7 203
7 412
7 415
8 94
8 139
8 140
8 159
8 161
8 175
8 176
9 26
9 78
9 79
10 26
10 31
10 78
10 93
10 96
10 98
10 99
10 211
11 266
11 338
11 422
12 15
12 16
12 30
12 36
12 73
12 78
12 80
12 87
12 113
12 118
12 120
12 121
12 144
13 18
13 20
13 45
13 56
13 121
13 138
13 153
13 177
13 327
13 438
14 36
14 72
14 84
14 111
14 140
14 233
15 30
15 36
15 40
15 73
15 80
15 94
15 99
15 118
15 120
15 121
15 136
15 145
15 182
15 268
16 30
16 36
16 56
16 118
16 120
16 121
17 18
17 42
17 87
17 144
17 271
17 306
17 406
18 21
18 27
18 67
18 72
18 78
18 80
18 82
18 96
18 97
18 98
18 101
18 102
18 104
18 108
18 112
18 114
18 117
18 141
18 144
18 159
18 160
18 182
18 196
18 206
18 213
18 245
18 274
18 283
18 314
18 318
19 45
19 84
19 104
19 125
19 172
19 220
19 274
19 293
20 226
20 308
20 312
20 405
21 56
21 87
21 93
21 94
21 117
22 26
22 102
22 145
22 158
22 169
22 171
22 203
22 211
22 274
23 56
23 179
23 269
24 51
24 87
24 116
24 336
24 348
24 368
24 378
25 258
25 337
25 432
25 441
25 459
25 460
26 75
26 77
26 205
26 273
27 79
27 111
27 115
27 116
27 151
27 281
28 111
28 176
29 84
30 32
30 56
30 87
30 92
31 66
31 85
31 129
31 153
31 156
31 170
31 173
32 56
32 84
32 120
32 121
32 196
33 60
33 183
33 202
33 321
33 344
33 380
33 386
33 450
34 56
34 108
34 157
34 191
34 206
34 215
34 282
34 345
35 55
35 56
35 134
35 333
35 355
35 367
35 378
36 94
36 149
37 45
37 56
37 87
37 144
38 84
38 144
38 287
39 136
39 383
40 80
40 196
40 309
40 333
41 50
41 91
41 297
41 361
41 395
41 420
41 428
41 442
42 56
42 68
42 87
42 108
42 144
42 282
42 338
44 46
44 56
44 63
44 64
44 226
44 243
44 257
45 56
45 67
45 71
45 84
45 111
45 124
45 144
45 154
45 167
45 172
45 186
45 217
45 231
45 263
45 293
45 366
45 383
45 410
46 65
46 152
46 186
46 220
46 225
46 229
46 252
46 302
46 311
46 324
46 342
46 414
47 49
47 52
47 239
47 249
48 52
48 54
48 57
48 59
48 61
48 62
48 250
48 297
48 347
48 368
48 379
48 424
48 436
49 68
49 240
49 384
49 416
49 424
49 453
50 53
50 60
50 337
50 344
50 353
50 367
50 374
50 379
50 400
50 416
50 427
51 300
51 338
51 363
51 373
51 446
51 460
52 223
52 332
52 376
52 420
52 427
53 190
53 358
53 359
53 424
53 450
54 240
54 372
54 434
54 443
54 452
55 58
55 61
55 237
55 258
55 330
55 363
55 364
55 367
55 386
55 419
55 438
55 442
55 453
56 61
56 67
56 84
56 87
56 92
56 108
56 120
56 121
56 124
56 139
56 153
56 155
56 164
56 172
56 197
56 202
56 204
56 220
56 251
56 267
56 272
56 275
56 288
56 293
56 300
56 301
56 307
56 355
56 406
57 58
57 240
57 412
57 423
58 183
58 249
58 299
58 305
58 317
58 322
58 407
58 453
59 60
59 221
59 232
59 297
59 344
59 395
59 408
59 461
60 234
60 239
60 297
60 316
60 325
60 338
60 364
60 399
61 71
61 91
61 205
61 330
61 336
61 363
62 236
62 242
62 260
62 339
62 346
62 347
62 349
62 360
62 397
62 400
62 413
62 418
62 422
62 442
62 453
63 64
63 186
63 243
63 288
63 355
63 366
64 90
64 132
64 134
64 142
64 169
64 203
64 259
64 269
64 277
64 311
64 319
64 320
64 341
65 85
65 133
65 146
65 254
65 273
65 274
65 304
65 305
65 308
65 312
65 328
66 148
66 401
67 85
67 89
67 100
67 104
67 108
67 112
67 117
67 124
67 128
67 151
67 153
67 156
67 163
67 171
67 216
67 233
67 262
67 274
67 275
67 309
67 343
67 366
67 442
68 80
68 132
68 138
68 181
68 199
68 205
68 218
68 228
68 285
68 367
68 388
68 414
69 123
69 138
69 269
69 285
69 311
69 452
69 455
70 107
70 122
70 152
70 155
70 173
70 180
70 206
70 217
70 293
70 327
71 231
71 341
72 112
72 161
73 78
73 179
74 75
74 80
74 126
74 265
75 136
75 174
75 184
75 218
75 312
76 409
76 442
76 446
76 460
77 242
77 290
77 348
77 395
77 408
77 429
78 80
78 84
78 99
78 119
78 121
78 158
78 182
78 218
80 92
80 94
80 112
80 151
80 196
80 207
80 233
80 307
80 309
81 118
81 134
81 205
81 229
82 94
82 99
82 101
82 146
82 268
83 150
83 185
83 274
84 87
84 92
84 124
84 153
84 167
84 168
84 170
84 171
84 172
84 173
84 213
84 263
84 287
84 366
85 94
85 157
85 165
85 173
85 236
86 87
86 97
86 130
86 278
87 120
87 121
87 124
87 140
87 172
87 198
87 202
87 251
88 91
88 238
88 323
88 359
88 392
88 395
88 411
88 418
88 426
88 428
88 436
88 443
88 451
89 154
89 227
89 317
90 132
90 224
90 227
90 228
90 315
90 342
90 375
90 377
90 435
90 455
91 257
91 335
91 338
91 395
91 404
91 436
92 199
92 260
92 286
93 117
93 184
93 207
93 214
94 98
94 101
94 108
94 114
94 130
94 136
94 159
94 185
94 214
94 271
94 304
94 309
94 350
95 144
95 163
95 417
96 105
96 185
96 205
96 328
97 117
97 182
97 328
97 396
98 102
98 107
98 111
98 112
98 128
98 156
98 182
98 210
98 350
99 141
99 158
99 200
99 328
100 172
101 112
101 345
102 112
102 180
102 219
102 307
103 113
104 112
104 115
104 128
104 130
104 151
104 180
104 215
104 281
105 175
105 245
105 328
105 350
106 210
107 117
107 219
107 397
108 110
108 128
108 149
108 151
108 233
109 163
109 210
109 234
109 321
109 368
109 460
110 140
111 115
111 153
111 163
111 196
111 207
111 213
111 267
111 273
112 115
112 128
112 140
112 152
112 159
112 163
112 185
112 200
112 207
112 219
112 274
112 309
113 115
113 128
113 139
113 141
113 155
114 116
114 140
114 245
114 314
115 163
115 176
115 211
115 279
115 379
116 141
116 160
116 166
116 210
117 141
117 150
117 156
117 159
117 210
117 211
118 141
118 144
118 217
118 263
118 272
119 179
120 179
122 152
122 156
122 210
122 307
123 132
123 333
123 414
124 157
124 203
124 229
124 268
124 310
124 410
125 126
125 164
125 180
126 140
126 174
126 181
126 212
126 307
127 138
127 164
127 233
128 196
128 219
128 263
128 275
128 307
128 318
129 172
129 206
130 147
130 208
130 310
131 200
131 203
131 410
132 133
132 181
132 218
132 224
132 236
132 241
132 259
132 269
132 278
132 312
132 317
132 320
132 369
132 388
133 138
133 224
133 371
134 197
134 198
134 224
134 226
134 228
134 243
134 261
134 388
134 420
134 455
135 223
135 227
135 242
135 278
135 289
135 292
135 296
135 298
135 302
135 352
135 370
136 206
136 339
136 350
137 187
137 202
137 361
138 168
138 181
138 224
138 225
138 229
138 241
138 252
138 269
138 285
138 295
138 341
138 371
138 388
138 405
139 141
139 148
139 206
139 284
139 291
140 145
140 159
140 163
140 164
140 179
140 274
140 283
141 207
142 259
142 289
142 302
142 389
144 163
144 166
144 172
144 198
144 202
144 209
144 251
144 263
144 275
144 283
144 340
144 341
144 374
145 268
146 236
147 341
148 317
149 169
149 182
149 212
149 281
149 356
150 174
150 185
150 245
150 284
150 304
151 206
151 216
151 274
151 283
152 233
152 327
152 343
153 216
153 217
153 263
153 272
153 309
153 343
154 272
154 287
155 182
155 196
155 204
155 219
155 287
156 162
156 163
156 167
156 304
157 160
157 163
157 179
157 233
157 263
157 271
157 287
157 293
157 310
157 417
158 182
159 354
160 177
160 207
160 216
160 283
161 180
161 203
161 245
162 304
162 328
163 283
164 275
164 307
165 218
166 170
166 172
166 327
167 171
167 172
167 247
167 262
167 287
167 327
169 186
169 254
169 388
170 173
170 221
171 180
171 200
171 215
171 216
171 262
171 263
171 274
171 282
171 293
171 307
172 216
172 263
172 331
173 215
173 268
174 177
174 248
174 279
174 284
175 349
176 246
176 377
178 218
178 235
178 341
178 391
179 204
179 301
180 274
182 304
182 311
183 187
183 192
183 237
183 250
183 258
183 260
183 334
183 359
183 364
183 365
183 368
183 372
183 421
183 443
184 268
184 327
185 208
186 209
186 224
186 243
186 342
186 409
187 218
187 276
187 322
187 336
187 362
187 407
188 223
188 367
188 393
188 396
188 428
188 429
188 438
189 194
189 347
189 383
189 430
189 460
190 194
190 195
190 303
190 347
190 357
190 430
190 434
190 450
190 454
190 457
190 461
191 292
191 303
191 392
191 426
192 297
192 344
192 363
192 365
192 372
192 426
192 448
193 299
193 359
193 375
193 422
193 447
193 461
194 308
194 422
194 454
194 456
195 237
195 377
195 430
195 447
197 198
197 285
197 295
197 353
197 433
198 220
198 295
199 203
199 224
199 241
199 396
200 286
201 300
201 330
201 363
201 372
201 395
201 460
202 315
202 330
202 367
202 393
203 268
203 383
203 388
203 410
204 226
204 257
204 301
205 218
205 229
205 269
205 308
205 341
205 369
206 213
206 271
207 213
207 236
207 282
208 274
208 318
209 229
209 289
209 302
210 219
211 309
212 248
212 263
213 273
213 314
213 331
214 274
214 309
215 216
215 263
215 283
215 345
215 366
215 406
217 287
217 297
217 307
217 332
217 341
217 343
218 313
218 333
218 350
218 414
220 262
220 264
220 341
221 343
221 352
223 292
223 305
223 315
223 322
223 348
223 358
223 362
223 451
224 227
224 276
224 277
224 341
224 356
225 285
225 295
225 297
225 415
226 355
226 366
226 388
227 228
227 231
227 339
227 342
227 369
227 435
228 231
228 259
228 359
229 230
229 243
229 310
229 340
230 308
230 312
230 383
230 414
231 311
231 317
232 237
232 386
232 439
232 449
233 326
233 350
234 260
234 351
234 361
234 373
234 378
234 379
234 392
234 445
235 298
235 320
236 315
237 296
237 430
237 443
238 358
238 423
238 441
238 449
239 258
239 332
239 392
239 403
240 367
240 372
241 311
241 371
241 396
241 413
242 315
242 358
242 402
243 252
243 257
243 320
243 366
243 410
244 289
244 311
245 267
245 284
246 345
247 289
249 250
249 258
249 323
249 372
249 418
249 453
250 258
250 300
250 330
250 372
250 416
250 423
251 352
252 305
252 311
252 333
252 336
253 259
253 269
253 383
253 459
254 269
254 289
254 388
255 256
255 269
255 278
255 320
255 459
256 319
256 333
256 389
256 390
256 395
256 454
257 326
257 406
258 323
258 365
258 392
258 395
258 421
258 434
258 438
258 448
259 294
259 317
259 356
259 369
259 389
259 425
259 435
260 323
260 347
260 373
260 409
260 453
261 308
261 373
261 378
261 389
261 390
261 414
261 419
263 287
263 343
264 271
264 307
265 314
265 348
266 290
266 338
266 380
266 399
266 418
267 401
268 286
268 304
268 326
268 410
269 298
269 302
269 319
269 350
269 356
270 280
270 290
270 308
270 341
270 364
270 374
270 418
270 420
271 307
272 309
272 343
273 331
273 401
274 307
274 417
276 280
276 335
276 360
276 378
277 278
277 302
277 315
277 319
278 325
278 373
278 381
278 400
278 415
279 283
279 354
280 296
280 315
280 320
280 322
280 325
280 362
280 382
283 354
284 345
285 355
285 388
286 304
286 417
288 311
289 326
289 369
289 435
290 380
290 393
290 408
291 314
292 377
292 384
293 410
294 320
296 351
296 373
296 391
296 393
296 422
297 402
297 408
297 442
298 373
298 375
298 377
299 375
299 400
299 411
299 413
299 424
299 447
299 451
300 437
302 339
302 357
302 405
303 385
303 431
303 456
304 309
304 311
305 311
305 336
305 400
305 409
305 446
307 314
308 341
308 446
310 366
311 371
311 378
312 313
312 329
312 414
315 322
315 400
315 428
316 337
316 351
316 438
316 445
317 320
319 375
319 389
319 455
319 456
320 356
320 373
320 381
321 332
321 348
321 373
321 382
321 422
321 440
322 337
322 358
322 362
322 391
322 400
322 429
322 430
322 451
323 398
323 403
324 352
324 385
324 389
324 454
325 348
325 431
326 410
329 407
330 347
330 364
330 386
330 427
332 337
332 376
334 336
337 358
337 364
337 384
337 392
337 430
338 347
338 351
338 393
338 404
338 407
338 431
340 455
341 446
344 393
345 352
345 406
346 412
346 422
346 449
347 404
347 407
347 430
347 450
347 452
348 386
348 411
348 412
348 451
348 458
350 389
351 382
351 399
351 461
353 380
353 397
356 366
356 455
357 383
357 387
357 391
357 457
358 384
358 408
358 411
358 420
358 421
358 430
359 401
359 450
359 459
360 361
360 364
360 423
361 363
361 364
361 373
361 382
361 395
361 441
361 446
362 391
363 404
363 419
363 442
363 444
363 445
364 409
364 423
364 441
365 430
365 443
365 449
365 459
366 406
366 410
367 371
367 378
367 398
367 409
367 433
367 437
367 442
367 446
368 384
369 415
369 435
370 385
370 389
370 425
371 414
372 419
372 444
373 382
373 409
373 428
373 437
375 382
375 400
375 425
375 430
376 447
378 409
379 391
379 453
380 397
380 409
380 446
380 453
382 384
382 445
386 458
387 389
387 390
387 391
387 456
389 456
391 455
391 457
392 424
392 448
395 400
395 402
396 400
396 407
396 429
397 402
397 409
397 436
399 413
400 413
400 438
400 451
401 431
402 408
402 418
402 440
403 441
404 439
404 446
404 451
404 453
406 410
407 428
408 411
408 442
409 431
411 418
412 413
412 449
412 458
416 424
418 432
418 436
418 442
419 444
419 446
419 453
420 446
421 451
421 457
424 438
425 456
427 448
428 432
428 449
429 451
431 461
434 450
437 460
441 449
441 450
442 453
454 457
454 459
454 461
