466
1869
1 7
1 11
1 13
1 14
2 7
2 11
2 13
2 126
3 5
3 13
3 60
4 16
4 76
4 88
4 89
4 107
4 120
4 132
4 151
4 157
4 259
4 278
4 302
5 8
5 9
5 12
5 32
5 33
5 48
5 72
5 80
5 127
5 130
5 172
5 186
5 188
5 217
5 220
6 7
6 13
6 14
7 8
7 10
7 33
7 48
7 74
7 108
7 130
7 143
7 193
7 327
8 11
8 13
9 23
9 36
9 91
9 92
9 108
9 122
9 123
9 129
9 142
9 146
9 176
9 185
9 187
9 197
9 212
9 267
9 273
9 341
9 389
10 11
10 13
10 14
10 48
10 84
10 89
10 130
10 178
11 12
11 33
11 38
11 40
11 48
11 120
11 127
11 152
11 188
11 197
11 242
12 13
12 16
12 20
12 24
12 45
12 48
12 51
12 76
12 108
12 112
12 113
12 114
12 115
12 117
12 118
12 120
12 125
12 130
12 134
12 148
12 169
12 172
12 179
12 214
12 218
12 222
12 223
12 224
12 259
12 270
12 278
12 285
12 288
12 291
12 305
12 308
12 320
12 348
12 390
13 33
13 36
13 38
13 40
13 48
13 56
13 67
13 68
13 76
13 77
13 80
13 84
13 86
13 98
13 102
13 106
13 117
13 127
13 130
13 134
13 139
13 151
13 163
13 187
13 189
13 218
13 219
13 238
13 279
13 368
13 402
14 23
14 27
14 53
14 79
14 160
14 186
14 213
14 227
14 245
14 269
14 385
14 431
15 53
15 160
15 231
16 105
16 117
16 308
17 33
17 131
18 19
18 69
18 143
18 210
18 237
18 252
18 298
18 406
18 444
19 142
19 143
19 189
19 235
19 271
19 346
19 381
20 33
20 39
20 80
20 82
20 108
20 127
20 131
20 134
20 136
20 143
20 158
20 208
20 210
20 211
20 215
20 218
20 233
20 296
20 299
20 301
20 323
21 253
21 311
21 388
21 396
21 400
21 434
21 454
22 258
22 334
22 370
24 164
24 326
25 66
25 116
25 192
25 261
25 262
25 287
25 291
25 315
26 195
26 205
26 309
26 313
26 367
26 418
26 445
26 462
26 463
27 49
27 64
27 69
27 73
27 75
27 87
27 93
27 105
27 106
27 110
27 113
27 119
27 120
27 126
27 171
27 197
27 208
27 222
27 231
27 258
27 259
27 267
27 269
27 270
27 273
27 276
27 277
27 280
27 283
27 289
27 305
27 307
27 311
27 322
27 326
27 328
27 331
27 334
27 337
27 343
28 118
28 128
28 153
28 205
28 364
28 412
29 309
29 360
29 440
29 447
29 457
30 69
30 81
30 87
30 135
30 388
30 454
31 106
31 205
31 238
31 330
31 337
31 404
32 69
32 86
32 143
32 160
32 189
32 262
32 344
33 60
34 99
34 105
34 110
34 117
34 119
34 137
34 197
34 277
35 98
35 191
35 236
35 297
35 396
35 398
36 68
36 72
36 113
36 192
36 256
36 257
36 286
36 296
37 81
37 87
37 92
37 234
37 258
37 266
37 269
37 318
38 81
38 147
39 81
39 155
39 162
39 310
40 142
40 262
41 126
41 228
41 231
41 258
41 265
41 269
41 326
41 328
41 396
42 61
42 93
42 99
42 165
42 171
42 258
42 269
42 283
42 321
42 335
42 463
42 465
43 54
43 141
43 145
43 191
43 219
43 236
43 238
43 266
43 281
43 313
43 359
43 367
43 396
43 401
43 405
43 422
44 82
44 92
44 99
44 250
44 364
44 369
44 371
44 383
44 393
44 426
44 450
45 134
45 176
45 179
45 302
46 90
46 239
46 297
46 367
46 372
47 141
47 242
47 268
47 280
47 337
47 353
47 367
47 372
47 420
47 440
49 50
49 104
49 114
49 307
49 394
50 88
50 111
50 177
50 248
50 251
50 270
50 272
50 340
50 342
51 84
51 114
51 170
51 173
51 181
51 214
51 232
51 265
51 282
51 305
52 53
52 256
52 332
52 415
53 64
53 69
53 81
53 93
53 110
53 135
53 252
53 257
53 263
53 269
53 270
53 277
53 297
53 298
53 311
53 363
53 380
53 388
53 414
53 432
53 434
53 451
53 454
54 201
54 407
55 85
55 110
55 274
55 277
55 300
55 311
55 313
55 338
55 374
55 413
55 423
55 441
56 311
56 373
56 379
57 338
57 369
57 373
57 395
57 421
57 455
58 94
58 255
58 313
58 373
58 422
58 432
58 441
59 152
59 254
59 373
59 395
59 451
61 399
61 445
61 465
62 220
62 228
62 232
62 233
62 234
62 252
62 314
62 325
63 68
63 262
64 96
64 229
64 250
65 451
66 129
66 170
66 174
66 183
66 192
66 211
66 225
66 261
66 287
67 68
67 101
67 105
67 114
67 115
68 71
68 77
68 84
68 100
68 109
68 113
68 114
68 120
68 136
68 168
68 183
68 187
68 227
68 279
68 285
68 311
68 329
68 350
69 160
69 206
69 228
69 241
69 328
69 331
69 363
69 380
69 396
70 160
70 211
70 230
70 252
70 300
70 314
70 323
70 406
71 75
71 95
71 282
72 84
72 114
72 139
72 188
72 314
73 155
73 204
73 213
73 227
73 375
73 377
73 408
73 409
74 106
74 108
74 133
74 157
74 161
75 81
75 149
75 154
75 163
75 180
75 213
75 266
75 318
75 409
76 100
76 134
76 171
76 197
76 231
76 335
77 114
77 157
77 225
77 262
78 309
78 313
78 355
78 364
78 391
78 413
78 446
79 268
79 326
79 361
79 374
79 391
79 396
80 162
81 154
81 160
81 186
81 213
81 385
82 99
82 108
82 114
82 136
82 140
82 148
82 158
82 216
82 345
83 134
83 142
83 390
83 422
84 150
84 217
85 266
85 300
85 338
85 418
86 93
86 189
86 231
86 328
87 143
87 208
87 213
87 227
87 233
87 241
87 243
87 312
87 318
87 385
87 409
87 431
87 460
88 114
88 120
88 169
88 185
88 202
88 223
88 246
88 331
89 115
89 122
89 173
89 193
89 224
89 276
89 319
89 325
91 220
91 390
92 111
92 114
92 120
92 188
92 271
92 339
93 154
93 183
93 186
93 213
93 227
93 245
93 318
93 336
93 366
93 385
93 389
94 133
94 134
94 188
94 197
94 214
94 224
94 225
94 264
94 363
94 368
95 142
95 149
95 157
95 180
95 216
95 283
95 398
96 134
96 150
96 162
96 228
96 235
96 253
97 139
97 150
97 180
97 252
97 398
97 399
98 159
98 215
98 330
98 405
99 108
99 157
99 345
99 395
99 409
100 125
100 175
100 199
101 105
101 115
101 170
101 171
101 175
101 188
101 217
101 285
101 319
102 112
103 114
103 197
103 295
103 305
104 113
104 124
104 176
104 177
104 223
104 264
104 288
104 291
104 308
105 108
105 117
105 224
105 305
105 307
106 139
106 177
106 185
106 295
106 311
107 129
107 176
107 260
108 114
108 117
108 130
108 134
108 209
108 257
108 262
108 289
108 290
108 291
109 127
109 253
109 295
109 305
110 160
110 256
110 277
110 332
110 334
110 344
110 363
110 367
110 385
110 401
111 116
111 123
111 134
111 214
111 352
112 225
112 279
112 348
112 390
113 117
113 119
113 124
113 172
113 197
113 246
113 261
113 264
113 285
113 286
113 287
113 289
113 304
114 120
114 121
114 123
114 124
114 125
114 132
114 134
114 169
114 186
114 187
114 216
114 222
114 224
114 257
114 258
114 269
114 289
114 291
114 325
114 326
114 339
115 123
115 134
115 179
115 214
115 260
115 272
115 285
115 339
116 122
116 181
117 120
117 125
117 137
117 171
117 172
117 173
117 176
117 218
117 221
117 225
117 251
117 295
117 320
118 166
118 171
118 242
118 302
118 311
118 362
118 380
118 410
119 120
119 123
120 132
120 306
121 122
121 217
121 220
122 177
122 185
122 267
122 389
123 214
123 250
123 259
123 272
123 276
123 278
123 339
123 342
124 246
124 295
124 321
125 171
125 222
125 277
126 160
126 237
126 305
126 312
127 305
128 135
128 258
128 324
129 130
130 259
132 134
132 257
133 180
133 197
134 197
134 222
134 291
134 321
134 324
135 213
135 227
135 228
135 233
135 245
135 318
135 331
135 385
136 165
136 187
136 262
137 320
137 321
137 348
138 194
138 239
138 309
138 370
138 443
139 286
140 334
140 363
141 330
141 347
141 374
141 392
141 397
141 404
142 158
142 265
142 448
143 208
143 231
143 262
143 299
143 461
145 159
145 205
145 280
145 373
145 391
145 425
145 436
145 443
145 449
146 357
146 386
146 412
146 434
146 451
147 374
147 383
147 410
148 219
148 244
148 338
148 357
148 419
149 150
149 154
149 202
149 206
149 215
149 368
150 160
150 163
150 206
150 219
150 233
150 323
150 328
150 369
150 406
151 180
151 225
152 309
152 313
152 330
152 374
152 383
152 400
152 429
152 432
153 205
153 275
153 312
153 330
153 338
153 343
153 360
153 407
153 438
153 446
154 228
154 258
154 266
154 277
154 323
154 326
154 331
155 247
155 312
155 322
155 452
156 225
157 182
157 241
157 268
157 297
157 318
158 262
158 339
159 230
159 367
159 419
159 422
160 219
160 252
160 258
160 269
160 294
160 300
160 311
160 312
160 323
160 327
160 328
160 331
160 357
160 380
160 388
160 406
160 410
160 419
160 446
160 454
161 170
161 227
161 344
162 182
162 368
162 369
162 406
162 426
163 228
163 247
163 331
163 332
164 215
165 197
165 203
165 222
165 288
165 291
165 297
165 305
165 324
166 184
166 214
166 340
167 337
167 393
167 416
168 172
168 251
168 264
168 291
169 217
169 251
169 394
171 173
171 175
171 295
171 305
172 260
172 279
173 305
173 339
175 279
175 302
176 222
176 225
176 264
176 285
176 286
177 184
177 185
177 248
177 267
177 272
177 282
178 225
178 279
178 287
179 180
179 197
179 271
179 287
179 314
179 315
179 390
180 216
180 231
180 232
180 265
180 346
181 185
181 282
181 292
182 236
182 376
182 465
183 261
183 287
183 291
184 185
184 212
184 389
185 272
186 193
186 258
186 269
186 283
186 322
187 262
188 314
189 211
189 262
190 237
190 365
190 391
190 395
190 466
191 240
191 379
191 380
191 396
191 400
191 419
191 449
192 288
192 296
192 350
194 265
194 337
194 357
194 364
194 374
194 419
194 429
194 449
195 239
195 412
195 429
195 438
195 455
196 359
196 371
196 379
196 445
196 462
197 288
197 296
198 275
198 343
198 359
198 373
198 391
198 392
198 402
198 412
199 202
199 249
199 317
199 330
199 362
199 387
199 446
199 453
200 240
200 303
200 311
200 367
200 386
200 446
201 238
201 311
201 405
201 407
201 414
202 204
202 239
202 268
202 375
202 377
202 392
202 399
202 424
202 438
203 226
203 325
203 326
204 249
204 310
204 313
204 338
204 365
204 404
204 462
205 238
205 364
205 370
205 376
205 433
205 442
205 458
206 332
206 373
207 240
207 262
207 301
207 330
207 372
207 374
207 441
207 444
207 455
208 262
208 299
209 211
209 262
209 299
210 323
210 381
210 461
211 262
212 282
213 258
213 266
213 269
213 283
213 310
213 322
213 333
213 336
213 343
214 272
214 276
214 307
215 252
215 261
215 262
215 266
215 331
215 332
215 351
216 270
217 218
218 279
218 285
218 288
218 321
219 249
219 345
219 346
219 385
219 420
221 230
222 264
222 286
222 288
222 291
222 348
223 288
225 286
225 289
225 296
225 304
225 350
226 237
226 452
227 258
227 283
227 322
227 328
227 334
227 400
228 229
228 326
228 328
228 331
228 332
228 368
228 385
229 234
229 263
229 328
229 331
229 363
230 254
230 266
230 300
230 330
230 338
230 382
230 395
230 417
230 422
231 235
231 279
231 332
231 363
231 367
232 234
232 247
232 265
232 268
232 293
232 448
233 252
233 277
234 241
234 409
235 435
236 240
236 274
236 275
236 300
236 311
236 313
236 371
236 422
236 433
237 238
237 391
237 395
238 242
238 255
238 263
238 268
238 355
238 357
238 372
238 380
238 386
238 392
238 403
238 404
238 410
238 426
238 429
238 432
238 442
238 450
239 242
239 405
239 462
240 253
240 254
240 305
240 311
240 358
240 369
240 372
240 373
240 381
240 414
241 302
241 328
241 334
241 400
241 410
242 275
242 391
242 402
243 330
243 337
243 338
243 343
243 391
243 425
243 426
243 433
244 326
244 328
244 353
244 410
245 300
245 311
245 326
245 328
245 337
245 379
245 380
245 391
245 396
245 419
245 432
245 434
246 267
247 250
249 309
249 347
249 353
249 370
249 379
249 419
249 455
250 366
251 420
252 332
252 381
252 435
253 263
253 351
253 353
253 356
253 362
253 373
253 391
254 311
254 358
254 372
254 426
254 430
254 436
254 451
254 455
255 280
255 303
255 356
255 407
255 426
255 450
255 455
256 265
258 269
258 307
258 318
258 331
258 363
258 366
258 385
259 260
260 272
260 288
263 283
263 326
263 374
263 391
263 396
263 400
263 410
263 414
263 419
263 429
263 466
264 286
264 289
264 291
264 315
266 409
266 430
266 446
266 448
267 292
268 364
268 395
268 405
268 442
268 459
269 276
269 307
269 366
269 385
270 295
270 326
270 337
270 446
272 394
273 294
273 330
273 365
273 397
273 430
274 313
274 341
274 374
274 401
275 364
275 373
275 411
275 455
277 368
277 385
279 291
279 308
279 390
280 297
280 320
280 355
280 391
280 425
281 316
281 317
281 380
281 432
281 438
281 454
281 465
282 292
283 309
283 336
283 383
283 418
283 430
283 437
283 439
284 303
284 309
284 421
285 286
285 291
286 289
286 290
286 296
286 304
287 296
287 329
288 314
288 390
290 296
290 329
290 394
293 384
294 440
295 321
295 339
296 304
296 451
297 325
298 323
298 428
298 435
300 313
300 327
300 351
300 372
300 421
300 444
301 356
301 396
301 402
302 344
302 357
302 371
303 379
303 421
306 376
309 357
309 371
309 427
309 447
309 464
310 442
310 459
310 462
311 358
311 374
311 401
311 425
312 322
312 409
313 330
313 347
313 355
313 434
314 406
314 417
314 425
316 465
317 336
317 375
317 399
317 460
318 326
318 328
318 334
318 335
319 326
319 340
320 390
322 385
322 409
323 345
323 368
323 387
323 432
323 454
325 434
326 353
326 385
328 331
328 363
328 431
329 382
330 383
330 439
331 409
332 435
335 392
336 385
336 439
336 460
337 341
337 355
337 371
337 393
337 446
338 367
338 372
338 386
338 443
338 455
339 340
341 362
341 383
342 368
342 422
343 367
343 383
343 407
343 408
345 395
346 411
347 351
347 371
347 374
347 443
347 447
349 415
350 390
350 406
351 356
351 357
351 365
351 379
351 396
351 401
351 419
351 425
351 434
351 462
352 377
352 384
352 392
352 398
352 453
352 460
353 355
353 365
353 410
353 416
353 421
353 425
354 458
355 357
355 374
355 380
355 410
355 419
355 421
355 430
356 382
356 444
357 358
357 401
357 422
357 425
358 374
358 391
358 396
358 413
358 423
358 459
359 391
359 405
359 414
360 422
360 443
362 364
362 373
364 440
364 462
364 466
365 393
365 421
365 449
367 372
367 373
367 379
367 380
367 391
367 395
367 445
367 459
368 388
368 454
369 421
369 443
369 449
370 379
370 408
370 427
370 433
371 374
371 397
371 440
372 379
372 386
372 391
373 379
373 382
373 383
373 391
373 396
374 437
375 376
375 405
375 438
375 458
376 404
376 438
377 411
377 438
377 453
377 464
377 465
378 396
378 418
378 441
379 401
379 416
379 423
379 425
379 457
380 404
380 419
380 425
380 437
380 446
382 417
382 444
383 412
383 459
385 412
386 403
386 426
387 417
387 439
387 450
388 430
388 435
388 439
391 396
391 412
391 416
391 429
391 436
391 440
391 445
392 418
392 429
392 436
395 403
395 417
396 415
396 419
396 430
396 437
397 416
398 411
398 453
399 448
399 452
399 453
399 463
399 465
400 440
401 406
401 413
401 425
401 432
401 454
402 418
402 450
403 426
403 441
403 447
404 407
404 419
404 420
404 421
404 459
405 433
406 415
407 425
407 440
410 416
411 453
412 429
412 464
413 425
414 433
415 461
416 421
418 464
419 425
419 437
421 423
421 427
423 434
425 454
426 445
428 461
429 462
430 446
430 454
431 453
432 439
433 447
433 466
435 454
439 450
439 454
441 450
441 458
442 443
442 445
442 447
449 456
452 460
453 460
459 462
460 465
