456
1669
1 6
1 11
1 50
1 106
1 109
1 172
2 11
2 20
2 30
2 35
2 38
2 47
2 48
2 61
2 84
2 88
2 92
2 93
2 107
2 110
2 112
2 115
2 117
2 118
2 119
2 120
2 121
2 124
2 135
2 136
2 148
2 158
2 159
2 168
2 171
2 176
2 181
2 204
2 206
2 243
2 247
2 253
2 269
2 277
2 281
2 290
2 291
2 314
2 324
2 336
2 337
3 5
3 20
3 58
3 86
4 5
4 6
4 22
4 34
4 86
4 89
4 132
5 6
5 7
5 8
5 14
5 16
5 17
5 18
5 19
5 21
5 22
5 23
5 24
5 25
5 50
5 92
6 17
6 25
6 26
6 27
6 31
6 33
6 39
6 58
6 59
6 70
6 75
6 83
6 84
6 85
6 86
6 89
6 90
6 106
6 127
6 132
6 177
6 182
6 186
6 188
6 203
6 269
6 281
7 58
7 85
7 86
7 115
7 127
7 129
7 131
7 132
7 135
7 179
7 181
7 198
7 252
7 312
8 34
8 47
8 48
8 50
8 86
8 89
8 128
8 132
8 343
9 209
9 344
9 360
9 410
9 415
9 427
9 428
9 429
9 430
10 15
10 34
10 94
10 237
11 47
11 61
11 106
11 109
11 120
11 123
11 124
11 151
11 158
11 172
11 174
11 290
11 336
11 340
11 343
12 32
12 226
12 334
12 433
12 434
13 256
13 363
13 432
14 26
14 27
14 85
14 86
15 20
15 34
15 54
15 74
15 127
15 258
15 319
15 329
16 22
16 55
16 58
16 84
16 86
16 132
16 201
17 27
17 58
17 86
17 127
18 34
18 58
18 85
18 90
18 317
18 421
19 55
19 58
19 85
19 210
19 240
19 279
19 308
19 317
19 421
19 422
20 56
20 93
20 108
20 113
20 133
20 148
20 164
20 184
20 206
20 235
20 341
21 58
21 85
21 86
21 132
22 39
22 58
22 59
22 85
22 86
22 132
23 58
23 85
23 135
23 166
23 214
23 228
23 368
24 34
24 54
24 214
24 359
24 405
25 33
25 34
25 58
25 86
25 89
25 132
25 155
25 164
25 167
25 186
25 189
26 92
27 55
28 55
29 55
29 80
29 182
29 189
29 277
30 38
30 46
31 126
32 186
32 210
32 259
32 339
33 173
33 285
33 303
33 353
34 85
34 92
34 126
34 173
34 275
35 107
35 164
35 247
36 43
36 99
36 106
36 204
36 208
36 368
37 100
37 242
37 410
37 436
38 114
38 336
39 292
40 226
40 273
40 275
40 294
40 334
40 408
40 433
40 452
41 101
41 265
41 355
41 423
41 432
42 149
42 245
42 310
42 364
42 379
42 410
42 423
42 424
42 430
42 447
42 455
43 53
43 99
43 103
43 146
43 148
43 165
43 180
43 181
43 182
43 191
43 204
43 248
43 266
43 283
43 285
43 287
43 288
43 312
43 339
43 353
43 369
43 396
43 416
44 70
44 304
45 148
45 155
45 173
45 213
45 273
45 329
45 331
45 360
45 398
45 412
46 114
46 133
46 148
46 205
46 269
46 324
47 50
47 98
47 230
47 275
47 321
47 334
47 391
47 427
47 433
48 70
48 116
48 121
49 101
49 195
49 209
49 224
49 227
49 242
49 263
49 295
49 358
49 375
49 379
49 411
49 428
49 436
49 439
50 83
50 109
50 124
50 158
50 255
50 334
51 75
51 120
51 121
51 181
51 249
51 338
51 380
52 102
52 304
53 56
53 98
53 99
53 128
53 144
53 187
53 192
53 208
53 214
53 231
53 241
53 264
53 350
54 217
54 220
54 300
54 301
54 318
54 329
55 127
55 129
55 132
55 173
55 186
55 213
55 219
55 259
55 287
55 288
55 325
55 372
56 59
56 128
56 129
56 264
56 274
56 335
56 384
57 79
57 105
57 204
57 228
57 254
57 266
57 369
57 391
57 421
57 433
57 456
58 76
58 145
58 152
58 170
58 177
58 279
58 287
58 397
59 202
59 349
59 453
60 180
60 252
60 268
61 92
61 267
62 64
62 104
62 155
62 352
62 354
62 379
62 412
63 64
63 100
63 149
63 245
63 286
63 387
63 429
64 67
64 82
64 142
64 242
64 269
64 350
64 367
64 399
64 420
64 449
65 347
65 364
65 388
65 399
65 413
65 417
65 428
66 88
66 344
66 346
66 352
66 362
66 401
66 425
66 446
67 73
67 140
67 155
67 245
67 284
67 385
67 392
67 424
68 154
68 272
68 310
68 389
69 298
69 365
69 377
69 429
70 76
70 102
70 176
70 202
70 308
70 446
71 266
71 352
71 409
72 227
72 310
72 446
73 149
73 246
73 412
74 207
74 256
74 328
75 76
75 84
75 158
75 161
75 278
76 92
76 95
76 113
76 116
76 125
76 161
76 170
76 187
76 198
76 216
76 249
76 271
77 196
77 226
77 305
77 359
77 386
78 80
78 188
78 200
78 266
78 287
78 339
79 191
79 228
79 310
79 317
79 369
79 420
80 82
80 102
80 200
80 260
80 283
80 289
80 307
80 349
80 376
80 437
81 146
81 148
81 181
81 187
81 194
81 204
81 208
81 213
81 240
81 290
81 353
81 398
82 171
82 214
82 349
82 368
83 109
83 119
83 166
83 253
83 270
84 111
84 116
84 118
84 120
84 131
84 159
84 160
84 175
84 181
84 204
84 314
85 128
86 94
86 173
86 177
86 317
87 118
87 123
87 152
87 207
87 278
88 328
88 345
88 377
88 392
88 409
88 426
88 441
89 177
90 106
90 207
90 215
90 220
90 226
90 228
90 238
90 265
90 275
90 283
90 322
91 109
92 103
92 105
92 125
92 151
92 158
92 161
92 162
92 179
92 180
92 181
92 191
92 204
92 216
92 231
92 266
92 339
92 370
93 109
93 161
93 162
93 173
93 207
93 220
93 275
93 328
94 95
94 124
94 159
94 173
95 113
95 169
95 173
95 174
96 233
96 237
96 343
96 390
97 98
97 144
97 232
97 306
97 404
97 433
97 438
98 148
98 211
98 213
98 219
98 230
99 114
99 145
99 160
99 179
99 204
99 273
99 322
99 370
99 374
99 420
100 225
100 407
100 412
100 426
100 440
101 223
101 355
101 357
101 360
101 366
101 408
101 410
101 423
101 432
101 440
102 105
102 156
102 202
102 216
102 293
102 308
102 312
102 339
102 453
103 161
103 191
103 214
103 217
103 230
103 240
103 266
103 287
103 344
104 284
104 347
104 352
104 412
105 171
105 250
105 260
105 266
105 349
105 368
105 453
106 107
106 148
106 156
106 164
106 166
106 169
106 213
106 277
106 336
106 385
107 109
107 120
107 172
107 176
107 204
107 205
107 271
108 142
108 157
108 227
108 233
108 404
109 112
109 123
109 124
109 158
109 337
109 344
110 169
110 174
110 175
110 231
110 337
110 340
111 116
111 122
111 159
111 171
111 176
111 247
111 277
112 115
112 120
112 166
112 229
112 252
113 114
113 116
113 117
113 170
114 130
114 235
114 236
114 237
114 252
115 205
115 278
116 122
116 171
116 172
116 176
116 314
117 164
118 131
119 142
119 407
120 131
120 139
120 176
120 271
121 134
121 247
122 141
122 159
122 171
122 281
123 148
123 207
123 220
123 226
123 252
123 262
123 337
123 365
124 204
124 261
124 443
125 171
125 367
126 127
126 129
126 132
126 308
127 162
128 167
128 207
128 215
128 220
128 265
128 274
128 334
130 142
130 224
130 351
130 395
130 405
131 156
131 165
131 171
131 268
131 271
131 277
131 370
132 177
133 168
133 278
133 324
134 165
134 304
135 136
135 159
135 164
135 253
136 141
136 161
136 171
136 253
136 277
136 336
137 264
137 329
137 364
137 417
137 427
138 147
138 254
138 320
138 334
138 433
139 165
140 246
140 392
140 448
140 449
141 159
141 175
141 285
142 183
142 193
142 351
142 389
142 415
142 444
143 159
143 253
144 241
144 380
145 198
145 314
146 173
146 369
146 372
147 226
147 273
147 335
147 452
148 161
148 168
148 181
148 211
148 213
148 254
148 301
149 245
149 272
149 389
149 400
149 403
149 409
149 415
149 426
150 226
150 234
150 300
150 380
150 386
150 387
151 204
151 373
152 171
152 214
152 285
152 289
152 304
153 355
153 381
153 382
153 417
154 245
154 284
154 356
154 371
154 400
154 419
154 446
154 450
155 222
155 287
155 410
155 411
155 425
156 212
156 240
156 285
156 421
157 357
158 204
159 247
159 277
159 314
160 165
160 182
160 216
160 231
160 281
160 308
161 179
161 181
161 293
162 165
162 180
162 199
162 216
162 293
164 167
164 171
164 228
164 247
164 253
165 339
165 356
167 336
167 340
168 188
168 275
168 290
168 295
168 363
169 198
169 373
170 187
170 199
171 189
171 200
171 238
171 251
171 281
172 181
172 204
173 232
173 233
174 337
175 267
175 280
175 285
176 291
176 380
178 187
178 264
179 191
179 237
179 314
180 182
180 231
181 202
181 208
181 231
181 259
181 311
181 348
182 203
182 280
183 234
183 268
183 340
183 343
184 268
185 207
185 215
185 274
185 275
185 298
185 328
185 334
187 214
187 231
187 276
188 210
188 254
188 257
188 288
188 433
190 202
190 325
191 204
191 215
191 226
191 326
191 353
192 226
192 275
192 295
192 296
192 300
192 320
192 326
192 334
192 391
192 452
193 319
193 434
194 195
194 196
194 197
194 309
194 346
194 367
194 383
194 401
194 409
195 309
195 345
195 430
195 438
195 448
195 455
196 226
196 241
196 264
196 404
196 433
196 452
196 455
197 263
197 394
197 441
198 202
198 252
198 253
198 361
199 266
199 312
199 420
200 210
200 217
200 238
200 283
200 306
200 308
200 339
201 269
201 390
202 231
203 215
203 238
203 271
203 293
203 399
204 211
204 338
204 367
204 396
205 337
206 225
206 275
206 290
206 298
206 301
207 219
207 220
207 233
207 234
207 262
207 322
207 359
207 414
208 322
209 294
209 364
209 427
209 439
209 441
209 449
210 283
210 289
210 312
210 339
211 273
211 301
211 320
211 322
211 434
212 260
212 295
213 318
213 323
214 228
214 250
214 306
214 322
214 350
214 397
215 233
215 282
215 326
215 350
216 338
217 248
217 282
217 297
217 313
217 326
217 335
217 346
217 400
217 405
218 242
218 266
218 309
218 328
218 392
218 405
219 273
219 302
219 320
219 322
219 334
219 390
219 433
219 452
220 228
220 234
220 343
220 359
220 414
220 451
221 299
221 375
221 434
221 441
221 455
222 382
222 436
222 446
223 245
223 332
223 344
223 411
224 262
224 351
224 393
224 403
224 424
224 444
225 263
225 274
225 301
225 329
225 335
225 360
225 407
225 410
225 436
226 228
226 233
226 384
227 242
227 272
227 294
227 333
227 413
227 423
227 440
227 447
228 282
228 335
228 392
229 236
229 271
230 325
230 380
231 291
231 293
231 315
231 342
231 348
232 233
233 295
233 302
233 326
233 443
234 254
234 258
234 294
234 295
234 301
234 319
234 320
234 325
234 334
235 261
235 390
238 307
238 312
238 376
239 343
240 266
240 288
241 300
241 334
241 445
242 246
242 328
242 329
242 330
242 332
242 346
242 365
242 381
242 382
242 388
242 392
242 401
242 411
242 425
242 432
242 436
242 447
243 252
243 268
243 277
243 305
244 375
244 378
244 389
244 422
244 436
245 286
245 309
245 352
245 388
245 389
245 411
245 432
245 438
245 447
246 283
246 289
246 352
246 356
246 409
246 416
246 424
248 260
249 370
249 373
251 378
252 277
252 314
253 317
253 336
253 369
254 260
254 287
254 307
254 349
254 453
255 290
255 456
256 258
256 313
257 437
258 269
258 279
259 283
260 279
260 312
260 376
261 318
261 349
262 295
262 301
262 306
262 323
263 345
263 386
263 389
263 395
263 398
263 404
263 417
263 439
264 386
264 404
265 295
265 343
265 374
265 405
265 413
265 432
265 450
266 308
266 317
266 367
267 276
267 278
267 280
268 304
271 276
272 310
273 390
273 398
274 414
275 303
275 321
275 359
275 374
275 398
277 278
278 281
279 288
280 396
282 312
282 350
283 321
283 368
283 376
283 416
284 364
284 425
285 310
286 371
286 376
286 387
286 392
288 308
288 349
288 421
288 431
289 308
289 316
289 339
289 397
289 409
290 324
290 341
291 348
292 313
293 312
293 370
294 398
295 322
295 384
295 398
296 340
296 445
298 303
298 332
298 356
298 359
298 398
299 384
300 303
300 334
300 343
300 386
300 398
300 452
301 303
301 327
301 356
301 374
301 384
301 398
303 307
303 328
304 414
306 380
307 325
308 381
308 419
308 420
309 347
309 385
310 347
310 354
310 364
310 382
312 317
319 343
319 380
319 414
320 414
321 359
321 369
323 356
325 341
326 350
328 330
328 332
328 359
328 365
328 398
328 403
329 387
329 402
329 435
329 448
329 451
330 346
330 356
330 359
330 388
330 413
331 404
331 433
332 356
332 366
333 387
333 393
333 452
334 343
334 398
335 359
335 378
335 405
335 410
335 439
338 396
339 420
339 421
342 414
343 433
344 382
344 387
344 400
344 411
344 438
344 446
345 356
345 359
345 385
345 423
346 401
346 403
346 418
346 440
346 450
347 365
347 378
347 401
347 405
347 415
347 418
350 420
351 389
351 403
351 410
351 415
351 443
351 451
352 361
352 362
352 409
352 411
352 424
352 425
352 443
352 448
353 374
354 360
355 423
355 432
356 364
356 371
356 376
356 381
356 387
356 419
357 422
357 435
358 382
359 388
360 440
361 410
362 422
362 431
362 446
363 424
363 442
363 444
364 383
364 430
365 375
365 400
365 403
365 427
365 438
366 377
366 424
366 432
367 382
367 390
367 417
367 420
368 383
368 405
368 453
371 372
371 376
371 387
371 413
372 387
372 401
374 379
377 389
377 401
377 409
377 429
377 438
378 407
378 423
378 443
378 444
379 435
379 448
381 382
381 387
381 417
381 446
382 446
382 449
383 417
384 391
384 433
385 444
385 449
386 433
386 452
387 402
387 456
388 432
389 392
389 403
389 412
389 438
389 439
389 443
390 454
391 414
392 431
393 435
394 407
394 428
394 434
394 443
394 456
395 406
395 444
396 397
397 420
398 402
398 418
399 439
400 401
401 405
401 411
401 417
401 435
402 433
402 434
402 441
402 452
402 456
403 407
403 444
404 445
405 438
405 439
405 444
407 442
408 433
408 455
409 432
410 415
410 425
410 428
410 447
411 415
411 439
414 433
415 428
415 439
415 443
415 450
416 425
416 447
416 450
417 438
417 439
418 446
419 425
419 431
424 432
428 439
428 440
428 447
430 448
431 450
432 450
433 445
434 452
435 444
436 439
436 440
436 441
442 448
443 444
449 450
