455
1676
1 2
1 20
1 28
1 39
1 107
1 110
1 111
1 113
1 119
1 121
1 156
1 159
1 173
1 238
1 256
1 279
1 294
1 295
1 296
2 19
2 28
2 107
2 109
2 112
2 113
2 118
2 119
2 132
2 154
2 163
2 171
2 201
2 203
2 243
2 247
2 278
2 280
3 6
3 10
3 11
3 12
3 14
3 16
3 23
3 59
4 12
4 49
4 76
5 60
5 63
5 121
5 169
5 174
6 43
6 84
7 10
7 12
7 16
7 38
7 111
8 10
8 11
8 12
8 14
8 15
8 16
8 22
8 49
8 59
8 63
8 76
8 100
8 158
8 174
8 255
9 27
9 28
9 33
9 170
9 179
10 11
10 18
10 54
10 83
10 91
10 142
10 249
10 284
10 285
10 297
10 303
10 332
10 359
10 388
11 19
11 23
11 24
11 26
11 30
11 37
11 39
11 43
11 45
11 47
11 79
11 84
11 92
11 93
11 106
11 107
11 109
11 110
11 111
11 132
11 150
11 154
11 166
11 168
11 170
11 176
11 200
11 201
11 232
11 247
11 270
11 271
11 277
11 278
11 279
11 280
11 285
11 327
11 328
11 339
12 54
12 56
12 83
13 18
13 76
13 100
14 54
14 84
14 124
14 125
14 133
15 54
15 56
15 115
15 124
15 125
15 133
15 335
16 95
16 176
16 204
16 269
16 322
17 76
18 50
18 51
18 146
18 199
18 284
18 285
18 290
18 338
19 27
19 28
19 94
19 107
19 109
19 111
19 112
19 114
19 115
19 120
19 139
19 158
19 159
19 165
19 238
19 255
19 277
19 278
19 320
19 339
20 49
20 119
20 182
20 243
20 269
20 271
21 42
21 95
21 111
21 371
22 99
22 142
22 218
22 239
23 49
23 113
23 129
23 158
23 367
24 30
24 49
24 95
24 136
24 158
24 174
24 205
24 274
25 86
25 95
25 167
25 214
25 334
26 87
27 49
27 150
27 167
27 181
28 30
28 34
28 39
28 49
28 55
28 89
28 94
28 107
28 111
28 113
28 260
28 266
28 273
28 295
28 326
28 340
29 110
29 173
29 339
30 183
30 322
31 39
31 81
31 89
31 104
31 137
31 155
31 180
31 199
31 289
31 353
32 55
32 146
32 186
32 194
32 202
32 318
32 325
32 343
32 452
33 95
33 128
33 155
33 172
33 174
33 318
33 354
34 108
34 168
34 181
34 183
34 201
34 242
34 247
34 331
35 44
35 144
35 180
35 249
35 352
35 359
35 402
36 294
37 61
37 142
37 174
37 255
37 277
37 320
37 330
37 385
38 42
38 111
38 119
38 121
38 170
38 288
39 40
39 45
39 49
39 107
39 111
39 156
39 178
39 241
39 266
39 294
40 89
40 176
40 181
40 184
40 244
41 42
41 219
42 43
42 49
42 86
42 94
42 97
42 98
42 101
42 118
42 138
42 244
42 246
42 257
42 389
43 300
43 321
43 404
43 435
43 453
44 151
44 334
44 342
44 401
44 411
45 49
45 137
45 176
45 178
45 187
45 380
45 447
46 62
46 104
46 216
46 221
46 248
46 259
46 298
46 312
46 319
47 123
47 129
47 206
47 283
48 63
48 102
48 137
48 177
48 195
48 289
48 321
48 377
48 440
49 105
49 106
49 109
49 132
49 154
49 167
49 168
49 176
49 177
49 179
49 181
49 183
49 184
49 242
49 244
49 247
49 260
49 295
50 101
50 174
50 349
51 62
51 91
51 128
51 130
51 259
52 62
52 78
52 97
52 136
52 148
52 214
52 239
52 249
52 332
52 336
53 95
53 110
53 177
53 184
53 270
53 279
53 304
53 329
53 339
54 67
54 76
54 107
54 322
55 88
55 163
55 218
55 269
55 273
55 348
55 357
56 61
56 119
56 177
56 187
56 211
56 315
57 110
57 195
57 232
57 300
57 333
57 348
57 373
57 374
57 402
57 444
57 449
58 90
60 74
60 162
60 240
60 280
60 370
61 109
61 119
61 146
61 161
61 255
61 344
62 104
62 136
62 237
62 239
62 336
62 363
62 428
63 95
63 102
63 103
63 156
63 162
63 176
63 179
63 195
63 221
63 288
63 385
63 392
64 74
64 186
64 267
64 268
64 327
64 343
64 374
64 416
64 442
64 443
65 69
65 70
65 92
65 146
65 231
65 291
65 299
65 313
65 335
65 363
65 369
65 379
65 396
65 405
65 408
65 422
65 423
66 83
66 146
67 74
67 109
67 165
67 337
67 340
67 347
67 410
67 415
67 417
68 74
68 188
68 189
68 207
68 231
68 268
68 355
68 366
68 397
68 420
68 441
68 445
68 454
69 72
69 140
69 296
69 355
69 370
69 379
69 422
69 423
69 432
70 85
70 104
70 153
70 186
70 296
70 309
70 355
70 405
70 413
70 432
70 438
71 297
71 410
71 429
72 268
72 290
72 364
72 370
72 396
72 407
72 415
72 422
73 74
73 214
73 355
73 386
74 234
74 310
74 351
74 391
74 436
74 442
74 445
75 80
75 152
75 167
75 211
75 310
76 93
76 94
76 107
76 109
76 124
76 150
76 155
76 161
76 179
76 200
76 209
76 264
76 281
76 283
76 314
76 375
77 78
77 196
77 224
77 317
78 274
78 337
78 401
79 101
79 104
79 151
79 174
79 303
80 167
80 172
80 313
81 220
81 285
81 389
82 99
82 219
82 228
82 250
84 174
85 111
85 250
85 316
85 395
85 425
86 87
86 95
86 118
86 120
86 177
86 246
87 301
87 305
87 323
87 352
87 389
87 404
87 426
87 435
87 450
87 452
88 319
88 323
88 352
89 93
89 95
89 107
89 155
89 161
89 163
89 241
90 110
90 119
90 154
90 158
90 181
90 241
90 242
90 243
90 257
90 279
90 341
90 371
91 215
91 244
91 248
91 249
91 388
92 203
92 275
92 314
92 430
93 146
93 223
93 258
93 268
93 282
93 298
93 344
93 354
94 132
94 166
94 206
94 244
94 255
94 340
94 371
95 137
95 155
95 361
96 160
96 164
96 174
96 206
96 263
96 275
96 276
96 278
96 280
96 392
97 137
97 167
98 269
99 239
99 269
99 377
99 382
100 107
100 132
100 133
100 168
100 225
100 235
100 236
100 258
100 292
101 253
101 349
101 367
102 225
102 249
102 250
102 258
102 289
102 323
102 361
102 398
102 439
103 188
103 244
103 249
103 250
103 305
103 350
103 432
104 195
104 239
104 332
104 352
104 377
104 382
104 399
105 117
105 118
105 139
105 168
105 177
105 181
105 241
105 275
105 277
106 108
106 168
106 201
106 242
107 110
107 111
107 119
107 134
107 164
107 203
107 208
107 296
107 307
107 331
108 132
108 154
109 111
109 150
109 165
109 174
109 275
109 276
109 278
109 280
109 331
110 129
110 160
110 172
110 293
110 333
110 387
110 449
111 127
111 178
111 200
111 241
111 317
111 334
112 164
112 276
112 331
113 116
113 158
113 238
113 279
113 333
114 116
114 129
114 154
114 164
114 201
114 295
115 160
115 165
115 166
115 198
116 119
116 129
116 165
116 257
116 295
116 296
117 164
117 257
117 280
117 392
118 159
118 164
118 271
119 121
119 129
119 152
119 164
119 187
119 255
119 295
119 296
119 315
120 283
121 150
121 209
121 262
121 288
121 292
122 142
122 156
122 209
122 447
123 278
124 348
126 162
127 148
127 151
127 163
127 180
127 204
127 218
127 225
127 258
127 302
127 357
127 367
127 389
128 252
128 259
128 389
129 174
129 206
129 210
129 217
129 256
129 283
129 378
130 141
130 224
131 279
132 138
132 149
132 168
132 183
132 201
132 238
132 244
132 246
132 271
132 300
132 304
132 423
134 139
134 166
134 262
135 368
135 373
135 386
135 405
135 413
135 441
136 235
136 236
136 274
136 287
136 292
136 325
136 343
136 345
136 448
137 161
137 176
137 245
137 252
138 250
138 309
138 311
138 419
139 164
139 261
140 291
141 318
142 174
142 178
142 209
142 281
143 269
143 337
144 194
144 268
144 305
144 390
144 426
145 195
145 292
145 382
145 442
146 174
146 192
146 202
146 296
146 313
146 316
146 370
146 375
146 384
146 446
147 240
147 359
148 390
148 398
148 401
148 426
148 435
149 300
149 350
149 351
149 402
149 403
149 424
149 434
149 438
149 449
150 277
151 219
151 223
151 224
151 225
151 239
151 317
151 336
152 283
153 175
153 231
153 355
153 369
153 416
153 449
154 168
154 177
154 182
154 271
155 162
155 239
155 283
155 290
155 317
156 161
156 176
156 270
156 447
157 277
157 278
158 260
159 160
159 164
159 169
159 179
159 187
159 257
160 165
160 255
160 320
160 331
160 371
161 174
161 249
161 334
161 447
162 180
162 210
162 310
162 327
162 391
163 224
163 246
163 269
163 273
163 283
163 325
164 168
164 187
164 263
164 296
165 257
166 206
166 255
166 280
166 316
167 182
168 270
169 208
170 174
171 255
171 278
172 222
173 176
173 246
174 200
174 205
174 210
174 211
174 255
174 277
175 195
175 220
175 290
175 291
175 359
175 410
175 434
175 440
176 205
176 213
176 245
176 263
176 447
178 205
178 247
178 271
178 311
178 361
179 205
179 239
179 287
179 334
180 273
181 182
182 242
182 244
183 200
183 243
183 247
183 254
184 271
184 339
185 239
185 334
185 336
185 418
186 327
186 386
186 415
186 420
186 422
187 255
187 256
187 286
187 320
188 202
188 272
189 193
189 356
190 249
190 299
190 404
191 193
191 299
191 426
191 427
191 451
191 453
192 231
192 253
192 397
192 402
192 417
193 299
193 305
193 366
193 453
194 323
194 406
194 426
194 450
195 205
195 258
195 289
195 342
196 284
196 303
197 404
198 210
198 285
198 294
198 353
199 220
199 269
199 282
199 283
199 284
199 287
199 291
199 297
199 303
199 310
199 354
200 211
200 281
200 341
202 207
202 273
202 405
202 420
202 430
202 439
203 208
203 213
203 280
203 295
204 219
204 252
204 269
204 273
204 319
205 317
205 361
205 447
206 209
206 392
207 313
207 387
207 393
207 417
207 444
208 294
208 328
209 283
210 353
210 361
211 249
211 261
211 312
211 314
211 315
211 378
212 227
212 233
212 351
212 391
212 397
212 416
212 434
212 455
214 383
214 410
215 223
215 236
215 239
215 240
215 282
215 287
215 332
216 239
216 406
216 411
217 264
217 286
217 353
218 269
218 273
218 317
219 224
219 258
219 336
219 380
219 382
219 399
219 435
220 228
220 239
220 251
220 252
220 272
220 336
220 440
221 239
221 297
221 298
221 319
221 353
221 400
222 236
222 249
222 317
223 282
223 297
223 354
223 418
224 274
224 302
224 311
225 235
225 236
225 258
225 273
225 292
225 399
226 394
226 396
226 417
226 451
227 229
227 272
227 300
227 394
227 397
227 445
228 359
228 389
228 407
229 294
229 394
230 302
230 356
230 357
231 241
231 291
231 302
231 355
231 365
231 375
231 382
231 408
231 415
231 421
231 429
231 432
231 445
232 290
232 342
233 235
233 236
233 265
233 292
233 293
233 374
233 375
233 382
233 383
233 410
233 417
233 448
234 445
234 455
235 236
235 248
235 259
235 292
235 352
235 360
235 428
236 239
236 248
236 259
236 292
236 337
236 352
236 428
237 239
237 318
237 360
237 378
238 246
239 259
239 337
240 251
240 281
240 282
240 332
243 246
243 276
243 341
245 381
245 419
245 454
246 404
247 271
247 328
248 292
248 296
249 269
249 292
249 296
249 322
249 389
250 294
250 304
250 342
250 359
250 380
250 440
251 282
251 344
251 354
252 319
253 374
253 412
254 270
254 277
255 371
257 280
257 315
258 317
258 360
258 389
259 336
259 400
259 428
261 262
261 283
262 278
262 330
262 371
265 389
266 277
266 361
266 392
267 382
269 284
269 302
269 348
269 349
269 367
272 357
272 389
272 424
273 302
273 326
273 357
273 397
274 302
274 406
275 320
276 278
276 341
277 280
277 283
277 295
277 378
278 280
278 314
278 361
280 315
281 295
281 338
281 353
281 361
282 342
282 354
284 285
284 303
285 297
285 303
287 297
287 344
287 392
289 322
290 296
290 443
291 351
291 363
291 370
291 394
291 422
291 442
293 333
293 351
293 365
293 368
293 375
293 410
293 420
293 449
293 455
294 319
294 324
294 450
296 335
296 360
296 393
296 399
296 420
296 423
296 431
296 432
297 311
297 332
299 300
299 309
299 380
299 397
300 304
300 309
300 357
300 369
300 395
300 424
301 326
301 351
301 427
302 325
304 327
304 397
305 389
305 435
305 437
305 444
305 446
306 427
306 437
306 451
306 452
306 453
308 367
309 326
309 402
310 318
310 320
310 417
310 441
310 442
311 342
311 361
311 378
313 391
313 445
315 371
316 346
316 384
317 324
317 337
317 393
318 345
318 363
319 389
319 401
320 338
321 324
321 357
322 360
322 367
323 324
323 367
323 390
323 406
323 450
323 453
324 380
324 390
324 411
324 435
325 327
325 357
325 393
325 397
326 327
326 357
326 394
326 397
326 423
327 365
327 369
327 408
327 416
327 441
327 445
328 341
332 344
333 348
333 365
333 374
333 393
333 449
334 351
335 387
336 342
337 410
340 393
340 414
340 420
340 449
342 399
343 375
343 393
343 409
343 422
343 442
344 352
344 378
345 382
345 395
345 415
345 442
346 410
346 431
346 455
347 368
347 375
347 383
348 402
350 356
350 434
350 454
351 373
351 409
351 410
351 416
351 455
352 418
353 378
353 385
355 394
355 415
355 421
356 365
356 375
356 420
356 434
357 423
357 425
357 427
358 368
358 397
358 432
359 389
360 448
361 381
361 385
362 385
363 405
364 396
364 439
364 445
365 368
365 374
365 375
365 410
366 367
366 419
366 439
367 398
367 406
367 435
368 434
368 454
369 373
369 391
369 416
369 429
369 443
369 445
370 384
370 396
370 431
370 433
370 446
372 373
372 449
372 454
373 397
373 405
373 420
373 432
374 395
374 410
374 443
374 454
375 397
375 445
375 455
376 407
376 422
379 394
379 410
380 394
380 453
382 383
382 442
382 455
383 442
386 412
386 420
389 401
391 433
393 402
393 403
393 415
393 420
393 422
393 433
393 434
393 445
394 396
394 430
395 402
395 431
396 424
397 419
397 423
397 432
397 438
397 444
397 445
398 399
398 404
400 448
403 410
403 421
405 415
405 431
405 441
405 443
405 445
405 446
406 450
407 433
407 455
408 445
409 455
410 436
410 442
411 440
412 427
412 453
413 414
415 417
415 432
415 442
416 417
416 420
416 432
416 442
416 455
417 420
417 441
417 455
419 447
420 423
420 432
420 438
420 442
422 441
422 442
422 454
423 442
423 454
425 449
426 437
427 452
432 444
433 446
434 440
435 450
437 452
438 444
439 440
441 442
442 455
