475
1863
1 2
1 12
1 19
1 21
1 23
1 39
1 58
1 61
1 96
1 101
1 136
1 196
1 199
1 200
2 8
2 10
2 11
2 12
2 14
2 16
2 20
2 24
2 62
2 99
2 132
3 17
3 54
3 66
3 101
3 103
3 112
3 117
3 119
3 120
3 121
3 124
3 125
3 193
3 255
3 279
4 6
4 13
4 19
4 55
4 64
4 65
4 137
4 138
4 258
4 281
5 266
5 311
6 13
6 56
6 66
6 139
6 161
7 24
7 82
7 133
7 136
8 12
8 18
8 19
8 21
8 31
8 39
8 50
8 57
8 59
8 61
8 68
8 88
8 92
8 94
8 95
8 111
8 120
8 126
8 136
8 147
8 171
8 172
8 180
8 184
8 195
8 212
8 230
8 265
8 270
8 271
8 287
8 299
9 12
9 13
9 15
9 47
9 66
9 88
9 107
9 114
9 126
9 129
9 133
9 135
9 165
9 181
9 201
10 12
10 21
10 23
10 96
10 101
10 134
10 186
10 252
11 12
11 39
11 46
11 53
11 61
11 70
11 136
11 158
11 179
11 230
11 270
11 312
11 315
11 396
12 13
12 14
12 16
12 20
12 24
12 28
12 44
12 47
12 62
12 91
12 100
12 125
12 137
12 138
12 171
12 235
12 251
12 269
12 282
12 326
12 337
13 19
13 37
13 42
13 47
13 48
13 64
13 93
13 94
13 95
13 98
13 103
13 106
13 114
13 133
13 174
13 178
13 181
13 223
13 224
13 257
13 259
13 267
13 270
13 287
13 314
13 325
14 21
14 23
14 111
14 130
14 184
14 278
14 373
15 19
15 33
15 54
16 21
16 36
16 39
16 53
16 54
16 61
16 94
16 95
16 129
16 136
17 88
17 330
17 381
17 394
18 19
18 58
18 196
18 273
18 341
18 352
18 376
19 148
19 152
19 195
19 200
19 277
19 376
20 21
20 23
20 39
20 53
20 91
20 110
20 134
20 135
20 136
20 366
21 82
21 99
21 109
21 172
21 187
21 454
22 215
22 241
22 266
22 320
22 383
22 409
22 415
22 447
22 448
22 463
22 469
22 470
23 24
24 61
24 96
24 101
24 129
24 136
25 44
25 86
26 81
26 219
26 269
26 407
27 60
27 266
27 304
27 410
27 450
28 36
28 62
28 64
28 333
28 402
29 34
29 128
29 162
29 216
29 264
29 299
30 44
30 97
30 125
30 137
30 195
30 248
31 66
31 109
31 168
31 179
31 296
32 57
32 63
32 73
32 100
32 186
32 189
32 233
32 249
32 279
32 333
32 404
32 455
33 210
33 291
33 311
33 320
33 409
33 415
33 447
33 470
34 92
34 263
34 294
35 388
35 404
36 100
36 162
36 186
36 190
36 192
36 252
36 272
36 283
37 47
37 98
37 131
37 336
38 47
38 65
38 139
39 82
39 133
40 75
40 144
40 269
40 351
40 361
40 422
40 443
40 461
41 47
42 47
42 64
42 259
42 267
43 44
43 57
43 73
43 140
43 141
43 142
43 247
43 248
43 282
43 291
43 310
43 311
43 312
43 394
43 412
44 93
44 96
44 157
44 159
44 188
44 298
44 307
44 462
45 231
45 240
45 244
45 321
45 360
45 362
45 364
45 380
45 389
45 405
45 428
45 441
46 106
46 112
46 178
46 193
46 200
46 241
46 281
46 315
47 62
47 115
47 117
47 122
47 125
47 174
47 178
47 186
47 201
47 220
47 226
47 249
47 270
48 147
48 233
48 448
49 50
49 82
50 88
50 94
50 132
50 158
50 309
50 324
50 373
50 421
51 311
51 338
51 348
51 422
52 232
52 265
52 275
52 389
52 446
52 454
52 461
53 104
53 329
53 464
54 62
54 121
54 257
55 91
55 100
55 182
55 279
56 88
56 245
56 365
56 414
57 127
57 157
57 186
57 241
57 274
57 337
57 344
57 347
57 451
58 88
58 100
58 121
58 139
58 159
58 168
58 221
58 267
58 277
58 312
58 315
58 317
58 339
58 379
58 463
59 109
59 194
59 228
59 434
60 82
60 89
60 94
60 214
60 219
60 283
60 410
61 82
61 109
61 276
62 93
62 179
63 152
63 186
63 189
63 234
63 236
63 404
63 455
64 65
64 115
64 116
64 121
64 201
65 71
65 139
65 151
65 182
65 221
65 256
65 257
65 259
65 262
65 270
65 279
66 97
66 137
66 138
66 195
67 80
67 145
67 275
67 340
67 358
67 361
67 372
67 389
67 392
67 422
67 426
67 429
67 452
67 461
67 466
68 82
68 92
68 157
68 160
68 179
68 187
68 196
68 230
68 303
68 329
68 346
68 373
68 385
68 438
69 103
69 172
69 292
70 179
70 209
70 291
70 339
70 343
70 360
70 379
70 411
71 94
71 113
71 172
71 191
71 223
71 228
71 270
71 330
71 373
72 82
73 157
73 159
73 188
73 200
73 220
73 235
73 289
73 334
73 412
74 77
74 284
74 289
74 345
74 392
74 407
74 408
74 441
74 460
74 465
75 80
75 82
75 154
75 217
75 241
75 410
75 423
75 424
75 450
76 357
76 361
76 406
76 421
76 435
77 78
77 266
77 308
77 365
77 382
77 401
77 418
77 427
77 438
77 454
77 460
77 466
78 369
78 382
78 436
78 458
79 146
79 241
79 269
79 417
80 105
80 145
80 206
80 232
80 245
80 269
80 358
80 369
80 397
80 426
80 460
81 379
81 407
82 89
82 96
82 126
82 133
82 134
82 135
82 136
82 155
82 157
82 185
82 196
82 197
82 198
82 201
82 203
82 214
82 216
82 237
82 241
82 271
82 276
82 323
82 450
83 145
83 269
83 387
83 406
83 454
83 473
84 155
84 261
84 308
84 327
84 353
85 153
85 345
86 88
86 99
86 137
86 138
86 148
86 151
86 152
86 156
86 235
86 248
86 251
86 289
86 326
86 373
86 375
86 392
86 394
86 462
87 99
87 128
87 199
87 353
88 89
88 91
88 98
88 114
88 120
88 124
88 188
88 209
88 273
88 281
88 288
88 307
88 439
89 92
89 153
89 280
89 326
89 353
89 451
89 475
90 102
90 224
90 241
90 334
90 359
90 400
90 416
90 427
90 449
91 93
91 159
91 269
91 291
91 341
91 383
92 128
92 215
92 278
92 291
92 304
92 376
92 383
93 302
93 448
94 174
94 218
94 328
94 336
95 98
95 164
95 180
95 183
95 328
95 336
96 131
96 141
97 99
97 138
97 153
97 156
97 235
97 236
97 252
97 268
97 308
97 326
97 391
97 412
98 114
98 223
99 151
99 162
99 173
99 268
99 304
99 307
99 392
100 146
100 190
100 419
101 110
101 128
101 131
101 140
102 398
102 451
103 117
103 183
104 327
104 341
105 241
105 360
105 369
105 384
105 393
105 443
105 444
105 460
106 255
106 259
106 281
106 348
107 325
108 179
108 276
108 381
109 134
109 135
109 227
109 233
110 127
110 148
110 150
110 157
110 373
111 157
111 234
111 344
111 463
112 191
112 226
112 296
113 122
113 168
113 195
113 278
114 115
114 131
114 166
114 223
114 261
114 273
114 275
115 178
116 209
116 217
116 355
116 445
117 182
118 132
118 168
118 223
118 322
119 142
119 251
119 297
119 322
119 331
119 376
120 122
120 133
120 183
120 293
120 322
121 177
121 193
121 201
121 257
121 258
122 124
122 173
122 185
123 180
124 125
125 165
126 150
126 172
126 182
126 216
127 166
127 195
127 288
128 136
128 149
128 157
128 269
128 271
128 304
129 269
129 286
130 181
130 215
130 233
130 271
130 375
132 152
132 170
132 183
132 322
135 184
135 214
135 219
135 230
135 264
135 300
136 140
137 138
137 142
137 148
137 156
137 188
137 200
137 235
137 241
137 247
137 248
137 253
137 254
137 321
137 326
137 412
138 200
138 240
138 241
138 248
138 308
138 325
138 326
138 412
139 151
139 161
139 178
139 187
140 157
140 241
140 383
141 157
141 235
141 240
141 252
141 253
141 356
141 378
141 428
141 456
142 157
142 241
142 284
142 326
142 396
143 168
143 222
143 376
144 263
144 294
144 350
144 455
145 146
145 265
145 357
145 424
145 429
145 443
145 457
146 149
146 244
146 265
146 335
146 365
146 372
146 474
147 233
147 404
147 455
148 195
148 227
148 247
148 277
148 307
148 326
149 238
149 241
149 249
149 250
149 262
149 347
149 391
149 432
149 437
149 441
149 449
149 465
150 170
150 212
150 227
150 286
150 294
150 302
151 154
151 181
151 279
151 325
151 373
152 277
153 276
153 280
153 304
153 323
153 327
153 350
154 187
154 421
156 190
156 248
156 251
156 307
156 309
156 311
156 331
156 394
157 235
157 243
157 260
157 268
157 277
157 282
157 284
157 291
157 307
157 310
157 311
157 312
157 317
157 326
157 332
157 337
157 410
157 451
157 473
158 215
158 277
158 331
159 252
159 307
159 333
160 162
160 336
160 373
161 255
162 170
162 325
163 228
163 240
163 247
163 277
163 373
164 178
164 180
164 192
164 218
164 227
164 322
166 226
167 185
167 230
167 342
168 172
168 199
168 272
169 177
169 193
169 255
169 256
169 298
169 459
170 180
170 191
170 227
170 230
170 322
170 328
170 336
170 341
171 176
171 259
171 342
171 381
171 386
172 175
172 187
172 296
173 229
173 272
173 342
174 249
174 256
174 257
174 281
175 180
176 195
176 203
176 381
177 193
177 255
179 185
179 203
179 207
179 385
180 366
181 194
182 381
183 223
183 230
184 350
184 366
185 216
186 236
186 257
186 298
186 336
188 220
188 248
188 290
189 304
191 203
191 230
191 386
192 336
192 386
194 263
194 298
194 309
194 433
195 227
195 229
195 322
195 331
195 336
195 350
195 373
196 233
196 252
196 304
196 352
196 403
198 277
198 283
198 319
198 376
198 390
198 395
199 216
199 263
199 295
200 277
200 447
200 469
201 213
202 241
202 320
202 409
202 475
203 263
204 210
204 290
204 415
204 470
205 207
205 209
205 211
205 320
205 321
205 347
205 349
205 359
205 361
205 441
205 442
206 208
206 334
206 345
206 400
206 423
206 436
206 439
206 446
206 454
206 472
207 210
207 448
208 209
208 250
208 289
208 321
208 441
208 449
208 461
209 239
209 241
209 266
209 320
209 355
209 359
209 365
209 374
209 449
209 459
210 445
211 231
211 241
211 358
211 393
211 441
211 449
211 468
213 318
214 230
214 323
215 309
215 383
215 408
215 415
216 323
216 350
216 373
217 219
217 240
217 365
217 439
217 452
219 300
219 352
221 224
221 263
221 338
221 409
221 418
221 470
222 225
222 226
222 342
224 354
224 453
224 456
224 475
227 324
228 342
228 366
228 373
228 386
229 302
229 318
229 342
230 235
230 264
230 329
230 433
231 275
231 343
231 355
231 356
231 401
232 265
232 357
232 365
232 370
232 387
232 389
232 414
232 426
232 429
232 432
232 442
232 446
232 454
232 457
232 465
233 277
233 333
233 385
234 282
234 332
234 403
234 463
235 252
235 261
235 349
235 356
235 372
235 441
236 241
236 252
236 291
236 394
236 404
236 422
236 439
236 451
236 466
236 475
237 283
237 300
237 303
238 241
238 338
238 349
238 370
238 389
238 440
238 442
238 452
239 284
239 312
239 315
239 321
239 334
239 337
239 375
239 456
239 472
240 241
240 250
240 251
240 319
240 358
240 412
240 417
240 429
240 458
241 249
241 250
241 266
241 282
241 307
241 310
241 311
241 312
241 313
241 315
241 317
241 338
241 339
241 347
241 348
241 358
241 360
241 369
241 372
241 379
241 389
241 408
241 411
241 418
241 423
241 437
241 444
241 463
241 465
241 467
242 335
242 354
242 367
242 378
242 428
242 474
243 290
243 307
243 412
243 415
244 265
244 289
244 420
245 365
245 432
245 442
245 444
245 454
245 466
246 265
246 349
246 426
246 461
247 254
247 289
247 308
247 375
247 462
248 289
248 326
248 392
248 394
248 412
248 431
249 334
249 340
249 355
249 356
249 369
249 419
249 441
249 443
250 262
250 357
250 367
250 378
250 405
250 451
250 458
250 460
251 353
251 376
251 421
251 465
252 253
252 352
252 412
252 451
253 283
253 307
253 308
253 326
253 348
253 376
253 391
253 394
254 300
254 307
254 351
255 285
256 257
258 264
258 342
260 438
261 353
262 270
262 363
262 379
262 399
262 414
262 442
262 457
263 293
263 295
265 275
265 364
265 365
265 389
265 413
265 416
265 429
265 438
265 451
265 456
265 467
266 332
266 357
266 380
266 454
266 458
266 460
267 402
269 464
270 274
270 279
270 291
270 310
270 311
271 350
272 322
273 290
273 343
274 284
274 463
275 330
275 340
275 355
275 357
275 365
275 374
275 398
275 399
275 440
275 459
277 301
277 308
277 331
278 283
278 295
278 303
278 376
278 394
280 303
281 455
282 337
282 349
282 359
282 379
282 388
282 404
282 469
283 410
284 310
284 316
284 359
284 372
284 375
284 427
284 456
287 381
287 402
288 410
289 321
289 370
289 394
289 431
289 461
290 310
290 377
291 311
291 312
291 315
291 332
291 382
291 463
293 333
294 295
294 296
294 302
294 318
294 433
295 296
295 381
297 308
297 386
299 314
299 381
300 421
301 308
301 321
301 431
301 438
303 306
303 346
303 438
304 352
304 388
304 455
305 329
305 346
305 450
305 464
306 329
306 346
306 450
307 308
307 341
307 392
308 331
308 353
308 372
308 376
308 392
308 417
308 422
308 432
310 311
310 317
310 377
311 447
312 315
312 332
312 334
312 379
312 383
312 396
312 404
312 427
312 462
313 355
313 428
313 437
313 445
313 471
315 317
315 320
315 338
315 359
315 396
315 427
316 334
316 430
316 449
317 334
317 383
317 427
317 467
318 344
319 321
319 365
319 380
319 390
319 392
319 410
319 465
320 338
320 348
320 383
320 409
320 448
320 449
320 470
321 380
321 416
321 461
321 464
322 366
322 386
325 336
326 394
327 346
327 353
327 438
328 373
329 344
329 350
329 466
330 336
330 402
331 376
332 423
332 462
332 463
334 340
334 348
334 418
335 367
335 430
335 443
335 444
336 351
337 396
337 462
338 355
338 359
338 396
338 420
338 427
338 459
339 348
339 365
339 367
339 419
339 426
340 355
340 357
340 384
340 391
340 429
341 346
341 396
345 406
345 407
346 382
346 413
347 379
347 449
347 468
348 372
348 419
348 441
348 442
349 356
349 357
349 379
349 391
349 419
349 454
349 457
349 475
351 425
351 449
352 434
353 376
353 410
353 438
354 440
354 456
354 472
355 356
355 374
355 391
355 445
355 459
355 471
356 401
356 426
357 362
357 389
357 435
357 451
357 460
357 465
358 365
358 419
358 422
358 432
358 441
358 442
358 449
358 454
358 457
358 466
358 468
359 391
359 418
360 369
360 384
360 414
360 425
360 429
360 439
360 444
360 451
360 452
360 472
361 362
361 422
361 425
361 436
361 449
361 459
361 461
361 474
362 365
362 369
362 405
362 406
362 430
362 451
362 468
363 365
363 443
364 372
364 377
364 437
364 467
365 379
365 389
365 401
365 429
365 444
365 452
367 442
367 456
367 466
368 468
369 372
369 446
369 453
370 416
370 431
370 435
370 444
370 452
372 382
372 393
372 407
372 435
372 437
372 444
372 457
372 465
372 475
373 376
373 386
373 434
374 377
374 380
374 401
374 459
375 456
376 392
376 424
378 380
378 400
378 432
378 458
378 475
379 449
379 459
380 395
380 398
380 400
380 401
380 424
382 384
382 424
382 457
383 447
384 425
384 429
384 430
384 461
387 426
387 453
389 429
389 432
389 444
389 452
389 454
389 464
390 392
390 395
390 431
391 439
391 441
391 446
391 459
392 394
392 398
392 432
393 459
393 461
393 471
394 431
394 438
395 460
396 447
397 400
397 401
397 459
398 419
398 452
398 457
399 414
399 443
400 414
400 446
401 459
405 413
405 424
406 436
408 440
409 415
410 432
410 450
410 465
411 418
411 445
411 449
411 459
411 468
413 443
413 473
414 440
414 449
415 448
415 462
416 420
418 441
418 444
420 451
420 453
422 425
422 432
422 441
422 442
422 457
425 432
425 457
426 435
426 446
426 466
428 466
429 459
430 431
431 432
431 453
432 443
432 457
436 464
437 456
437 471
441 443
441 449
441 460
442 454
443 458
443 459
445 449
445 471
448 469
448 470
452 472
452 474
456 467
456 468
457 474
458 460
458 468
460 465
460 474
