439
1668
1 6
1 89
1 90
1 96
1 145
1 240
1 241
1 242
2 6
2 17
2 29
2 48
2 55
2 131
2 146
2 187
2 300
3 107
3 124
3 150
3 172
3 295
3 296
3 297
4 10
4 13
4 18
4 26
4 61
4 63
4 68
4 75
4 77
4 92
4 98
4 99
4 107
4 110
4 119
4 123
4 124
4 127
4 135
4 138
4 141
4 155
4 157
4 162
4 164
4 178
4 196
4 197
4 201
4 244
4 259
4 329
4 332
5 6
5 9
5 12
5 13
5 14
5 20
5 23
5 40
5 43
5 87
5 88
5 90
5 91
5 97
5 107
5 120
5 124
5 154
5 162
5 174
5 177
5 234
5 324
6 7
6 8
6 9
6 10
6 11
6 12
6 13
6 14
6 15
6 16
6 22
6 27
6 28
6 29
6 30
6 34
6 35
6 36
6 37
6 42
6 43
6 44
6 45
6 46
6 47
6 51
6 52
6 53
6 60
6 61
6 65
6 75
6 87
6 90
6 92
6 93
6 94
6 95
6 97
6 101
6 102
6 107
6 108
6 109
6 112
6 115
6 116
6 124
6 127
6 128
6 133
6 135
6 138
6 144
6 146
6 149
6 154
6 155
6 156
6 158
6 159
6 160
6 162
6 163
6 166
6 173
6 175
6 177
6 180
6 187
6 193
6 194
6 197
6 198
6 200
6 206
6 207
6 210
6 218
6 224
6 233
6 237
6 243
6 244
6 245
6 249
6 250
6 251
6 260
6 261
6 264
6 267
6 270
6 272
6 274
6 284
6 297
6 300
6 302
6 305
6 309
6 310
6 311
6 315
6 320
6 324
6 353
6 357
6 382
6 383
6 384
6 385
6 386
7 9
7 13
7 47
7 88
7 267
8 116
8 129
8 184
8 200
8 289
8 315
9 10
9 12
9 13
9 15
9 16
9 45
9 60
9 94
9 120
10 12
10 37
10 46
10 75
10 87
10 94
10 95
10 146
10 177
10 245
11 13
11 15
11 19
11 22
11 25
11 41
11 96
11 119
11 120
11 193
11 249
12 37
12 94
13 37
13 94
14 37
14 162
15 30
15 109
15 111
15 132
15 133
15 158
16 37
16 148
16 243
17 22
17 41
18 19
18 48
18 131
18 438
19 87
19 93
19 169
19 178
19 179
19 183
19 229
19 283
19 305
20 101
21 31
21 338
21 429
22 129
22 131
22 305
23 101
24 163
24 352
25 107
25 163
26 97
26 99
26 111
26 132
26 157
26 267
28 51
28 224
28 346
29 101
30 109
30 110
30 111
30 117
30 122
30 160
30 165
30 200
30 203
31 134
31 136
31 147
31 235
31 278
31 331
31 353
31 416
31 424
32 157
32 158
32 238
32 275
32 285
32 327
33 147
33 421
33 428
34 62
34 125
34 372
35 108
35 240
35 309
35 352
36 297
36 350
36 413
37 94
37 151
38 93
38 164
38 208
38 275
39 51
39 122
39 157
39 288
39 327
40 101
40 166
41 87
41 101
41 158
41 211
41 326
42 51
42 139
42 214
42 230
42 254
43 101
44 51
44 380
44 407
45 75
45 107
45 110
45 111
45 112
45 114
45 198
45 250
45 274
45 300
45 301
46 69
46 101
46 149
46 209
46 347
46 416
47 88
47 101
48 65
48 145
48 226
48 231
48 248
48 249
49 227
49 266
49 269
49 309
49 342
50 58
50 62
50 111
50 152
50 166
50 172
50 226
50 264
50 287
50 291
50 293
50 296
50 316
50 317
50 318
50 377
51 81
51 93
51 107
51 121
51 131
51 139
51 142
51 143
51 145
51 158
51 164
51 170
51 183
51 205
51 214
51 215
51 216
51 231
51 232
51 234
51 237
51 246
51 249
51 253
51 256
51 265
51 291
51 297
51 298
51 299
51 313
51 316
51 317
51 352
52 90
52 168
53 101
54 100
54 121
54 203
54 283
55 141
55 158
55 315
56 209
56 360
57 88
57 156
57 237
57 248
57 291
58 62
58 65
58 100
58 101
58 193
58 215
58 231
58 248
58 286
58 287
58 288
58 312
58 320
59 101
59 162
59 288
60 101
61 63
61 88
61 107
61 112
61 114
61 141
61 163
61 290
62 65
62 228
62 262
62 264
62 378
64 136
64 147
64 202
64 303
64 400
64 403
65 107
65 228
65 332
66 192
66 333
66 359
66 386
66 411
67 136
67 223
67 227
67 324
67 356
67 359
67 370
67 413
67 417
68 72
68 73
68 277
68 312
68 348
68 351
68 370
68 432
68 433
69 134
69 146
69 225
69 399
69 429
70 73
70 134
70 324
70 403
70 419
71 149
71 225
71 228
71 277
71 280
71 306
71 338
71 360
71 370
71 385
71 399
72 220
72 245
72 280
72 368
72 402
72 433
73 148
73 202
73 277
73 403
74 172
74 287
74 308
74 316
74 318
74 373
74 374
75 114
75 127
75 128
75 132
75 157
75 162
75 199
75 200
75 274
76 111
76 270
76 271
77 85
77 200
77 285
78 106
78 150
78 179
78 256
78 289
78 409
79 189
79 215
79 241
79 242
79 434
79 435
80 81
80 102
80 229
80 256
80 425
81 103
81 139
81 180
81 230
81 265
81 287
82 151
82 193
82 216
82 348
82 427
83 212
84 377
85 140
85 151
85 175
85 212
85 229
85 285
85 286
85 288
85 314
85 325
85 355
86 104
86 129
86 154
86 212
86 217
86 229
86 256
86 307
86 313
87 128
87 264
88 101
88 109
88 275
89 107
89 194
89 214
89 265
89 291
89 296
89 313
89 318
89 377
89 379
89 387
89 405
90 158
90 163
90 166
90 264
90 425
91 295
91 306
91 410
92 100
92 109
92 121
93 104
93 121
93 126
93 131
93 196
93 203
93 229
93 276
93 283
93 311
93 362
94 197
94 244
94 282
95 119
95 126
95 163
95 196
95 260
95 315
95 342
96 311
97 99
97 258
97 267
97 352
97 379
98 109
98 112
98 115
98 127
98 243
98 368
99 117
99 210
99 264
99 272
99 326
100 145
100 176
100 208
100 256
100 279
101 174
101 177
102 178
102 217
102 253
102 291
102 316
102 317
102 352
103 144
103 217
103 262
103 291
103 316
103 373
103 374
104 154
104 158
104 286
104 288
104 307
105 284
105 369
106 151
107 109
107 112
107 114
107 124
107 163
107 168
107 194
107 200
107 237
107 243
107 257
107 260
107 267
107 299
107 311
107 321
107 368
107 385
107 407
108 160
108 285
109 110
109 111
109 115
109 116
110 111
110 112
110 117
110 160
110 164
110 203
110 210
110 271
110 281
110 302
110 329
110 355
111 112
111 126
111 127
111 160
111 163
111 200
111 250
111 261
111 315
112 199
112 260
112 268
113 168
114 162
114 163
114 310
115 119
115 169
116 127
116 160
116 198
116 267
117 160
117 175
117 270
117 275
119 158
119 203
119 260
121 125
121 158
121 187
121 196
121 262
123 172
123 194
123 262
123 265
123 291
123 293
123 296
123 314
123 316
124 141
124 234
124 257
124 260
124 291
124 302
125 145
125 228
125 262
125 426
126 163
126 169
126 230
126 234
126 250
126 298
126 342
128 162
128 163
128 165
129 145
129 203
129 223
129 256
129 286
130 132
130 171
131 211
132 163
132 201
133 160
133 201
133 203
133 275
133 342
134 202
134 339
134 403
134 429
134 431
135 200
136 148
136 227
136 251
136 324
136 339
136 359
136 411
136 429
137 166
137 172
137 214
137 240
137 291
137 293
137 323
137 373
137 401
137 417
138 218
138 227
138 288
138 331
138 338
138 354
138 385
138 412
138 429
139 262
139 308
140 150
140 180
140 262
140 265
140 282
140 309
140 358
141 157
141 168
141 187
141 250
142 204
142 208
142 276
142 407
143 161
143 180
143 256
143 268
143 294
144 213
144 217
144 268
144 287
144 297
144 312
144 313
144 352
144 377
145 151
145 172
145 212
145 213
145 215
145 224
145 226
145 255
145 262
145 265
145 268
145 287
145 291
145 293
145 312
145 313
145 316
145 317
145 318
145 319
145 322
145 323
145 325
145 330
145 386
145 401
146 339
146 356
146 360
147 219
147 220
147 339
147 360
147 393
147 423
147 425
148 341
148 432
149 176
149 222
149 256
149 277
149 286
149 331
149 366
149 391
149 393
150 172
150 230
150 265
150 291
150 316
150 317
150 318
150 377
151 215
151 229
151 312
151 377
151 409
152 209
152 230
152 241
152 246
152 265
153 238
154 155
154 158
154 159
154 161
154 205
154 270
154 275
154 300
154 336
155 156
155 165
155 210
155 261
155 267
155 271
155 302
155 329
155 342
156 321
157 161
157 175
157 248
158 170
158 177
158 183
158 196
158 199
158 230
158 231
158 246
158 254
158 275
158 294
158 297
158 326
158 367
158 370
159 304
160 175
160 210
160 261
160 275
160 276
160 294
160 325
160 329
160 336
160 355
161 205
161 206
161 210
161 211
161 313
161 336
162 270
162 274
162 307
162 312
163 168
163 250
163 260
163 267
163 367
164 179
164 200
164 205
164 210
164 258
164 270
164 283
164 290
164 327
164 336
164 362
166 241
167 189
167 190
167 246
167 372
168 299
168 322
168 367
169 194
169 268
170 210
171 237
172 194
172 216
172 227
172 228
172 241
172 264
172 296
172 314
172 380
176 212
176 282
176 285
176 286
176 307
176 312
177 179
177 270
177 272
177 273
178 305
179 248
179 268
179 409
180 282
180 285
180 286
181 190
181 191
181 225
181 292
181 363
181 415
181 428
182 215
182 240
182 308
182 309
182 317
182 374
182 435
182 438
184 197
184 258
185 186
185 209
185 218
185 324
185 349
185 356
185 360
185 392
185 402
185 413
185 422
185 423
185 425
185 439
186 235
186 263
186 293
186 354
186 388
186 437
186 439
187 224
188 225
188 363
188 388
189 190
189 191
189 220
189 331
189 396
189 437
190 191
190 266
190 335
190 337
190 349
191 331
191 335
191 402
191 436
192 306
192 343
192 398
192 420
193 253
194 307
194 310
194 313
194 345
196 215
197 271
197 302
198 272
198 288
198 311
199 201
199 269
199 270
199 271
199 329
200 270
201 269
202 223
202 263
202 301
202 309
202 345
202 403
202 420
202 421
203 259
203 304
205 270
208 325
209 236
209 265
209 287
209 338
209 382
209 388
209 402
209 428
211 270
211 283
211 336
212 230
214 230
214 240
214 405
215 231
215 240
215 241
215 254
215 286
215 287
216 256
216 427
217 226
217 256
217 313
218 292
218 392
218 400
218 423
219 223
219 334
219 384
219 431
220 277
220 295
220 296
220 356
220 368
220 415
221 347
221 375
221 391
221 397
221 400
222 227
222 293
222 331
222 340
222 368
222 422
222 439
223 228
223 316
223 334
223 339
223 375
223 386
223 390
223 431
224 237
224 272
224 297
224 313
224 315
224 366
225 328
225 351
225 369
225 391
226 246
226 298
226 340
227 235
227 317
227 322
227 333
227 344
227 349
227 351
227 359
227 371
227 388
227 389
227 410
227 419
227 426
227 429
227 430
227 432
227 439
228 255
228 262
228 265
228 313
228 319
228 322
228 347
228 357
228 368
228 375
228 376
228 398
228 410
228 421
228 429
229 285
229 417
230 231
230 246
230 262
230 313
230 320
230 357
231 240
231 248
231 257
231 287
231 312
231 313
231 320
231 370
232 299
232 317
232 434
233 251
233 312
234 266
235 416
235 418
236 237
236 266
236 328
236 346
236 357
236 395
237 243
237 310
237 350
239 264
239 307
239 308
239 374
239 415
239 435
239 438
240 241
240 242
240 264
240 307
240 317
241 242
241 255
241 265
241 296
241 308
241 317
241 348
241 387
241 434
242 308
242 314
242 373
242 415
242 421
242 435
242 438
245 358
246 253
246 254
246 262
246 313
247 367
248 262
248 409
249 253
249 283
251 263
251 333
251 343
251 346
251 351
251 384
251 390
251 391
252 327
253 254
253 257
253 291
253 352
254 320
255 313
255 324
255 333
255 335
255 338
255 363
255 368
255 378
255 414
256 286
256 317
257 300
258 271
258 281
258 329
262 287
262 313
262 332
262 358
262 378
263 293
263 339
263 353
263 411
264 314
264 316
265 390
265 405
265 416
266 298
266 332
269 271
269 273
270 290
270 361
271 302
272 287
272 294
272 326
273 325
275 361
275 362
276 288
276 305
276 352
277 348
277 387
277 432
278 348
278 359
282 408
282 409
283 305
283 325
284 348
284 399
285 310
285 373
285 408
286 409
287 288
287 318
287 343
287 377
287 421
291 316
291 324
291 373
291 378
291 387
291 405
291 419
292 331
292 363
293 338
293 352
293 356
293 363
293 418
293 419
295 396
296 314
296 338
296 368
296 380
296 419
297 366
297 405
298 317
298 366
302 355
303 370
303 385
303 397
303 400
303 402
303 411
306 339
306 347
306 359
306 360
306 369
306 420
307 312
307 408
307 409
308 314
308 418
308 437
309 341
309 405
309 407
309 423
311 323
312 408
312 438
314 405
315 374
316 318
316 373
316 419
317 338
317 352
317 363
317 373
318 373
318 419
319 322
319 338
319 343
319 363
319 365
319 371
319 382
319 412
322 333
322 338
322 353
322 363
322 395
322 414
324 423
328 420
330 369
330 391
330 425
331 337
331 346
331 347
331 363
331 437
331 438
333 349
333 351
333 354
333 357
333 377
333 410
333 412
333 418
333 426
333 429
333 430
334 431
335 384
335 413
335 415
335 416
337 351
337 392
338 340
338 357
338 360
338 365
338 368
338 377
338 388
338 401
338 410
339 347
339 353
339 359
339 360
339 400
339 431
340 363
340 365
340 412
341 375
341 384
341 407
341 425
343 356
343 357
343 377
343 386
343 403
343 417
344 345
344 397
344 398
345 417
346 368
346 395
346 402
346 423
347 399
348 395
348 396
348 433
348 438
349 351
349 413
349 430
349 436
350 385
350 416
350 423
351 399
352 383
352 407
353 411
354 429
354 430
356 360
356 392
356 422
357 414
358 365
358 411
359 369
359 389
359 390
359 392
359 426
359 429
360 383
360 392
360 413
360 420
360 422
360 431
363 377
363 412
363 426
363 439
364 429
364 431
365 368
365 417
365 426
368 377
368 381
368 417
369 389
369 422
370 399
371 382
371 417
371 420
371 430
372 434
372 435
372 438
373 387
373 396
373 438
375 376
375 428
376 402
376 430
376 436
377 383
379 387
380 438
381 422
382 385
382 386
382 397
383 410
385 398
385 402
385 411
386 397
387 434
388 413
389 390
389 391
389 426
390 391
390 395
391 393
391 401
392 400
393 413
394 410
394 417
396 415
397 400
398 423
401 406
402 420
402 430
402 439
403 420
404 422
406 419
406 432
406 433
411 417
411 420
412 417
413 419
413 430
413 439
414 436
417 423
418 430
420 422
420 423
420 424
435 438
