455
1931
1 2
1 3
1 19
1 24
1 27
1 29
1 30
1 32
1 33
1 35
1 39
1 43
1 45
1 47
1 49
1 61
1 72
1 90
1 106
1 132
1 133
1 136
1 137
1 138
1 139
1 140
1 141
1 142
1 143
1 144
1 145
1 146
1 147
1 148
1 149
2 148
2 210
2 237
2 252
3 4
3 8
3 9
3 10
3 13
3 14
3 17
3 29
3 76
4 7
4 8
4 10
4 18
4 19
4 27
4 32
4 35
4 36
4 42
4 43
4 47
4 49
4 56
4 67
4 68
4 69
4 79
4 80
4 81
4 83
4 85
4 90
4 96
4 97
4 103
4 121
4 129
4 130
4 137
4 138
4 177
4 179
4 196
4 197
4 200
4 201
4 204
4 207
4 211
4 226
4 236
4 283
4 286
4 448
5 8
5 10
5 14
5 29
5 56
5 76
5 86
5 122
5 127
5 185
6 9
6 11
6 21
6 29
6 64
6 95
6 96
6 98
6 102
6 108
6 118
6 150
6 158
6 189
6 217
6 219
6 314
6 362
7 8
7 9
7 10
7 14
7 16
7 21
7 29
7 74
7 76
7 163
7 179
7 188
7 299
8 18
8 27
8 29
8 36
8 37
8 66
8 67
8 68
8 72
8 78
8 79
8 80
8 91
8 96
8 112
8 119
8 121
8 137
8 151
8 164
8 184
8 196
8 200
8 204
8 205
8 208
8 210
8 215
8 270
8 286
8 296
8 315
8 334
9 15
9 29
9 32
9 42
9 64
9 80
9 105
9 109
9 110
9 112
9 119
9 122
9 123
9 124
9 125
9 139
9 141
9 158
9 162
9 163
9 178
9 183
9 203
9 207
9 208
9 210
9 218
9 265
9 267
9 299
9 316
9 326
9 334
9 373
10 12
10 18
10 78
10 113
10 241
10 282
11 95
11 96
11 107
11 111
11 119
11 123
11 136
11 154
11 292
11 296
12 29
12 56
12 76
13 27
13 68
13 69
14 18
14 27
14 67
14 68
14 280
15 24
15 25
15 84
15 88
15 99
15 106
15 113
15 159
15 160
15 162
15 174
15 175
15 183
15 202
15 217
15 237
15 239
15 241
15 248
15 263
15 272
15 274
15 282
15 292
15 295
15 312
15 323
15 334
15 337
15 351
15 365
15 372
15 381
15 382
15 394
15 402
16 47
16 49
16 62
16 81
16 103
16 130
16 181
16 201
16 211
16 212
16 224
16 386
17 27
17 39
17 56
17 68
17 69
17 106
17 121
17 196
17 230
17 239
17 247
17 249
17 380
17 408
18 334
19 60
19 127
19 146
19 182
19 183
19 186
19 188
19 194
19 201
19 210
19 232
19 236
19 259
19 288
19 290
19 322
19 326
19 346
19 365
19 373
19 382
19 402
19 405
19 433
19 441
20 348
20 422
20 446
21 34
21 96
21 104
21 105
21 106
21 118
21 154
21 156
21 161
21 175
21 176
21 199
21 204
21 218
21 267
21 269
21 278
21 293
21 342
21 344
22 32
22 42
22 43
22 47
22 65
22 72
22 79
22 138
22 143
22 179
22 194
22 196
22 200
22 201
22 228
22 284
22 285
22 286
22 318
22 411
23 38
23 356
23 395
23 401
24 42
24 108
24 117
24 118
24 119
24 129
24 155
24 160
24 175
24 216
24 219
24 272
24 293
25 122
25 292
25 344
26 40
26 126
27 76
28 158
28 219
28 257
28 264
29 68
29 78
29 96
29 105
29 117
29 275
29 349
30 39
30 96
30 141
30 173
30 234
30 247
30 302
30 321
30 323
31 117
31 142
31 148
31 178
31 237
31 293
31 339
32 69
32 112
32 117
32 120
32 130
32 135
32 200
32 261
32 274
32 286
32 310
33 53
33 93
33 400
33 405
33 424
33 439
33 441
33 446
34 64
34 114
34 187
34 207
34 289
34 294
36 145
36 150
36 218
36 281
37 56
37 122
37 178
37 323
38 52
38 89
38 140
38 171
38 191
38 243
38 250
38 274
38 301
38 325
38 326
38 333
38 335
38 336
38 348
38 356
38 357
38 358
38 383
38 385
38 397
38 401
38 404
38 410
38 412
38 421
38 437
39 127
39 145
39 169
39 221
39 247
39 254
39 302
39 323
39 339
39 362
39 419
40 191
40 253
40 304
40 325
40 354
40 372
40 375
40 413
41 180
41 193
41 304
42 43
42 69
42 135
42 196
43 80
43 196
43 277
44 61
44 144
44 151
44 286
45 59
45 119
45 155
45 205
45 269
46 64
46 117
46 133
46 167
46 347
46 362
47 76
48 86
48 117
48 155
48 161
48 198
48 207
48 218
48 234
48 317
49 96
49 106
49 178
49 264
49 344
50 134
50 181
50 209
50 225
51 61
51 77
51 120
51 154
52 53
52 193
52 224
52 385
52 413
53 74
53 140
53 357
53 382
53 385
53 404
54 194
54 405
55 97
55 100
55 111
55 122
55 142
55 155
55 159
55 206
55 260
55 268
56 78
56 83
56 286
57 87
57 192
57 244
57 248
57 251
57 281
57 303
57 429
57 454
58 72
58 144
58 188
58 313
58 368
59 116
59 147
59 158
59 210
59 347
59 362
59 441
60 86
60 138
60 182
60 236
60 307
61 149
61 178
61 181
61 271
61 295
61 409
62 75
62 114
62 138
62 146
62 147
62 148
62 157
62 315
62 378
62 396
62 419
63 90
63 171
63 173
63 224
63 250
63 270
63 375
63 385
63 423
64 95
64 96
64 99
64 104
64 111
64 114
64 118
64 119
64 126
64 150
64 156
64 160
64 205
64 230
64 250
64 259
64 268
64 272
64 274
64 275
64 282
64 283
64 292
64 314
64 362
65 270
65 396
65 431
65 442
65 443
66 96
66 106
66 126
66 193
66 230
66 316
66 322
66 418
67 127
68 102
68 106
68 154
68 268
69 76
69 124
69 125
69 178
69 217
69 271
69 286
69 388
70 96
70 379
71 99
71 151
71 168
71 189
71 198
71 276
71 286
71 291
72 91
72 157
72 178
72 228
72 247
72 284
72 286
72 289
72 307
72 318
72 378
72 411
73 148
74 134
74 285
74 320
74 373
74 381
74 403
74 414
74 423
74 451
75 82
75 92
75 133
75 138
75 144
75 164
75 225
75 270
75 360
75 434
76 78
76 79
76 81
76 82
76 103
76 121
76 142
77 85
77 97
77 108
77 131
77 159
77 161
77 170
77 207
77 269
77 317
79 109
79 334
80 129
80 161
80 176
80 184
80 188
80 204
80 294
81 119
81 134
81 281
82 194
83 109
83 111
83 141
83 155
83 161
83 214
83 217
83 291
83 311
84 117
84 118
84 155
84 257
85 105
85 109
85 161
85 187
85 204
85 218
85 264
86 130
86 134
86 151
86 225
86 266
86 269
86 277
86 310
86 370
87 323
87 380
87 408
88 98
88 109
88 167
88 170
88 202
88 231
88 246
88 247
88 264
88 276
88 325
88 409
89 243
89 244
89 339
89 386
89 414
89 423
89 449
90 134
90 159
90 169
90 234
90 306
90 318
90 406
91 128
91 193
91 259
91 419
92 188
92 249
92 309
92 378
93 212
93 226
93 360
93 363
93 386
93 397
93 451
94 228
94 298
95 96
95 117
95 118
95 160
95 258
96 98
96 101
96 105
96 113
96 118
96 120
96 131
96 135
96 152
96 154
96 158
96 175
96 176
96 189
96 219
96 241
96 267
96 286
96 293
96 294
96 314
96 330
96 334
96 342
96 344
97 104
97 135
97 161
97 162
97 207
97 268
97 330
97 343
97 370
98 118
98 160
98 216
98 237
98 264
98 410
99 106
99 109
99 161
99 167
99 237
99 264
99 324
99 367
100 104
100 112
100 133
100 151
100 155
100 183
100 219
101 109
101 135
101 198
101 269
102 118
102 136
102 141
102 150
102 342
103 225
104 109
104 154
104 203
104 342
105 154
105 161
105 177
105 206
105 210
105 277
105 349
106 117
106 126
106 133
106 153
106 158
106 180
106 238
106 244
106 245
106 254
106 258
106 264
106 271
106 273
106 295
106 302
106 312
106 320
106 322
106 335
106 336
106 344
106 380
106 391
107 117
107 142
107 161
107 183
107 278
108 116
108 162
108 206
108 280
109 119
109 120
109 129
109 134
109 142
109 148
109 155
109 161
109 163
109 183
109 203
109 204
109 237
109 241
109 264
109 265
109 267
109 276
109 283
109 311
109 327
109 332
110 235
110 328
110 382
110 402
111 119
111 206
111 213
111 327
113 122
113 160
113 167
113 219
113 240
114 130
114 134
114 161
114 187
114 188
114 207
114 282
114 294
114 400
114 415
115 177
115 265
116 119
116 260
116 265
116 292
117 118
117 128
117 136
117 139
117 158
117 160
117 161
117 162
117 163
117 187
117 189
117 203
117 206
117 207
117 216
117 257
117 263
117 267
117 268
117 275
117 282
117 327
118 151
118 160
118 206
118 214
118 257
118 275
118 293
119 123
119 158
119 206
119 269
119 342
120 133
120 152
120 269
121 185
122 240
123 267
123 280
123 317
124 125
124 150
124 178
124 228
124 246
124 296
124 304
125 178
125 304
125 352
125 369
125 387
126 273
126 312
126 323
126 333
126 369
126 392
127 222
127 233
127 328
128 152
128 239
129 178
129 235
129 273
129 283
129 326
129 402
130 280
130 330
131 294
131 330
131 401
132 336
132 357
132 371
132 373
133 266
133 313
133 360
133 382
134 141
134 151
134 155
134 165
134 189
134 198
134 205
134 254
134 260
134 277
134 305
134 377
134 379
135 142
135 154
135 207
135 266
135 269
135 283
135 330
136 159
136 314
137 140
137 212
137 287
137 393
137 399
137 423
137 430
137 448
137 449
138 143
138 147
138 164
138 181
138 194
138 285
138 289
138 307
138 368
138 378
138 396
138 450
139 151
139 155
139 317
140 212
140 250
140 288
140 357
140 385
140 417
140 421
140 446
141 156
141 159
141 161
141 165
141 166
141 216
141 219
141 268
141 277
141 317
141 370
142 161
142 263
142 267
142 278
143 147
143 200
143 201
143 236
143 285
143 323
143 368
143 396
143 429
143 450
144 146
144 186
144 222
144 228
144 244
144 316
144 320
144 378
144 420
145 194
145 289
145 420
146 148
146 164
146 186
146 236
146 255
146 316
146 360
147 262
147 286
147 289
147 297
147 307
147 411
148 168
148 242
148 296
148 334
149 188
149 227
149 255
149 348
150 162
150 225
150 294
150 406
151 156
151 161
151 168
151 189
151 217
151 223
151 267
151 286
152 237
153 273
154 187
154 266
154 296
155 168
155 197
155 205
155 215
155 223
155 263
155 266
155 267
155 268
155 311
155 313
156 158
156 213
157 262
157 285
157 289
157 307
157 319
157 368
157 391
157 396
157 431
157 434
158 176
158 219
159 175
159 198
159 240
159 268
159 270
159 277
159 286
159 311
159 318
159 350
160 163
160 167
160 174
160 175
160 193
160 216
160 217
160 219
160 239
160 248
160 264
161 177
161 197
161 207
161 267
161 268
161 269
161 282
161 294
161 343
162 291
163 183
163 207
163 239
163 280
164 196
164 201
164 224
164 236
164 316
164 345
164 391
164 396
164 434
165 222
165 223
165 297
165 305
165 313
165 407
166 169
167 180
168 217
168 222
168 223
168 244
168 407
169 239
169 407
170 198
170 223
170 317
171 212
171 224
171 329
171 337
171 339
171 365
171 366
171 381
171 384
171 385
171 414
171 423
171 431
171 435
171 443
172 237
172 256
173 299
173 362
174 175
174 237
174 238
174 241
174 264
174 425
176 188
176 280
176 349
178 228
178 274
178 296
178 304
178 326
178 369
178 380
179 200
179 228
179 411
180 378
181 188
181 225
181 230
181 322
181 328
181 411
182 285
182 320
183 206
183 241
183 267
183 292
183 306
183 407
184 278
184 279
184 370
186 337
186 369
186 391
186 434
187 217
187 267
187 310
188 206
188 211
188 224
188 266
188 281
188 283
188 299
188 313
188 362
189 215
189 263
190 193
190 251
190 429
190 438
191 356
192 209
192 251
192 252
192 303
192 308
192 323
192 426
192 429
192 438
192 454
194 212
194 405
194 442
195 308
195 403
195 454
196 286
196 411
197 201
197 297
197 310
197 442
198 203
198 207
198 215
198 277
198 310
199 206
199 219
200 262
200 286
201 209
201 262
201 285
201 450
202 308
202 309
202 427
202 428
202 443
202 452
203 238
203 275
204 219
204 311
205 370
206 311
207 317
207 379
209 236
209 285
209 289
210 223
210 245
210 246
210 286
210 290
210 296
210 314
210 321
210 378
210 391
211 307
211 363
211 378
211 396
211 450
212 363
212 371
212 374
212 421
212 448
214 216
215 305
218 306
219 239
219 291
219 342
220 302
220 303
221 394
222 232
222 262
222 290
222 316
222 331
222 334
222 360
222 378
222 388
222 391
223 316
223 318
223 328
223 407
224 234
224 254
224 297
224 307
224 386
224 406
224 435
224 441
224 443
224 451
225 285
225 406
225 411
226 253
226 258
226 333
226 336
226 366
226 384
227 386
227 404
227 412
227 413
227 422
228 255
228 266
228 303
228 321
228 360
228 378
228 409
229 300
229 304
229 333
229 369
229 383
229 397
229 435
230 231
230 238
230 281
230 295
230 347
230 398
231 249
231 353
231 367
232 235
232 290
232 341
232 358
232 376
232 382
232 404
232 414
233 288
233 290
233 331
235 272
235 331
235 338
235 358
235 381
235 382
235 399
235 414
235 432
236 307
236 320
236 322
236 378
236 396
236 442
236 450
237 264
237 336
237 410
238 241
239 257
239 260
239 344
240 256
240 343
243 253
243 385
244 301
244 312
244 328
244 350
245 249
245 312
245 387
245 408
246 309
246 316
246 326
246 409
247 339
248 254
248 286
248 323
248 353
248 426
248 427
248 436
248 453
249 333
249 336
249 353
249 418
249 428
250 253
250 287
250 348
250 375
251 303
251 323
251 387
251 390
251 392
251 429
251 445
252 419
253 325
253 326
253 372
253 375
253 401
253 410
253 422
254 287
254 297
254 302
254 322
254 331
254 369
255 259
255 272
255 337
255 391
256 270
256 286
257 332
259 261
260 265
262 270
262 339
262 362
262 369
265 275
266 311
267 311
267 317
268 310
269 283
269 294
269 311
270 329
270 376
270 381
270 411
270 431
270 432
270 451
271 359
271 436
272 273
272 369
273 304
273 369
274 304
274 369
277 297
277 305
277 343
277 377
277 407
279 330
280 292
281 301
281 302
281 380
282 298
284 286
284 297
285 345
285 378
285 407
285 439
285 450
286 313
286 314
286 334
287 315
287 317
287 372
287 400
287 424
287 448
288 352
288 432
289 307
289 411
290 316
290 341
290 352
290 416
290 430
290 434
290 444
290 445
293 344
294 330
295 341
295 353
295 367
295 394
296 316
297 307
297 438
298 343
300 301
300 393
300 399
301 302
301 304
301 335
301 339
301 392
301 449
301 455
302 303
302 328
302 339
302 359
302 368
302 380
302 392
303 335
303 359
303 369
304 326
304 329
304 348
304 356
304 399
304 414
304 417
305 318
307 378
307 396
308 387
309 335
309 409
309 427
309 428
309 454
312 328
312 335
312 353
312 369
312 408
313 319
314 334
315 401
315 437
315 448
316 360
316 434
318 407
318 411
319 364
321 334
321 434
322 323
322 369
322 380
323 380
323 387
323 408
324 372
325 357
325 366
325 398
325 403
325 431
325 449
326 425
327 343
328 373
328 387
328 449
329 337
329 340
329 355
329 381
331 333
331 335
331 348
331 422
333 352
333 369
335 369
335 416
335 437
335 447
335 449
336 338
336 340
336 355
336 359
336 394
336 410
336 421
336 425
337 381
337 397
337 412
337 422
337 432
338 353
338 358
338 414
338 440
339 380
340 348
340 381
340 382
340 395
340 399
340 402
340 404
340 420
341 398
341 405
341 444
343 377
347 367
348 363
348 365
348 373
348 381
348 384
350 380
351 353
351 373
351 410
351 440
353 384
353 440
354 412
355 386
355 417
356 385
356 435
356 452
357 444
358 366
358 382
358 402
358 414
358 435
359 373
359 409
359 421
360 378
363 366
363 374
363 395
363 415
364 396
364 420
365 371
365 399
365 423
365 452
366 395
367 386
368 378
368 434
369 392
371 417
371 421
372 384
372 400
372 410
372 421
372 423
373 398
373 447
375 383
375 397
375 422
375 431
375 439
375 447
376 448
379 411
380 392
380 418
381 404
381 422
381 423
381 432
382 402
382 414
383 413
384 414
384 422
384 423
384 445
385 437
386 431
386 435
386 447
387 438
388 390
388 426
389 437
390 392
390 418
390 427
390 428
390 438
391 434
392 418
392 429
392 438
393 448
393 449
394 398
394 425
396 442
396 450
397 422
398 410
398 425
398 437
399 414
399 420
399 454
400 415
402 432
403 421
403 447
404 451
405 415
405 432
405 442
405 448
408 438
410 449
411 450
412 447
414 451
416 444
418 429
422 440
423 449
424 431
424 439
424 448
425 431
427 452
428 452
428 454
429 430
430 444
430 452
431 448
431 451
432 441
433 451
436 437
436 453
442 450
444 447
444 455
446 448
447 449
