457
1878
1 3
1 6
1 8
1 25
1 43
1 45
1 50
1 62
1 73
1 85
1 105
1 121
1 150
1 162
1 172
1 180
1 192
1 202
1 247
2 3
2 13
2 16
2 64
2 65
2 110
2 114
3 5
3 6
3 7
3 8
3 10
3 11
3 12
3 13
3 14
3 15
3 16
3 24
3 25
3 30
3 36
3 37
3 38
3 43
3 44
3 47
3 48
3 49
3 50
3 61
3 69
3 78
3 80
3 88
3 92
3 101
3 102
3 104
3 114
3 116
3 118
3 123
3 125
3 133
3 137
3 140
3 146
3 150
3 156
3 162
3 168
3 170
3 185
3 197
3 207
3 224
3 233
3 265
3 268
3 299
3 355
3 356
4 77
4 82
4 88
4 149
4 313
5 6
5 22
5 25
5 46
5 50
5 64
5 147
5 154
5 226
5 354
6 30
6 33
6 36
6 41
6 43
6 47
6 72
6 73
6 85
6 86
6 100
6 126
6 147
6 156
6 169
6 192
6 193
6 202
6 229
6 335
7 25
7 110
7 114
8 10
8 11
8 16
8 17
8 23
8 24
8 37
8 45
8 49
8 50
8 51
8 53
8 57
8 59
8 64
8 76
8 77
8 80
8 82
8 84
8 86
8 94
8 96
8 97
8 99
8 102
8 104
8 105
8 106
8 109
8 110
8 112
8 113
8 115
8 117
8 119
8 121
8 137
8 145
8 147
8 150
8 154
8 158
8 161
8 165
8 171
8 184
8 187
8 200
8 201
8 202
8 203
8 222
8 230
8 233
8 239
8 240
8 244
8 246
8 247
8 249
8 250
8 252
8 257
8 258
8 260
8 263
8 264
8 269
8 270
8 271
8 272
8 273
8 275
8 285
8 287
8 291
8 292
8 293
8 297
8 309
8 310
8 311
8 312
8 313
8 318
8 320
8 321
8 322
8 323
8 324
8 325
8 326
8 327
8 332
8 337
8 358
8 359
8 367
8 381
8 386
8 393
8 396
8 400
8 401
8 402
8 403
9 13
9 16
9 37
9 43
9 50
9 72
9 77
9 80
9 113
9 133
9 153
9 156
10 18
10 40
10 50
10 175
10 210
10 212
10 249
11 16
11 85
11 183
12 25
12 50
13 16
13 64
13 88
14 25
14 50
15 50
15 65
15 329
16 17
16 18
16 21
16 23
16 24
16 32
16 36
16 37
16 38
16 41
16 43
16 48
16 50
16 51
16 57
16 61
16 72
16 78
16 80
16 85
16 92
16 98
16 102
16 104
16 110
16 113
16 114
16 118
16 125
16 126
16 133
16 150
16 153
16 172
16 185
16 186
16 200
16 207
16 238
16 268
16 279
16 281
16 282
16 289
16 299
16 375
16 415
16 450
17 101
18 57
18 67
18 91
18 170
18 241
18 294
18 395
18 397
18 424
19 20
19 67
19 93
19 345
19 356
19 376
19 414
20 62
20 67
20 91
20 170
20 192
20 331
20 390
21 77
22 99
23 51
23 147
23 168
23 265
26 77
26 359
27 34
27 363
27 401
27 404
27 433
28 221
28 310
28 411
28 430
28 434
29 32
29 36
29 77
29 78
29 125
29 128
29 160
29 195
29 288
30 81
30 89
30 205
30 206
30 215
30 221
30 242
30 347
30 350
30 408
30 412
30 434
31 44
31 71
31 78
31 122
31 129
31 160
31 279
31 347
31 370
32 64
32 77
32 80
33 77
33 86
33 150
33 203
33 298
33 305
33 312
34 212
34 218
34 334
34 388
34 396
34 401
34 411
34 417
34 431
35 70
35 84
35 165
35 260
35 270
35 324
35 342
35 346
35 433
35 446
35 449
36 77
36 287
37 43
37 98
38 64
38 77
39 74
39 82
39 97
39 101
39 106
39 108
40 45
40 133
40 212
40 230
40 242
40 250
40 267
40 269
40 322
40 346
40 416
40 425
41 65
41 77
41 81
41 169
41 399
42 122
42 232
42 273
42 326
43 59
43 77
43 86
43 146
43 202
43 240
43 247
43 360
44 70
44 74
44 88
44 168
44 195
45 127
45 147
45 201
45 251
45 271
45 272
45 324
45 341
46 97
46 103
46 145
46 150
46 255
46 275
47 287
47 337
48 77
48 129
48 176
48 183
48 283
48 414
49 59
49 77
49 82
49 145
49 240
49 264
49 316
51 97
51 101
51 122
51 125
51 154
51 159
51 163
51 166
51 228
51 286
52 99
53 200
53 255
53 297
53 315
53 345
53 380
53 416
54 234
54 373
54 407
54 415
54 419
55 261
55 363
55 379
55 408
55 422
55 445
56 58
56 68
56 71
56 206
56 262
56 340
56 351
56 377
56 385
56 389
56 423
56 424
56 440
56 450
57 71
57 424
57 432
58 126
58 132
58 285
58 304
58 332
58 339
58 351
58 352
58 365
58 374
58 389
58 393
58 419
58 455
59 99
59 102
59 104
59 120
59 123
59 141
59 142
59 144
59 150
59 154
59 165
59 167
59 187
59 207
59 239
59 240
59 247
59 265
59 300
59 336
59 358
60 97
60 252
61 77
61 92
61 109
61 111
61 115
61 117
61 119
61 138
61 170
61 184
61 200
61 201
61 202
61 203
61 219
61 220
61 222
61 223
61 224
61 232
61 236
61 246
61 256
61 258
61 260
61 269
61 273
61 287
61 290
61 291
61 293
61 298
61 301
61 309
61 310
61 311
61 312
61 318
61 320
61 322
61 326
61 373
61 374
61 393
61 396
61 397
61 414
62 184
62 282
62 312
62 385
62 399
63 170
63 283
63 375
63 377
64 72
64 80
64 113
64 114
64 150
65 280
66 77
66 171
66 183
67 115
67 203
68 216
68 253
68 350
68 372
68 393
68 402
68 411
68 419
68 430
68 432
69 273
69 326
70 195
70 202
70 280
70 369
70 385
70 390
71 223
71 340
71 388
71 422
71 424
71 440
72 77
72 121
73 271
73 291
73 448
73 454
74 159
74 168
74 329
75 87
75 159
75 346
75 360
76 82
77 79
77 85
77 86
77 88
77 91
77 94
77 101
77 103
77 114
77 118
77 121
77 125
77 126
77 133
77 135
77 136
77 144
77 150
77 153
77 156
77 162
77 169
77 172
77 183
77 188
77 202
77 207
77 217
77 228
77 239
77 242
77 247
77 268
77 279
77 288
77 299
77 306
77 330
77 338
77 370
77 372
78 94
78 137
78 264
78 266
78 288
78 370
79 86
79 102
79 107
79 108
79 144
79 240
79 301
79 343
81 89
81 127
81 132
81 180
81 206
81 242
81 312
82 85
82 86
82 101
82 108
82 136
82 145
82 150
82 151
82 366
83 209
83 357
84 204
84 219
84 236
84 309
84 312
85 118
86 97
86 108
86 117
86 118
86 122
86 144
86 145
86 152
86 153
86 163
86 176
86 214
86 235
86 240
86 247
86 277
86 295
86 300
86 305
86 318
87 167
87 295
88 102
88 107
88 108
88 197
88 207
89 174
89 261
89 344
89 351
89 352
89 363
89 367
89 374
89 379
89 389
89 401
89 407
89 419
89 428
89 432
89 439
89 447
90 204
90 265
90 298
91 93
91 172
91 186
91 245
91 279
91 280
91 287
91 289
91 312
91 375
91 376
91 377
91 385
92 118
92 203
93 123
93 127
93 199
93 375
93 376
93 390
94 96
94 103
94 155
94 171
95 99
95 105
96 97
96 105
96 143
96 154
96 155
96 355
97 105
97 108
97 120
97 230
97 275
97 286
97 354
98 104
98 123
98 125
98 143
98 187
98 207
98 276
98 300
99 226
100 105
100 143
100 151
100 155
101 105
101 117
101 153
101 155
101 171
101 193
102 105
102 106
102 118
102 125
102 137
102 150
102 154
102 156
102 185
102 239
102 316
102 380
103 144
103 240
103 247
104 112
104 194
105 145
105 255
105 266
105 313
105 316
105 329
106 151
108 120
108 197
108 343
109 135
109 200
109 236
110 115
111 206
111 213
111 225
111 234
111 238
111 253
111 258
111 337
111 372
111 376
111 378
111 408
112 316
115 201
115 237
116 118
116 123
116 197
116 247
116 276
118 144
118 146
118 171
118 247
118 289
118 301
118 355
118 366
119 133
119 173
119 204
119 208
119 228
119 314
119 384
119 416
119 438
120 141
120 144
120 263
120 300
121 201
121 219
121 246
121 256
121 270
121 273
121 311
121 318
122 135
122 203
122 227
122 236
122 267
122 326
122 328
122 346
122 359
122 403
122 435
123 141
123 144
123 276
124 131
124 298
124 394
125 128
125 188
125 228
125 278
126 304
126 368
126 374
126 421
126 450
127 215
127 290
127 376
127 400
128 241
128 274
128 301
129 169
129 248
130 236
131 136
131 169
131 195
131 253
131 256
131 282
132 198
132 206
132 242
132 325
132 332
132 347
132 361
133 153
133 170
134 267
134 393
134 429
134 436
135 203
135 222
135 223
135 225
135 252
135 279
135 318
135 320
135 326
135 403
135 449
136 195
136 308
137 154
137 155
138 160
138 186
138 199
138 202
138 225
138 272
138 307
138 322
138 369
139 148
139 169
139 198
139 242
140 142
140 166
140 263
141 142
141 161
141 166
142 151
142 165
142 166
142 226
142 316
143 301
143 316
143 332
144 153
144 158
144 197
144 265
145 152
145 154
145 230
145 240
145 355
146 301
147 151
148 199
148 236
148 243
148 245
148 337
148 345
148 374
148 380
148 390
150 152
150 233
150 240
151 155
151 300
152 154
152 266
153 235
153 359
154 266
155 263
155 329
155 355
156 169
156 176
157 192
157 202
159 163
159 189
160 189
160 203
160 225
160 251
160 259
160 278
160 305
160 360
161 183
161 184
161 193
162 191
162 197
162 435
163 185
163 191
163 284
163 356
163 414
164 165
165 227
165 249
165 250
167 207
169 362
170 203
170 287
170 358
171 239
172 281
172 385
172 390
173 257
173 453
173 456
174 180
174 206
174 267
174 323
174 393
174 401
174 404
174 428
175 290
175 310
175 366
175 373
175 408
175 422
176 278
177 182
177 352
177 361
177 365
177 389
177 412
177 455
178 209
178 296
178 324
178 361
178 417
178 452
178 453
178 456
179 180
179 296
179 324
179 334
179 361
180 242
180 323
180 408
180 422
181 223
181 410
181 415
182 220
182 304
182 364
182 375
182 388
182 406
182 423
184 206
184 309
184 434
185 306
186 200
186 282
186 338
186 371
187 276
187 370
188 283
188 301
189 251
189 316
190 312
191 283
191 288
194 240
194 265
194 277
195 328
196 280
196 356
196 390
196 395
196 443
198 203
198 204
198 224
198 232
198 256
198 293
198 295
199 220
199 245
199 282
199 284
199 356
199 369
199 376
199 393
199 395
199 397
199 443
199 457
200 232
200 257
200 281
200 306
201 204
201 237
201 256
201 303
201 315
201 317
201 318
201 328
202 208
202 230
202 307
202 308
203 237
203 399
203 402
204 219
204 251
204 256
204 258
204 260
204 269
204 291
204 292
204 293
204 309
205 211
205 351
205 392
205 398
205 419
206 262
206 366
206 372
206 378
206 379
206 400
206 417
206 418
208 222
208 257
208 258
208 320
208 326
208 452
209 215
209 330
209 332
209 363
209 404
209 417
210 411
210 437
210 438
210 444
211 262
211 404
211 419
211 425
212 322
212 327
212 335
212 363
212 405
213 339
213 348
213 350
213 369
213 436
213 437
214 382
214 388
214 439
214 444
214 446
214 449
215 404
215 412
215 419
215 451
216 368
216 382
216 395
216 401
216 445
217 339
217 346
217 349
217 373
217 388
217 407
217 449
218 290
218 291
218 321
218 322
218 323
218 327
218 363
218 447
219 227
219 236
219 237
219 257
219 317
220 239
220 285
220 304
220 351
220 358
220 366
220 389
220 408
220 422
220 440
221 419
222 243
222 253
222 314
222 326
222 416
223 232
223 320
223 331
223 340
223 410
223 412
224 295
224 356
224 399
225 233
225 243
225 267
225 314
225 369
225 381
227 258
227 260
227 269
227 291
228 273
230 253
230 260
230 269
230 322
230 327
230 332
230 339
230 342
230 391
230 438
231 233
231 253
231 310
231 326
231 332
231 431
232 245
232 246
232 252
232 257
232 371
232 381
232 394
232 448
232 453
233 239
233 246
233 253
233 306
233 359
234 363
234 373
234 402
236 246
236 252
236 270
236 282
236 302
236 324
236 326
236 384
237 252
237 257
237 258
237 318
237 326
238 304
238 308
238 352
238 451
239 447
241 338
241 371
242 262
243 244
243 246
243 297
243 311
243 390
244 272
244 315
244 342
244 345
244 380
244 390
244 416
245 295
245 337
245 345
245 390
245 394
245 435
246 253
246 347
246 376
246 381
247 277
247 306
248 300
249 291
249 319
249 323
249 324
249 382
249 384
249 386
249 401
249 427
249 428
249 430
249 434
250 419
250 437
251 270
251 328
252 405
253 257
253 260
253 318
253 373
254 352
254 442
255 275
256 303
256 307
256 321
256 384
257 416
258 291
258 315
258 317
259 284
259 323
259 393
259 443
259 457
260 269
260 298
260 303
260 317
260 384
261 336
261 353
261 372
261 404
261 408
261 423
261 451
261 455
262 408
263 274
263 338
266 329
267 354
267 442
268 414
269 292
269 315
269 317
269 416
270 303
270 360
270 425
272 292
272 303
272 307
272 315
272 416
273 336
273 337
273 416
274 283
274 370
274 414
274 435
276 281
276 300
276 377
277 278
278 414
279 287
279 305
279 414
280 282
280 331
282 345
282 390
283 288
283 395
284 302
284 347
284 356
284 358
284 410
284 440
285 347
285 372
285 389
285 408
287 289
287 305
287 337
287 390
289 356
289 394
289 395
289 397
290 320
290 388
290 401
290 402
290 433
290 439
290 441
290 442
290 446
290 454
291 321
291 323
291 388
291 425
291 427
291 431
291 433
291 446
291 449
292 310
292 391
293 303
293 307
293 309
293 314
293 317
293 331
294 296
294 452
294 453
295 298
296 364
297 315
297 380
297 416
298 302
298 305
298 358
299 330
299 337
299 437
299 449
301 306
303 394
304 420
305 307
305 395
305 399
306 369
306 370
306 414
306 455
307 343
307 383
307 448
308 312
308 385
310 357
310 373
310 376
310 402
310 404
310 425
311 337
311 345
311 381
311 390
312 381
312 435
314 319
315 318
315 380
317 383
317 391
318 376
318 402
319 353
319 379
319 388
319 402
319 421
319 433
319 446
320 339
321 323
321 357
321 386
321 418
321 425
322 327
322 333
322 348
322 354
322 409
322 425
322 446
323 425
323 431
323 433
324 401
324 413
324 433
324 436
324 445
324 446
324 456
326 416
327 333
327 354
327 388
327 401
327 409
327 425
327 433
327 446
327 449
330 339
330 408
330 420
330 422
331 403
332 419
332 437
332 440
333 349
333 352
333 379
333 404
335 404
335 417
335 436
336 374
336 420
336 423
336 438
338 375
338 414
339 392
339 436
339 438
340 420
340 425
340 438
340 450
340 451
341 349
341 417
341 427
341 442
342 394
342 440
344 367
344 386
344 387
344 419
344 429
344 449
345 366
345 369
345 380
345 385
345 390
345 395
345 397
346 401
346 436
347 363
347 366
347 392
347 410
347 429
347 447
348 401
349 363
349 386
349 401
349 404
349 429
350 402
350 447
350 449
351 368
351 404
351 412
352 365
352 379
352 387
352 404
352 407
352 410
352 455
352 457
353 394
353 430
353 455
354 405
356 358
356 369
356 390
356 395
356 397
356 399
357 365
358 377
358 380
358 397
361 439
361 441
363 379
363 387
363 398
363 400
363 404
363 430
363 431
363 445
364 374
364 380
365 405
365 456
366 374
366 396
366 412
367 373
367 374
367 379
367 398
367 404
367 429
367 440
368 446
369 380
369 381
369 390
371 375
371 385
372 408
372 422
372 449
373 381
373 426
373 427
374 406
374 407
376 381
376 390
378 410
379 404
379 429
379 430
379 447
381 396
382 421
382 434
383 452
383 453
383 454
385 399
386 401
386 431
387 400
387 455
388 404
388 448
389 407
389 410
389 432
389 455
390 397
392 409
393 402
393 427
394 453
395 397
396 419
396 434
396 447
398 402
398 419
400 401
400 447
401 404
401 430
402 421
402 440
404 419
404 421
404 428
404 429
404 430
404 431
404 445
404 447
405 417
405 437
405 444
405 446
405 452
405 453
406 443
406 457
407 422
407 424
408 422
408 426
408 440
409 422
409 438
410 415
410 429
410 440
411 419
411 429
411 447
412 413
412 432
413 432
415 440
417 428
417 447
418 437
419 436
420 441
420 446
422 426
422 440
424 457
426 450
428 447
428 454
431 447
432 451
433 436
433 445
433 448
436 444
436 456
438 451
439 446
439 447
441 446
442 444
446 456
448 449
451 455
