485
2009
1 5
1 9
1 10
1 90
1 91
1 92
2 5
2 13
2 25
2 32
2 42
2 43
2 48
2 49
2 51
2 54
2 77
2 79
2 85
2 87
2 89
2 109
2 111
2 114
2 139
2 154
2 172
2 206
2 220
2 231
2 265
2 266
2 267
2 268
2 269
3 75
3 105
3 107
3 161
3 215
3 290
3 296
4 10
4 31
4 91
4 122
4 182
5 7
5 13
5 25
5 29
5 31
5 32
5 37
5 54
5 66
5 76
5 87
5 93
5 98
5 104
5 114
5 116
5 118
5 129
5 130
5 142
5 169
5 184
5 198
5 213
5 224
5 233
5 241
5 265
5 269
5 323
5 339
5 346
5 361
5 367
6 104
6 119
6 159
7 9
7 10
7 11
7 15
7 25
7 32
7 41
7 75
7 81
7 93
7 97
7 99
7 116
7 123
8 14
8 25
8 50
8 289
8 328
9 13
9 19
9 22
9 23
9 25
9 26
9 31
9 32
9 35
9 37
9 38
9 42
9 43
9 48
9 49
9 53
9 54
9 81
9 82
9 91
9 93
9 104
9 108
9 114
9 117
9 135
9 169
9 187
9 190
9 195
9 206
9 212
9 224
9 276
10 13
10 14
10 22
10 23
10 25
10 26
10 29
10 31
10 32
10 34
10 35
10 36
10 37
10 38
10 40
10 42
10 43
10 44
10 46
10 48
10 50
10 51
10 53
10 54
10 59
10 60
10 77
10 78
10 81
10 87
10 89
10 98
10 101
10 102
10 109
10 111
10 117
10 118
10 134
10 135
10 145
10 150
10 152
10 153
10 155
10 156
10 157
10 168
10 187
10 190
10 193
10 195
10 202
10 206
10 213
10 219
10 222
10 231
10 249
10 267
10 269
10 272
10 280
10 302
10 311
10 320
10 322
10 323
10 336
10 343
10 346
10 349
10 352
10 460
11 23
11 42
11 43
11 54
11 123
11 135
11 139
11 186
11 226
13 15
13 40
13 99
13 123
13 212
13 216
14 104
14 116
14 212
14 330
15 37
15 40
15 48
15 70
15 87
15 134
15 135
15 145
15 218
15 221
15 224
16 19
16 42
16 54
16 59
16 67
16 77
16 134
16 158
16 211
16 212
17 61
17 77
17 164
17 192
17 277
17 279
17 295
18 74
18 225
18 228
18 304
18 329
18 378
18 436
18 443
19 20
19 51
19 119
19 149
19 192
19 198
19 219
19 261
19 303
19 390
20 61
20 75
20 111
20 140
20 153
20 160
20 191
20 192
20 300
20 341
20 344
20 395
21 39
21 69
21 77
21 226
23 40
23 89
23 97
23 267
24 244
24 333
24 385
24 426
24 460
24 485
25 55
25 77
25 99
25 153
25 254
26 31
26 69
27 153
28 33
28 153
28 214
28 249
28 275
28 322
28 323
28 327
29 108
29 119
29 127
29 278
29 426
30 62
30 63
30 66
30 73
30 84
30 85
30 137
30 209
30 230
30 293
30 313
30 365
30 385
30 415
30 458
31 69
31 93
31 119
31 129
31 169
31 170
31 277
32 99
32 212
33 152
33 154
33 235
33 237
33 253
33 445
33 454
34 80
34 89
34 162
34 276
34 288
35 59
35 67
35 69
35 114
35 123
35 190
35 241
36 230
36 375
36 382
36 458
37 69
37 123
38 39
38 89
38 99
38 331
38 335
39 129
39 166
40 41
40 44
40 46
40 55
40 58
40 89
40 92
40 98
40 99
40 103
40 104
40 108
40 114
40 122
40 123
40 139
40 160
40 162
40 163
40 171
40 175
40 183
40 198
40 226
40 270
40 285
40 329
40 352
41 104
41 140
41 261
41 276
41 283
41 325
41 353
42 69
42 72
42 111
42 123
42 176
42 250
42 356
43 69
43 122
43 166
43 274
43 290
44 75
44 89
44 104
44 119
44 123
44 151
44 189
44 218
44 227
44 252
44 346
45 70
45 120
45 124
45 125
45 128
45 130
45 254
45 323
45 334
46 89
46 104
46 116
46 324
46 349
47 56
47 72
47 111
47 123
47 174
47 220
47 241
47 255
47 302
47 354
47 367
47 426
48 99
48 339
49 195
49 319
49 449
50 58
50 114
50 247
50 259
50 302
50 348
51 290
51 388
52 87
52 118
52 119
52 143
52 151
52 156
52 165
52 198
53 69
53 81
53 115
53 240
54 57
54 61
54 176
54 322
55 89
55 301
55 310
55 330
55 338
56 124
56 128
56 130
56 138
56 152
56 153
56 238
56 244
56 247
56 323
56 329
56 330
57 65
57 125
57 175
57 193
57 247
57 299
58 185
58 286
58 348
59 69
59 73
59 74
59 94
59 155
59 240
60 71
60 140
60 146
60 245
60 259
60 302
60 305
61 70
61 86
61 152
61 155
61 170
61 198
61 234
62 211
62 432
63 132
63 137
63 228
63 366
63 374
63 398
63 415
64 97
64 225
64 262
64 290
64 304
64 392
64 393
64 411
64 433
64 442
64 443
64 447
65 85
65 97
65 145
65 148
65 331
65 405
65 432
66 68
66 97
66 193
66 202
66 233
66 268
66 302
66 376
66 400
66 422
67 211
67 228
67 346
67 385
67 467
67 469
68 73
68 202
68 209
68 233
68 313
68 363
68 376
69 117
69 129
69 134
69 166
69 187
69 190
69 197
69 202
69 206
69 213
70 125
70 126
70 130
70 279
70 294
70 323
70 347
70 406
70 407
71 149
71 152
71 153
71 185
71 190
71 269
71 329
71 335
72 89
72 103
72 120
72 125
72 130
72 191
72 247
72 309
72 310
72 386
72 449
73 82
73 132
73 202
73 231
73 343
73 347
73 430
73 478
74 94
74 111
74 194
74 234
74 447
75 109
75 113
75 173
75 185
75 224
75 227
75 292
75 297
75 321
75 329
75 336
75 340
76 169
76 269
76 299
77 89
77 101
77 176
78 79
78 91
78 98
78 103
78 115
78 144
78 181
78 356
78 471
79 91
79 114
79 123
79 150
79 168
79 181
79 253
80 171
80 335
80 356
81 99
81 115
81 323
82 85
82 101
82 365
82 387
82 403
82 479
82 485
83 133
83 293
83 393
84 103
84 202
84 238
84 312
84 316
84 368
84 410
84 417
84 456
85 103
85 248
85 262
85 306
85 431
86 217
86 252
87 99
87 111
87 117
87 123
87 144
87 153
87 156
87 176
87 329
88 124
88 168
88 244
88 247
88 264
88 323
88 324
88 457
89 98
89 104
89 114
89 144
89 160
89 161
89 162
89 168
89 183
89 219
89 244
89 273
89 276
89 281
89 353
89 354
89 415
90 113
90 182
90 270
91 93
91 98
91 280
91 454
92 93
92 226
93 220
93 280
93 291
93 353
93 444
94 194
94 217
94 228
94 234
94 341
95 97
95 451
95 467
96 207
96 282
96 312
96 333
96 407
96 416
96 476
97 100
97 131
97 132
97 133
97 137
97 148
97 151
97 230
97 233
97 243
97 268
97 282
97 284
97 364
97 376
97 403
97 405
97 440
97 466
97 472
97 474
98 114
98 119
98 141
98 175
98 181
98 303
100 102
100 139
100 149
100 176
100 214
100 232
100 247
100 269
100 287
100 322
101 362
101 400
101 404
101 455
101 460
101 465
102 176
103 116
103 120
103 141
103 175
103 198
103 304
103 386
103 393
103 447
104 112
104 113
104 114
104 159
104 160
104 161
104 163
104 164
104 166
104 183
104 188
104 189
104 199
104 216
104 220
104 224
104 227
104 261
104 269
104 270
104 280
104 285
104 307
104 340
105 172
105 193
105 303
106 215
106 270
107 134
107 172
107 215
107 218
107 290
107 292
108 112
108 214
108 216
108 292
109 192
110 251
111 114
111 120
111 124
111 125
111 126
111 127
111 128
111 130
111 142
111 144
111 146
111 197
111 213
111 229
111 234
111 238
111 244
111 247
111 274
111 279
111 287
111 294
111 310
111 319
111 323
111 329
111 330
111 333
111 335
111 338
111 341
111 343
111 368
111 382
111 386
111 425
112 165
112 175
112 221
112 307
112 395
113 161
113 227
113 272
113 339
114 123
114 141
114 162
114 168
114 175
114 181
114 189
114 251
114 257
114 265
114 273
114 318
114 347
114 415
115 116
115 169
115 259
115 321
116 160
116 171
116 178
116 179
116 220
116 223
116 224
116 227
116 278
116 280
116 283
116 336
116 349
118 123
118 153
118 175
118 291
119 139
119 163
119 181
119 218
119 224
119 339
120 141
120 157
120 198
120 237
120 241
120 301
120 323
120 335
120 368
121 125
121 126
121 199
121 233
121 246
121 249
121 278
121 282
121 347
121 364
121 397
121 407
121 415
121 423
121 430
122 137
122 169
122 174
122 175
122 188
122 307
122 389
123 139
123 142
123 164
123 217
123 249
123 344
123 346
123 364
123 454
124 125
124 126
124 142
124 146
124 150
124 241
124 249
124 275
124 317
124 332
124 368
125 130
125 150
125 153
125 241
125 323
125 343
125 367
125 372
125 407
126 146
126 155
126 194
126 229
126 274
126 420
126 472
127 135
127 158
128 150
128 245
128 247
128 249
128 263
128 271
128 323
128 332
128 396
128 445
128 461
130 150
130 220
130 236
130 241
130 247
130 249
130 263
130 367
130 461
131 200
131 209
131 282
131 322
131 326
131 366
131 368
132 365
132 372
132 377
132 413
132 455
132 482
133 209
133 233
133 248
133 262
133 331
133 362
133 447
133 480
134 164
134 176
134 218
134 380
136 159
136 163
136 170
136 297
137 268
137 287
137 343
137 373
137 385
137 401
137 476
138 244
138 413
138 424
138 484
139 176
139 180
139 217
139 221
139 283
139 356
140 176
140 181
140 275
140 323
140 377
140 427
140 442
141 272
141 328
142 234
143 151
143 246
143 389
143 407
143 430
144 168
144 241
144 341
144 392
145 240
145 248
145 351
145 407
145 415
145 442
145 460
145 462
145 465
145 485
146 157
146 248
146 275
146 311
146 323
146 326
147 246
147 308
147 361
147 366
147 372
147 399
147 433
147 453
147 462
147 466
148 231
148 264
148 333
148 404
148 416
148 423
148 481
149 180
149 185
149 186
149 214
149 219
149 221
149 232
149 269
149 299
150 176
150 187
150 238
150 310
150 323
150 343
150 344
151 228
151 244
151 269
151 298
151 345
151 350
151 367
151 371
151 372
151 373
151 376
151 383
151 389
151 399
151 400
151 407
151 419
151 428
151 431
151 435
151 447
152 196
152 201
152 219
152 231
152 234
152 273
152 319
152 357
152 382
153 169
153 185
153 323
153 329
154 234
154 240
154 256
155 287
156 190
156 252
157 275
157 323
158 194
158 279
158 329
158 374
159 185
159 186
159 216
159 252
159 270
160 188
160 261
160 285
160 340
161 199
161 269
161 296
161 356
162 163
162 183
162 184
162 261
162 281
162 349
162 353
163 184
163 307
164 296
165 173
165 175
166 172
166 221
166 290
167 212
167 224
167 339
167 357
168 181
168 273
169 226
170 171
170 311
170 349
171 270
171 288
171 344
172 222
172 277
172 290
172 296
173 218
174 238
174 256
174 274
174 283
174 294
174 305
174 323
174 329
174 335
174 357
174 358
174 368
175 198
175 282
176 197
176 202
176 213
176 219
176 231
176 274
177 296
178 337
178 354
180 183
180 216
180 281
181 253
181 257
181 259
181 275
181 295
182 219
182 252
182 292
183 280
183 299
184 189
185 186
185 252
185 281
185 390
186 193
186 212
186 216
186 219
186 252
186 352
186 356
187 197
188 189
188 288
188 353
190 219
190 226
191 234
191 396
192 196
193 252
193 299
194 213
194 228
194 234
194 250
195 211
195 366
195 448
196 274
196 357
196 390
198 281
199 218
199 219
199 224
200 233
200 331
200 427
200 434
200 450
200 456
200 484
201 210
201 310
201 335
201 342
201 410
201 481
202 448
202 456
202 459
203 205
203 360
203 468
203 482
204 359
204 373
204 422
204 468
205 210
205 424
205 481
206 234
206 294
206 301
206 319
206 323
206 410
207 210
207 242
207 342
207 381
207 422
207 438
207 473
207 475
207 482
208 210
208 312
208 345
208 455
208 476
208 477
209 376
209 446
209 448
209 469
210 312
210 337
210 346
210 457
210 484
210 485
211 306
211 351
211 363
211 376
211 405
211 432
211 447
211 448
211 468
212 290
213 228
213 232
213 250
213 374
214 230
214 231
214 235
214 273
214 327
214 382
215 290
215 292
215 296
215 471
216 232
216 251
216 252
216 280
216 299
216 454
217 472
219 252
219 278
219 303
219 335
219 355
220 244
220 310
221 262
222 226
223 355
223 388
224 227
224 415
225 363
226 269
228 234
228 304
228 350
228 351
228 363
228 429
229 236
229 263
229 427
230 360
230 375
231 235
231 260
231 273
231 317
231 327
231 418
231 472
232 252
232 300
232 445
233 262
233 333
233 424
233 447
234 396
235 247
235 317
235 325
236 263
236 310
236 323
236 341
237 244
237 298
237 432
238 263
238 271
238 323
238 426
238 447
239 384
239 399
239 408
239 415
239 435
239 449
240 259
240 263
240 300
240 301
240 313
240 445
241 247
241 274
241 278
241 279
241 287
241 323
241 329
241 330
241 410
242 422
242 463
242 466
242 473
243 309
243 323
244 249
244 263
244 267
244 271
244 333
244 444
245 247
245 310
245 323
245 330
245 338
246 282
246 407
247 271
247 323
247 395
248 304
248 373
248 382
248 385
248 386
248 430
248 436
248 449
249 279
249 305
249 405
249 464
252 390
253 454
254 281
254 309
254 334
254 335
255 273
255 309
255 334
255 338
255 373
256 273
256 281
256 325
256 358
257 308
257 324
257 410
258 287
258 327
258 335
258 386
258 436
259 471
260 280
260 317
260 350
261 270
261 328
261 358
262 279
262 315
262 380
262 447
262 479
262 480
263 310
263 331
264 354
264 445
264 457
264 473
264 475
265 276
266 310
266 323
266 410
267 278
267 326
267 330
267 409
268 305
268 331
268 364
268 380
268 384
268 408
268 427
268 433
269 412
269 414
271 301
271 330
271 333
271 338
272 431
273 281
273 286
273 309
273 310
273 325
273 336
273 358
274 302
274 396
275 278
275 302
275 323
276 353
277 292
277 297
277 349
279 323
279 350
279 372
279 419
280 288
281 285
281 288
281 297
281 354
281 358
281 390
282 298
282 315
282 389
282 397
282 430
284 313
284 353
284 358
284 369
284 415
284 426
286 358
287 291
287 329
287 350
287 356
288 340
288 352
288 353
288 408
289 328
290 292
290 311
290 348
291 295
291 468
292 297
292 348
292 355
292 471
293 308
293 350
293 372
293 384
293 429
294 396
295 321
295 391
296 391
296 394
297 348
298 373
298 389
298 404
298 419
298 432
300 480
301 305
301 319
301 421
301 464
302 311
302 313
302 327
302 447
302 467
304 306
304 351
304 372
304 413
304 428
304 432
304 446
304 469
305 314
305 323
305 372
305 383
305 425
306 385
306 400
306 443
306 448
306 469
306 479
308 309
308 318
308 354
308 367
308 392
309 323
309 334
309 345
309 396
309 445
310 319
310 326
310 330
310 332
310 367
310 396
310 444
310 445
310 461
311 348
311 445
312 346
312 364
312 456
312 482
313 363
313 383
313 402
313 465
313 474
314 370
314 375
314 414
314 459
314 482
315 368
315 381
316 375
316 378
316 459
316 463
317 323
317 343
317 405
318 403
318 431
319 323
319 330
319 332
319 421
319 444
319 461
320 400
320 431
320 469
322 323
323 332
323 334
323 367
323 368
323 372
323 444
323 445
323 461
323 478
324 328
324 346
324 457
327 447
329 357
329 428
329 472
330 444
330 461
331 387
331 389
331 403
331 427
331 453
332 333
332 338
332 414
332 416
332 483
333 347
333 381
333 405
333 424
333 426
333 444
333 452
333 468
334 367
334 409
334 410
334 426
334 475
335 368
335 403
335 464
335 473
335 475
335 478
336 353
337 437
338 345
338 351
338 445
338 485
341 374
341 418
341 448
341 472
342 410
342 445
342 473
342 475
343 364
343 368
345 407
345 415
347 385
347 397
347 430
347 462
349 355
350 425
350 433
350 436
350 470
351 374
351 432
356 470
357 395
357 428
359 364
359 422
359 424
359 458
359 465
359 470
359 473
361 377
361 402
361 468
362 365
362 376
362 380
362 402
362 407
362 438
362 463
363 392
363 422
363 443
364 427
364 451
364 462
364 477
364 478
364 484
365 379
365 402
365 427
366 385
366 427
366 430
367 412
367 416
368 382
368 384
368 385
368 427
369 376
369 384
369 418
369 480
370 409
370 414
370 483
371 383
371 400
371 467
372 385
372 386
372 389
372 433
372 435
372 436
372 449
373 389
373 408
373 432
373 450
375 455
375 476
376 384
376 387
376 468
377 381
377 404
377 405
378 414
378 428
378 478
378 481
379 402
379 438
379 465
380 383
381 450
382 386
382 427
382 449
383 384
383 385
383 470
384 392
384 393
384 468
384 469
385 404
385 415
385 431
385 453
386 470
387 397
389 397
392 413
392 423
392 431
392 433
392 452
396 416
397 406
397 407
397 415
398 455
398 467
400 431
401 438
402 407
402 438
402 478
403 424
405 455
405 463
405 475
406 430
407 415
410 426
410 457
410 481
411 438
411 449
411 464
412 459
412 473
412 475
414 459
415 422
415 430
415 447
415 466
415 478
416 417
416 483
416 484
417 455
417 458
422 434
422 450
422 468
422 469
422 473
423 433
423 456
425 470
426 477
427 453
427 469
428 436
428 439
428 442
428 443
428 469
430 453
432 436
437 441
437 450
438 449
438 462
439 443
442 446
442 480
446 479
448 467
451 455
451 482
451 484
452 474
455 459
455 482
456 484
457 458
457 459
457 473
457 475
457 481
458 476
458 481
460 470
460 485
466 485
467 480
468 470
470 474
473 475
473 481
475 476
475 481
476 477
477 482
484 485
