473
1967
1 2
1 3
1 5
1 10
1 22
1 32
1 44
1 68
1 78
1 79
2 4
2 6
2 7
2 8
2 11
2 12
2 13
2 14
2 15
2 80
2 204
2 211
2 265
3 4
3 6
3 7
3 12
3 13
3 14
3 15
3 16
3 34
3 245
4 5
4 8
4 9
4 10
4 15
4 19
4 22
4 31
4 32
4 36
4 39
4 46
4 47
4 55
4 70
4 75
4 116
4 137
4 147
4 158
4 163
4 184
4 186
4 188
4 204
4 205
4 207
4 218
4 228
4 233
4 341
5 6
5 7
5 8
5 11
5 12
5 13
5 14
5 15
5 16
5 57
6 10
6 14
6 16
6 18
6 19
6 32
6 57
6 70
6 80
6 105
6 110
6 116
6 248
7 14
7 22
7 30
7 46
7 47
7 55
7 105
7 116
7 128
7 156
7 177
7 184
7 205
7 207
7 270
7 308
7 312
8 10
8 23
8 50
8 142
8 192
8 193
8 254
8 282
9 73
9 88
9 106
9 111
9 139
9 283
9 321
10 11
10 13
10 14
10 15
10 50
11 31
11 213
12 14
12 19
12 30
12 32
12 34
12 36
12 47
12 49
12 50
12 51
12 66
12 70
12 73
12 85
12 92
12 108
12 110
12 116
12 122
12 128
12 132
12 163
12 187
12 189
12 207
13 14
13 54
13 67
13 80
13 105
13 187
13 193
13 389
14 15
14 16
14 116
14 169
15 19
15 27
15 32
15 70
15 90
15 100
15 110
15 116
15 128
15 167
15 187
16 19
16 32
16 46
16 70
16 116
16 163
16 187
16 282
17 24
17 31
17 58
17 73
17 116
17 143
18 38
18 68
18 73
18 92
18 106
18 156
18 215
18 253
20 124
20 137
20 197
20 205
20 259
21 123
21 233
21 294
21 398
21 429
22 78
22 80
22 169
22 255
22 294
22 389
23 54
23 155
23 184
23 284
23 354
24 73
24 84
24 263
24 271
25 136
25 433
26 43
26 50
26 76
26 272
26 281
26 346
26 447
26 449
27 42
27 73
27 85
27 140
27 152
27 177
27 186
27 239
27 301
27 342
28 440
29 107
29 198
29 269
29 285
29 336
29 341
29 343
29 386
29 417
29 437
29 442
29 444
29 449
30 73
30 120
30 140
30 174
30 192
30 207
30 268
30 345
31 73
31 74
31 174
31 193
31 220
31 341
31 411
33 50
33 54
33 73
33 269
33 330
33 334
33 341
33 360
33 371
33 411
33 430
34 55
34 113
34 234
34 309
34 344
35 74
35 118
35 173
35 206
35 227
35 291
37 111
37 227
37 237
37 270
37 289
37 429
38 76
38 135
38 150
38 168
38 204
38 205
38 347
39 128
39 184
40 54
40 118
40 169
40 294
40 429
41 303
42 73
42 74
42 87
42 92
42 101
42 126
42 128
42 140
42 190
42 207
42 212
42 215
42 267
42 270
42 311
42 342
42 345
42 351
43 48
43 73
43 147
43 192
43 199
43 219
43 260
43 269
43 378
44 147
44 209
44 210
44 227
45 48
45 68
45 97
45 118
45 165
45 226
45 277
45 281
45 406
45 410
45 430
46 171
47 81
47 135
47 453
48 107
48 113
48 225
48 269
48 280
48 301
48 309
48 315
48 337
48 344
48 351
49 56
49 73
49 158
49 254
49 308
49 393
50 51
50 54
50 64
50 67
50 70
50 75
50 83
50 110
50 113
50 115
50 116
50 122
50 127
50 132
50 137
50 148
50 149
50 156
50 164
50 234
50 248
50 249
50 255
50 258
50 269
50 272
50 281
50 299
50 309
50 315
50 330
50 331
50 339
50 344
50 395
51 54
51 73
51 148
51 212
52 138
52 198
52 200
52 221
52 343
52 356
52 357
53 169
53 201
53 293
53 457
53 466
53 468
54 63
54 73
54 82
54 92
54 96
54 106
54 111
54 115
54 128
54 132
54 141
54 143
54 149
54 158
54 165
54 175
54 203
54 213
54 214
54 216
54 217
54 219
54 235
54 252
54 255
54 262
54 269
54 271
54 314
54 316
54 325
54 331
54 348
54 352
54 354
54 360
54 371
54 468
55 131
55 221
55 269
55 281
55 339
56 73
56 179
56 254
56 270
56 295
57 70
57 73
57 78
57 108
57 110
57 116
57 136
57 205
57 212
57 233
57 270
57 290
57 293
57 296
57 331
58 73
58 171
58 235
59 278
59 306
59 392
59 412
59 422
59 453
59 463
60 125
60 247
60 366
60 381
60 401
60 428
61 275
61 293
61 368
62 221
62 222
62 262
62 275
62 278
62 307
62 356
62 392
62 401
62 420
62 423
62 436
62 468
63 89
63 218
63 262
63 297
63 323
63 325
64 73
64 150
64 155
64 216
64 230
64 264
65 73
65 108
65 111
65 179
65 351
66 178
66 211
66 221
66 223
66 249
66 281
66 287
66 337
66 339
66 416
67 73
67 112
67 113
67 317
67 344
68 178
68 225
68 277
68 326
68 344
69 73
69 128
69 132
69 144
69 165
69 175
69 211
69 216
69 229
69 238
69 354
71 72
71 91
71 111
71 142
71 164
71 270
71 312
72 137
72 144
72 185
72 254
72 270
73 80
73 83
73 85
73 87
73 90
73 92
73 94
73 95
73 96
73 99
73 100
73 102
73 103
73 104
73 115
73 120
73 133
73 137
73 143
73 150
73 151
73 159
73 161
73 163
73 167
73 175
73 177
73 186
73 192
73 207
73 216
73 217
73 221
73 230
73 250
73 252
73 262
73 264
73 314
73 318
73 321
73 322
73 331
73 348
73 351
73 352
73 355
73 369
73 390
74 92
74 140
74 165
74 204
74 207
74 239
74 268
75 92
75 128
75 144
75 161
75 165
75 321
75 367
76 136
76 147
76 169
76 209
76 290
76 294
76 298
76 320
77 79
77 325
77 460
77 467
78 124
78 206
78 229
78 360
79 261
79 272
79 278
79 421
79 427
79 454
79 457
79 463
79 468
80 110
80 112
80 115
80 130
80 163
80 170
80 204
80 228
80 234
80 262
80 264
80 266
81 116
81 163
81 217
82 123
82 223
82 271
82 448
83 92
83 128
83 139
83 140
83 165
83 192
83 216
83 242
83 267
83 277
83 287
83 333
84 108
84 159
84 167
85 92
85 167
85 345
86 92
86 148
86 158
86 160
86 171
86 187
86 270
87 98
87 128
87 135
87 197
88 106
88 253
88 266
88 270
89 154
89 180
89 184
89 192
89 223
89 239
89 347
89 407
89 420
90 140
90 212
90 270
91 133
91 143
91 148
91 270
91 308
91 314
92 98
92 99
92 100
92 128
92 139
92 140
92 154
92 163
92 166
92 167
92 177
92 183
92 192
92 215
92 217
92 235
92 238
92 240
92 241
92 252
92 270
92 280
92 283
92 287
92 333
92 351
92 418
93 139
93 140
93 216
93 277
94 102
94 111
94 143
95 128
95 190
95 302
95 328
95 332
95 360
96 106
96 128
96 132
96 217
96 349
96 350
96 355
97 154
97 225
97 269
97 346
97 349
98 102
98 132
98 143
98 187
98 253
98 354
99 106
99 139
99 176
99 177
99 192
99 238
99 240
99 241
99 242
99 268
100 128
100 151
100 159
100 174
100 175
100 216
100 235
100 240
100 270
100 318
101 106
101 139
101 140
101 183
101 211
101 238
101 240
101 241
101 277
102 143
102 289
103 221
104 126
104 197
104 239
104 252
104 257
106 163
106 176
106 217
106 238
106 241
106 270
106 342
107 203
107 232
107 406
107 440
108 115
108 128
108 132
108 146
108 156
108 225
108 317
108 329
108 365
109 121
109 143
109 144
109 155
109 165
109 184
110 239
111 146
111 347
112 169
112 225
113 218
113 226
113 232
113 234
113 330
113 353
113 365
113 431
113 440
114 248
114 270
114 314
114 349
115 133
115 150
115 158
115 159
115 212
115 213
115 214
115 216
115 217
115 237
115 264
115 270
115 311
115 350
115 371
116 197
117 178
117 221
117 269
117 281
117 441
117 451
117 456
118 149
118 223
118 224
118 244
118 269
118 291
118 309
118 335
118 344
118 403
119 202
119 336
119 366
119 402
119 417
119 442
120 128
120 252
121 143
121 318
122 132
122 133
122 209
122 248
122 407
123 223
123 246
123 296
123 302
123 309
123 323
124 131
124 185
124 310
124 317
124 389
125 285
125 307
125 380
125 427
125 448
126 158
126 176
126 250
126 348
126 350
127 131
127 213
127 233
127 255
127 389
128 132
128 136
128 145
128 146
128 152
128 159
128 162
128 163
128 177
128 192
128 207
128 212
128 215
128 216
128 217
128 235
128 240
128 242
128 243
128 256
128 265
128 286
128 287
128 311
128 333
128 341
128 352
128 402
129 261
129 359
129 370
129 424
129 426
129 435
129 440
129 446
130 255
130 266
130 389
131 161
131 223
131 234
131 245
131 367
132 135
132 167
132 183
132 187
132 212
132 252
132 270
132 321
132 342
132 354
133 185
133 320
134 178
134 224
134 226
134 244
134 249
134 260
134 269
134 281
134 315
134 339
134 344
135 144
135 159
135 177
135 270
135 289
135 321
136 144
136 189
136 209
136 248
137 175
137 192
137 248
137 256
137 291
137 323
137 390
138 149
138 185
138 220
138 223
138 227
138 262
138 269
138 290
138 304
138 325
138 473
139 145
139 176
139 192
139 238
139 240
140 158
140 166
140 176
140 177
140 192
140 211
140 212
140 215
140 235
140 240
140 241
140 243
140 269
140 287
140 403
141 175
141 276
141 355
142 168
142 171
142 179
142 254
142 284
142 299
142 308
142 312
143 155
143 157
143 158
143 161
143 184
143 252
143 270
143 314
143 318
143 347
143 354
143 407
144 149
144 184
144 190
144 289
144 311
145 241
145 267
146 158
146 175
146 270
146 355
147 256
147 290
147 341
148 156
148 159
148 161
149 161
149 172
149 197
149 214
149 254
149 303
150 158
150 181
150 218
150 251
150 264
150 270
150 325
151 175
151 289
152 177
152 207
152 270
152 318
152 365
152 406
153 171
153 259
154 156
154 332
154 393
155 171
155 197
156 160
156 161
156 243
156 248
156 320
157 318
158 237
158 276
158 312
158 349
159 175
160 171
160 274
160 393
161 165
161 253
161 259
161 328
161 422
162 283
162 370
162 417
162 440
164 177
164 274
164 289
164 303
164 332
165 211
165 216
165 217
165 235
165 239
165 265
165 281
165 321
165 325
165 331
166 354
167 186
167 323
167 330
167 370
168 284
169 205
169 206
169 209
169 210
170 217
170 226
170 250
170 262
170 283
170 315
170 411
170 426
171 273
171 342
172 223
172 272
172 307
172 317
172 379
172 380
172 408
172 414
172 421
172 432
172 458
173 219
173 220
174 390
175 321
175 355
175 403
176 177
176 241
176 266
176 281
177 207
177 209
177 215
177 242
177 268
177 270
177 286
177 311
177 333
177 351
177 438
178 226
178 236
178 260
178 268
178 277
178 335
178 448
179 197
179 270
179 284
179 303
179 347
179 350
179 355
180 316
180 329
180 371
181 259
181 325
181 407
182 322
182 338
182 358
182 369
182 370
182 376
182 397
182 412
182 413
182 414
182 425
182 440
183 192
183 204
183 235
183 309
183 333
184 248
184 332
185 218
185 269
185 281
185 282
185 299
185 320
185 328
186 239
186 270
186 301
186 302
186 331
186 360
188 293
188 358
188 359
188 369
188 400
188 426
188 432
188 433
189 209
189 248
189 251
189 297
189 299
189 313
189 389
189 470
190 211
190 215
190 238
190 240
190 265
190 287
191 230
191 261
191 351
191 358
191 384
191 397
191 435
191 472
192 242
192 268
193 246
193 270
193 299
193 312
193 317
193 324
193 330
193 395
193 411
193 421
194 196
194 346
194 372
194 414
194 426
195 208
195 361
195 436
195 437
196 391
197 205
197 247
197 264
197 317
197 408
198 228
198 326
198 327
198 340
198 426
198 465
198 468
199 209
199 221
199 223
199 233
199 305
199 315
199 335
199 471
200 315
200 436
200 442
201 448
201 465
202 442
202 448
202 450
202 465
203 229
203 246
203 271
203 281
203 329
203 389
204 222
204 350
205 255
205 297
206 223
206 227
206 233
206 297
206 299
206 398
206 429
206 470
207 212
207 266
208 293
208 414
208 455
209 298
209 378
209 470
210 276
210 389
210 412
210 436
210 469
211 267
212 235
212 270
212 390
213 254
213 328
213 390
214 237
214 254
214 328
215 248
215 256
215 268
215 270
215 347
216 252
216 352
217 250
217 283
217 328
217 348
217 360
218 249
218 308
219 221
219 260
220 224
220 276
220 378
221 223
221 250
221 266
221 283
221 302
221 304
221 323
221 378
221 384
222 260
222 358
222 369
222 378
222 413
222 461
223 233
223 246
223 250
223 297
223 299
223 378
223 384
224 226
224 229
224 235
224 244
224 260
224 279
224 445
224 448
225 308
225 323
225 326
226 246
226 269
226 277
226 281
226 326
226 334
226 335
226 339
226 344
226 411
226 416
227 402
227 429
227 459
228 334
228 336
228 411
228 469
229 326
229 331
229 365
230 266
230 397
230 399
231 414
231 425
232 269
232 281
232 321
232 326
232 330
232 331
232 473
233 294
233 298
233 299
233 389
233 429
234 269
234 351
235 270
236 244
236 269
236 281
236 335
236 344
237 308
237 348
237 395
237 403
238 241
238 267
238 333
239 289
239 311
241 333
242 256
242 277
242 374
242 402
242 435
243 287
244 353
244 440
244 445
245 282
245 384
246 263
246 323
246 335
246 360
246 367
247 254
247 328
247 404
247 459
249 260
249 305
249 402
249 406
249 431
250 256
250 266
250 302
250 375
251 378
252 318
252 347
254 259
254 270
254 296
254 390
254 403
255 264
255 278
255 283
255 401
255 422
255 428
256 266
256 287
256 304
256 341
256 432
256 440
257 287
257 409
258 335
258 339
258 452
259 317
260 269
260 281
260 339
260 402
261 336
261 340
261 346
261 351
261 417
261 424
261 452
261 456
262 283
262 355
262 470
263 411
264 270
264 322
266 268
266 305
266 367
266 373
268 269
268 357
268 371
268 452
269 305
269 309
269 344
269 367
269 406
269 431
269 440
270 284
270 286
270 299
270 308
270 312
270 321
270 407
271 276
271 330
271 360
272 425
272 437
272 459
272 460
274 314
274 393
275 368
275 405
275 455
276 392
277 430
277 435
278 307
278 379
278 382
278 391
278 401
278 422
278 433
278 434
278 439
278 443
278 453
278 464
278 473
279 326
279 338
279 387
279 406
280 311
280 356
280 361
281 305
281 440
281 445
283 302
283 352
283 358
283 376
283 404
284 299
285 396
285 454
288 322
289 348
292 384
292 396
292 427
292 428
292 436
293 368
293 408
293 453
294 331
297 299
297 396
297 398
298 355
298 360
298 398
298 429
298 470
299 396
299 429
300 389
300 392
301 311
302 360
302 379
302 408
303 396
304 334
304 341
305 309
305 337
305 357
306 319
306 394
306 415
306 439
306 467
307 331
307 361
307 366
307 401
309 344
309 440
309 445
309 462
310 437
311 395
312 328
312 355
313 463
314 318
315 327
315 353
315 406
315 450
316 371
319 377
319 379
319 419
319 441
319 454
322 360
322 402
323 326
323 328
323 367
323 370
323 371
324 371
325 405
325 421
326 397
327 340
327 413
327 450
328 336
328 341
328 344
328 348
328 390
329 403
329 416
329 462
330 369
330 385
330 389
333 347
334 365
334 384
334 385
334 411
335 337
335 448
336 356
336 361
336 406
336 426
336 438
336 440
336 445
337 357
337 359
337 378
337 438
338 438
338 440
339 353
339 418
339 431
339 448
340 356
340 440
341 410
341 445
343 401
343 415
343 454
344 406
344 410
344 431
344 440
346 359
346 377
346 397
346 400
346 441
346 456
346 461
347 352
351 399
353 430
356 387
356 400
356 417
356 433
356 444
356 461
357 359
357 370
357 374
358 369
358 399
358 415
358 426
358 432
358 435
358 447
358 449
359 374
359 440
359 441
359 445
361 362
361 379
361 381
361 417
362 363
362 380
362 383
362 417
362 421
362 445
362 455
363 383
363 407
363 442
363 449
364 394
364 408
364 447
365 367
365 389
365 411
365 416
365 445
366 373
366 439
366 441
366 446
366 453
366 472
368 379
368 392
368 428
368 436
369 382
369 383
369 386
369 388
369 399
369 428
370 376
370 425
370 440
370 452
372 373
372 426
374 376
374 414
374 420
374 433
374 440
374 452
375 408
376 401
376 414
376 425
376 426
376 432
377 399
377 416
377 432
377 451
379 420
379 467
380 381
380 391
380 449
380 455
381 386
381 424
381 449
381 455
382 422
382 456
383 449
383 452
383 455
384 385
384 425
384 453
384 454
385 415
385 423
385 425
385 426
386 437
386 447
387 460
389 457
391 426
392 412
392 459
392 464
392 469
393 422
394 472
396 408
396 453
397 413
397 451
397 456
397 461
398 429
399 432
399 435
400 450
401 422
401 432
402 409
404 408
405 412
405 417
405 436
406 417
408 437
411 415
411 458
412 422
412 460
413 449
414 426
414 455
415 420
415 425
415 458
417 438
417 460
419 420
420 428
420 436
420 458
421 433
422 428
422 453
422 460
422 473
423 425
423 428
423 454
423 458
424 451
424 452
428 458
428 467
431 462
434 443
434 458
435 440
435 472
436 446
436 455
444 452
448 462
448 471
452 465
454 460
454 467
457 459
460 466
460 468
464 469
465 471
465 472
466 468
467 473
