456
1884
1 2
1 4
1 6
1 72
1 99
1 100
1 101
1 102
1 103
1 104
1 105
1 106
1 107
1 108
1 109
1 110
1 111
1 112
2 5
2 14
2 34
2 70
2 71
2 72
2 89
2 93
2 95
2 113
2 119
2 133
2 137
2 150
2 153
2 162
2 163
2 166
2 190
2 192
2 268
2 272
2 275
2 284
2 296
2 300
2 301
2 308
2 315
2 332
2 365
2 375
3 17
3 67
4 9
4 10
4 11
4 12
4 72
4 108
4 118
5 240
5 308
5 314
5 373
5 405
6 7
6 16
6 25
6 62
6 68
6 100
6 183
6 204
6 211
6 244
7 8
7 31
7 72
7 141
7 245
7 262
7 302
8 16
8 17
8 67
8 86
9 16
9 25
9 162
10 12
10 67
10 100
10 104
10 107
10 162
10 204
10 247
10 323
11 13
11 25
11 51
11 86
11 102
11 129
11 232
11 236
11 297
11 336
11 337
11 345
11 424
12 107
12 162
13 27
13 40
13 49
13 62
13 66
13 228
13 268
13 307
13 317
13 398
14 101
14 147
14 222
15 27
15 71
15 109
15 111
15 211
15 262
16 111
17 18
17 67
17 83
17 95
17 96
17 101
17 107
17 139
17 183
17 184
17 187
17 191
17 195
17 242
17 244
17 323
18 44
18 71
18 95
18 160
19 74
19 367
20 47
20 134
20 137
20 151
20 261
20 263
20 370
21 78
21 234
21 247
21 278
21 320
21 329
22 42
22 107
22 133
22 163
22 213
22 233
22 242
23 71
23 103
23 192
23 266
24 25
24 49
24 62
24 183
25 64
25 72
25 203
25 228
26 271
27 40
27 62
27 131
27 152
27 209
27 211
27 307
27 366
27 384
28 33
28 67
28 94
28 101
28 105
28 113
28 134
28 209
28 261
28 266
28 349
29 34
29 67
29 125
29 131
29 230
29 248
30 67
30 165
30 291
30 319
30 379
30 434
30 436
30 446
31 45
31 71
31 74
31 107
31 130
31 195
32 130
32 160
33 169
33 196
33 270
33 277
34 104
34 110
34 149
34 177
34 188
34 199
34 211
34 279
34 283
34 309
34 311
35 40
35 289
36 122
36 310
36 362
36 390
36 425
37 71
37 77
37 178
37 250
37 319
37 348
37 379
37 439
38 40
38 62
38 106
38 122
38 125
38 251
38 325
38 398
39 67
39 71
40 62
40 71
40 72
40 82
40 107
40 111
40 123
40 152
40 211
40 338
40 413
40 440
41 48
41 71
41 72
41 79
41 146
41 168
41 169
42 72
42 82
42 185
42 216
42 244
42 307
42 318
42 335
42 368
43 71
43 132
43 192
43 194
43 248
43 277
43 301
43 332
43 338
44 154
44 237
44 242
44 281
44 330
44 418
45 72
45 95
45 119
45 181
45 204
45 210
46 67
46 84
46 107
46 134
46 141
46 222
47 88
47 96
47 113
47 134
47 137
47 146
47 147
47 261
47 263
48 67
48 71
48 106
48 300
49 50
49 71
49 81
49 119
49 168
49 183
49 226
49 232
49 238
49 248
49 255
49 424
50 72
50 75
50 168
50 199
50 298
50 315
50 351
51 67
51 77
51 346
51 359
51 373
51 382
51 422
51 452
52 53
52 57
52 122
52 165
52 361
52 401
52 403
52 410
52 429
52 438
53 77
53 121
53 267
53 303
53 324
53 334
53 342
53 360
53 379
53 393
53 408
53 410
53 413
53 417
53 427
53 440
54 57
54 175
55 56
55 57
55 258
55 342
55 358
55 400
55 401
56 66
56 345
56 371
56 373
56 401
56 431
57 209
57 275
58 175
58 449
59 177
59 227
59 233
59 296
59 306
59 307
59 320
59 395
60 143
60 255
60 336
61 123
61 156
61 164
61 168
61 209
61 273
61 279
62 82
62 107
62 180
62 183
62 211
62 226
62 228
62 327
62 345
62 395
62 413
63 72
63 78
63 106
63 109
63 110
63 111
63 227
63 278
63 289
63 317
63 321
64 209
64 275
64 345
64 395
65 156
65 194
65 278
65 301
65 329
65 338
65 398
66 102
66 117
66 175
66 232
66 236
66 257
66 337
66 345
66 374
66 406
66 421
66 424
66 430
67 68
67 71
67 77
67 79
67 81
67 87
67 100
67 106
67 130
67 131
67 158
67 171
67 184
67 186
67 193
67 195
67 203
67 216
67 239
67 249
67 270
67 377
68 70
68 144
68 168
68 237
69 288
69 310
69 346
69 427
70 98
70 130
70 150
70 365
71 74
71 81
71 94
71 99
71 102
71 113
71 118
71 120
71 130
71 131
71 132
71 140
71 145
71 152
71 157
71 166
71 168
71 169
71 171
71 192
71 196
71 199
71 203
71 217
71 260
71 265
71 269
71 272
71 277
71 279
71 302
71 306
71 308
71 323
71 329
71 336
71 355
71 357
71 371
71 418
72 74
72 77
72 79
72 89
72 96
72 102
72 103
72 122
72 123
72 124
72 131
72 134
72 135
72 145
72 167
72 169
72 172
72 216
72 228
72 231
72 232
72 236
72 248
72 251
72 272
72 301
72 306
72 307
72 308
72 316
72 321
72 329
72 332
72 375
72 384
72 392
72 398
72 413
72 424
72 442
72 449
73 109
73 285
73 298
74 102
74 105
74 201
74 281
74 282
74 300
74 418
75 78
75 86
75 272
75 301
77 81
77 113
77 116
77 117
77 120
77 122
77 126
77 143
77 159
77 169
77 180
77 210
77 215
77 216
77 262
77 288
77 305
77 315
77 324
77 331
77 338
77 340
77 343
77 344
77 358
77 366
77 377
77 379
77 391
77 401
77 402
77 403
77 406
77 407
77 420
77 433
77 434
77 438
77 440
77 456
78 183
78 218
78 223
78 239
78 288
78 292
78 398
79 195
79 240
79 429
80 179
80 419
81 119
81 131
82 109
82 298
82 305
82 385
82 444
83 107
83 141
83 254
84 94
84 95
84 157
84 187
85 92
85 94
85 96
85 105
85 107
85 115
85 134
85 147
85 151
85 154
85 190
85 191
85 264
85 266
85 270
85 271
85 299
86 194
86 248
86 272
86 296
86 301
86 337
87 111
87 131
87 135
87 152
87 203
87 344
88 107
88 154
88 187
88 254
89 102
89 168
89 394
90 94
90 95
90 96
90 102
90 108
90 112
90 118
90 133
90 141
90 266
91 96
91 118
91 139
91 187
91 235
91 323
92 102
92 105
92 140
92 195
93 228
93 231
93 298
93 309
93 312
94 96
94 97
94 107
94 118
94 134
94 140
94 141
94 146
94 147
94 190
94 195
94 235
94 240
94 241
95 96
95 97
95 115
95 139
95 142
95 240
95 323
96 102
96 107
96 118
96 119
96 168
96 187
97 102
97 107
97 118
97 140
98 102
98 105
98 119
98 140
98 147
101 134
101 139
101 145
101 146
101 147
101 168
101 187
101 190
101 235
101 237
101 270
101 322
102 107
102 118
102 123
102 136
102 142
102 164
102 168
102 192
102 224
102 266
102 297
102 299
102 332
103 168
103 241
104 145
104 182
104 279
104 352
104 369
104 374
105 147
105 154
105 190
105 196
105 270
105 277
105 282
106 122
106 157
106 211
106 219
106 251
106 262
106 289
106 312
106 398
107 112
107 113
107 119
107 137
107 145
107 161
107 183
107 191
107 254
108 147
109 110
109 124
109 131
109 152
109 251
109 283
109 316
109 347
109 366
109 398
109 402
109 413
110 124
110 129
110 156
110 211
110 251
110 316
110 398
111 123
111 124
111 135
111 152
111 232
111 347
111 398
111 413
111 447
112 201
112 218
113 119
113 147
113 154
113 163
113 168
113 190
113 204
113 222
113 240
113 322
114 147
114 163
114 191
114 263
114 369
115 137
115 141
115 150
115 161
115 184
115 222
115 261
115 263
115 287
116 121
116 213
116 257
116 391
117 122
117 178
117 288
117 377
118 133
118 141
118 163
118 195
118 222
119 235
119 272
119 279
119 369
120 121
120 331
120 345
120 350
120 390
120 421
120 427
120 434
120 441
121 252
121 345
121 401
121 410
121 440
121 445
121 447
122 126
122 149
122 208
122 213
122 214
122 216
122 219
122 223
122 231
122 250
122 256
122 286
122 288
122 289
122 292
122 307
122 310
122 316
122 317
122 318
122 319
122 325
122 333
122 336
122 342
122 348
122 351
122 353
122 356
122 360
122 362
122 363
122 364
122 366
122 378
122 379
122 401
122 429
122 430
122 433
122 440
122 444
122 455
123 153
123 199
123 204
123 243
123 248
123 285
123 394
123 398
124 163
124 176
124 246
124 285
124 296
124 298
124 309
124 329
124 370
124 398
125 128
125 231
125 307
125 312
125 357
126 165
126 219
126 310
126 318
126 333
126 352
126 355
126 360
126 391
126 396
126 402
126 403
126 426
126 431
126 434
126 438
127 345
127 393
127 403
127 450
128 131
128 206
128 290
129 228
129 229
129 230
129 321
130 151
130 171
130 195
130 196
130 198
130 235
130 247
130 259
130 284
130 287
130 299
130 300
130 312
131 135
131 230
131 239
132 217
132 224
132 240
133 150
133 196
133 222
133 323
134 137
134 145
134 146
134 261
135 137
135 152
135 208
135 224
135 268
135 272
135 380
135 386
136 265
136 283
136 318
136 442
137 259
137 261
137 263
139 142
139 253
140 142
140 191
140 226
140 235
140 323
142 168
142 239
142 322
143 149
143 240
143 386
144 168
145 183
145 202
145 327
145 414
146 147
146 182
146 240
147 148
147 151
147 163
147 182
147 185
147 191
147 212
147 253
147 271
147 286
147 369
148 158
148 193
148 243
148 253
148 286
149 199
149 329
149 398
149 443
150 190
150 222
150 266
150 365
150 405
151 197
151 261
151 263
151 268
151 297
151 314
151 369
152 203
152 246
152 283
152 296
152 306
152 363
153 171
153 192
153 202
153 226
153 259
153 264
153 272
153 300
153 308
153 365
154 159
154 168
154 322
154 365
155 158
155 212
156 169
156 228
156 230
156 289
156 290
156 394
156 446
157 260
157 283
157 398
158 186
158 193
158 253
159 371
159 379
160 212
160 237
160 244
161 242
163 182
163 281
163 369
164 207
164 309
164 332
164 357
164 395
164 412
165 178
165 292
165 303
165 319
165 345
165 389
165 410
165 445
165 446
165 456
166 188
166 299
166 418
167 246
167 248
167 279
167 318
167 332
167 336
167 347
167 423
168 169
168 192
168 238
168 247
168 267
168 268
168 281
168 284
168 300
168 309
168 373
168 405
169 237
170 324
170 379
170 426
171 272
171 370
171 442
172 188
173 377
173 388
173 394
174 420
175 258
175 342
175 352
175 389
175 390
176 233
176 388
176 453
177 206
177 233
177 453
178 180
178 400
180 189
180 346
180 363
180 389
180 450
181 239
181 274
181 315
181 380
182 191
182 240
183 211
183 283
183 298
183 337
184 242
185 362
186 193
186 210
187 323
188 202
188 330
189 345
189 358
189 389
189 406
189 409
190 195
190 322
190 419
191 369
192 266
192 277
192 299
192 322
193 253
194 337
195 239
195 299
195 322
195 349
195 421
196 207
196 265
196 272
196 277
196 284
196 299
196 302
196 349
196 367
196 418
197 380
198 199
198 238
198 302
199 211
199 302
199 345
199 428
199 449
200 251
200 327
200 328
200 334
200 351
200 379
200 391
200 404
200 409
200 421
201 281
202 227
202 264
202 283
202 306
202 317
202 336
202 418
203 263
204 314
206 312
206 315
206 388
206 398
207 229
207 230
207 236
207 336
207 415
208 251
208 319
208 333
208 355
209 211
209 226
209 268
209 273
209 274
209 297
209 308
209 345
209 372
209 422
210 351
210 386
211 219
211 231
211 234
211 260
211 285
211 289
211 292
211 298
211 307
211 309
211 310
211 312
211 318
211 398
213 305
213 316
213 440
213 447
213 456
214 293
214 360
214 363
214 379
214 392
214 393
214 424
214 434
214 439
214 454
215 352
216 288
216 305
216 366
216 378
216 409
217 232
217 236
217 238
217 294
217 329
217 380
217 398
217 402
217 413
218 317
218 399
219 244
219 312
220 329
220 338
221 231
221 260
221 304
221 317
221 336
221 345
222 235
222 244
222 253
223 252
223 304
223 317
223 335
224 272
225 272
225 303
225 393
225 400
225 421
225 430
225 438
225 449
225 455
226 265
226 285
226 298
227 290
227 383
228 229
228 232
228 337
228 395
229 230
229 395
230 275
230 290
230 295
231 292
231 304
231 312
231 315
232 246
232 279
232 302
232 306
232 308
232 332
232 351
233 315
234 307
234 378
234 435
235 355
236 248
236 279
236 287
236 302
236 329
236 337
238 255
238 284
238 309
238 315
238 442
239 248
239 273
239 336
240 268
240 272
240 274
240 275
240 276
241 287
241 332
242 243
242 244
243 442
244 318
245 316
245 356
245 362
246 356
246 366
246 387
246 398
246 413
247 293
248 268
248 336
248 380
249 313
250 310
250 340
250 358
250 366
250 411
250 445
250 446
251 316
251 325
251 366
251 387
252 316
255 295
255 336
255 357
256 288
256 328
256 351
256 447
257 373
257 422
258 358
258 413
258 422
258 428
259 261
259 370
260 262
260 294
260 310
260 420
261 263
261 271
263 370
264 365
264 418
265 300
265 365
267 327
267 392
267 407
267 409
268 273
268 274
268 297
268 442
269 356
269 414
272 365
274 294
274 380
274 415
275 297
275 345
275 380
275 395
276 295
277 349
278 300
278 301
279 307
279 336
279 349
279 419
279 435
279 449
280 389
282 283
283 327
283 328
284 297
284 308
284 314
284 370
285 356
287 308
288 417
288 420
288 440
288 443
289 320
289 347
290 347
290 451
291 396
291 444
292 304
292 315
292 353
292 378
292 381
293 327
293 354
293 359
293 421
293 450
294 306
294 365
295 302
295 415
296 298
296 306
296 387
297 314
297 337
297 367
297 395
297 424
297 442
298 337
298 356
299 349
300 355
300 418
301 308
301 332
303 382
303 387
303 446
304 307
304 312
304 384
304 423
305 355
305 356
305 362
305 386
305 389
305 390
305 409
305 413
305 440
305 447
306 317
306 451
307 338
307 378
308 337
309 312
309 336
310 356
310 390
310 447
311 312
311 325
311 362
311 409
311 413
311 456
312 336
315 321
315 388
316 319
316 320
316 325
317 383
318 342
318 384
318 402
318 413
319 325
319 355
319 425
319 456
320 338
320 357
321 336
321 344
321 383
323 386
324 379
324 438
324 450
325 333
325 355
325 366
325 433
325 438
325 440
325 446
326 340
326 400
327 346
327 363
327 366
327 406
327 427
328 346
328 348
328 351
328 363
328 401
328 409
328 427
328 428
329 366
329 368
329 424
331 348
331 361
331 439
332 430
332 442
333 364
334 337
334 362
334 409
334 420
335 407
335 439
336 338
336 374
337 395
337 422
337 424
337 449
339 358
339 387
339 389
339 396
339 411
339 429
339 447
340 396
340 410
341 345
341 379
341 393
341 397
341 401
342 348
342 409
342 421
342 440
342 447
343 379
343 426
343 433
343 448
344 383
345 358
345 387
345 396
345 401
345 419
345 422
345 428
345 452
345 456
346 390
346 391
346 421
346 427
346 441
348 387
348 389
348 400
348 425
348 430
349 418
350 360
350 390
350 406
350 419
350 421
350 427
350 452
351 356
351 387
352 359
352 373
352 375
352 384
352 391
352 396
352 413
352 414
353 420
353 425
353 440
354 427
354 449
355 407
356 363
356 390
356 402
356 409
357 439
358 379
358 393
359 360
359 375
359 392
359 452
360 379
360 389
360 393
360 411
360 433
361 371
361 383
361 389
361 438
362 366
362 381
362 389
362 408
362 420
362 447
363 366
363 406
363 420
363 433
364 383
364 450
365 369
365 405
366 389
366 406
366 420
366 433
366 455
367 382
367 424
368 386
371 396
372 379
373 384
373 414
373 427
373 430
373 441
374 384
374 391
374 419
376 391
376 419
376 421
376 430
376 441
376 443
377 420
377 426
379 387
379 427
379 428
379 430
379 433
379 434
379 440
379 446
379 448
381 383
381 448
382 391
382 392
382 409
382 421
382 424
382 441
382 454
385 403
385 440
385 444
387 392
387 416
389 420
389 447
390 417
390 434
391 409
391 421
391 427
391 428
391 452
392 449
393 401
393 433
394 444
394 449
394 454
395 412
395 449
397 444
401 430
401 440
401 445
401 455
402 443
406 420
406 430
407 437
409 421
409 433
410 416
410 439
410 445
410 446
411 438
412 451
414 424
414 427
416 417
416 456
417 421
420 426
421 427
421 454
422 428
423 435
426 444
426 448
427 441
428 429
428 440
429 430
431 447
431 454
432 443
432 451
434 439
434 447
436 438
436 448
437 447
437 453
438 444
439 446
440 456
449 452
