443
1662
1 4
1 7
1 41
1 74
1 81
1 82
2 47
2 107
2 321
2 342
2 364
2 384
3 10
3 55
3 77
3 107
3 134
3 199
3 310
3 320
3 344
4 5
4 7
4 10
4 13
4 37
4 85
4 176
4 393
5 7
5 75
5 85
6 53
7 8
7 13
7 14
7 15
7 16
7 50
7 83
7 89
7 93
8 18
8 19
8 41
8 44
8 68
8 94
8 115
8 116
8 143
8 149
8 150
8 173
8 177
8 190
8 198
8 246
8 268
9 45
9 54
9 56
9 57
9 70
9 78
9 105
9 147
9 152
9 179
9 199
9 248
9 250
9 251
9 254
10 34
10 37
10 43
10 44
10 60
10 92
10 94
10 103
10 107
10 115
10 133
10 142
10 149
10 155
10 200
10 202
10 226
10 227
10 251
10 254
10 263
11 53
11 208
11 315
12 71
12 148
13 19
13 31
13 41
13 42
13 51
13 73
13 80
13 87
13 89
13 137
13 153
13 198
13 202
13 225
13 235
13 316
13 379
14 19
14 60
14 115
15 16
15 22
15 57
15 72
15 94
15 113
15 115
15 140
15 145
15 156
15 168
15 284
15 354
16 270
17 53
17 86
17 158
17 274
18 19
18 20
18 22
18 35
18 38
18 44
18 46
18 51
18 72
18 80
18 94
18 97
18 117
18 119
18 155
18 169
18 170
18 240
18 242
18 263
19 44
19 80
19 106
20 44
20 53
20 72
20 77
20 86
20 109
20 114
20 120
20 130
20 179
20 216
20 353
21 42
21 79
21 263
22 23
22 44
22 134
22 168
22 178
22 203
22 256
22 284
22 332
23 35
23 46
23 75
23 131
23 137
23 170
23 178
23 186
23 189
23 209
24 166
24 186
24 272
24 409
25 175
25 330
25 379
25 405
26 74
26 167
26 302
26 418
26 440
27 28
27 185
27 298
27 393
27 408
28 58
28 219
28 281
28 298
28 300
28 316
28 387
28 420
28 439
29 45
29 53
29 79
29 107
29 115
29 216
29 235
29 240
29 351
29 363
30 43
30 83
30 140
30 226
31 196
31 202
31 265
31 379
32 44
32 142
32 159
32 227
32 255
33 50
33 107
33 163
34 37
34 96
34 107
34 164
34 169
34 253
34 263
35 53
35 130
35 284
35 287
35 358
35 360
36 37
36 113
36 243
36 296
36 328
36 369
37 43
37 44
37 89
37 94
37 96
37 107
37 149
37 176
37 225
37 226
37 228
37 250
37 253
38 67
38 71
38 104
38 154
38 200
38 254
38 260
39 40
39 130
39 138
39 236
39 286
39 296
39 339
40 130
40 286
40 339
41 95
41 110
41 176
41 277
41 305
42 44
42 71
42 93
42 107
42 144
42 299
43 44
43 77
43 162
43 176
43 320
44 45
44 55
44 57
44 60
44 68
44 77
44 87
44 89
44 90
44 92
44 93
44 94
44 95
44 98
44 99
44 101
44 105
44 107
44 109
44 110
44 115
44 116
44 118
44 133
44 140
44 145
44 148
44 149
44 152
44 159
44 164
44 177
44 200
44 202
44 220
44 224
44 245
44 246
44 250
44 255
44 259
44 268
44 280
44 299
44 309
44 340
44 344
45 55
45 107
45 240
45 245
45 257
45 289
45 333
45 361
46 353
47 122
47 220
47 279
47 292
47 342
47 345
47 421
47 425
47 428
48 62
48 125
48 223
48 305
48 345
48 346
48 375
48 393
48 401
48 417
48 424
49 95
49 107
49 115
49 193
49 227
49 235
49 240
49 273
49 354
50 171
50 176
50 245
50 254
50 344
51 77
51 141
51 145
51 155
51 168
51 275
52 53
52 67
52 84
52 109
52 152
52 177
52 216
52 230
52 237
52 239
52 240
52 266
52 274
52 284
52 317
52 344
52 354
52 359
53 74
53 77
53 120
53 138
53 140
53 158
53 179
53 201
53 207
53 231
53 232
53 243
53 278
53 308
53 309
53 331
53 353
53 362
54 56
54 109
54 120
54 134
54 299
55 87
55 140
55 204
55 257
56 72
56 102
56 105
56 209
56 315
57 72
57 123
57 140
57 284
58 62
58 122
58 139
58 175
58 278
58 298
58 335
58 374
58 378
58 384
58 385
58 394
58 412
58 419
58 442
59 76
59 298
59 305
59 399
60 327
60 430
60 442
61 62
61 280
61 380
62 65
62 219
62 275
62 367
62 378
62 442
63 135
63 296
63 310
63 380
63 383
64 76
64 214
64 220
64 305
64 327
64 350
64 368
64 401
64 417
64 433
65 280
65 350
65 432
65 436
66 191
66 292
66 399
66 432
67 149
67 193
67 216
67 229
67 249
67 329
68 75
68 123
68 152
68 246
69 92
70 89
70 192
70 201
70 291
70 330
70 425
71 79
71 104
71 107
71 117
71 192
72 94
72 190
72 204
72 230
72 285
73 162
73 177
73 260
74 134
74 276
74 279
74 286
74 288
74 303
74 311
74 362
75 204
75 213
75 275
75 287
75 300
75 393
76 85
76 214
76 217
76 345
76 375
76 417
76 426
76 438
77 114
78 79
78 80
79 103
79 157
79 229
79 239
79 258
81 264
81 276
81 288
81 296
81 303
81 308
82 294
83 109
83 160
83 305
83 392
84 141
84 146
84 168
84 249
84 274
84 359
85 115
85 147
85 226
86 120
86 179
86 296
86 362
87 127
87 153
87 157
87 239
87 293
88 128
88 134
88 203
88 221
88 236
88 294
88 415
89 98
89 100
89 102
89 105
89 106
89 113
89 118
89 127
89 133
89 149
89 151
89 165
89 176
89 177
89 192
89 196
89 203
89 221
89 245
89 252
89 263
89 264
89 285
89 301
89 362
89 376
90 102
90 116
90 153
90 171
90 248
90 260
91 95
91 199
91 312
92 95
92 96
92 99
92 100
92 103
92 148
92 245
92 314
93 94
93 101
93 113
93 224
93 234
93 251
93 285
94 102
94 115
94 143
94 148
94 150
94 151
94 168
94 177
94 242
94 246
94 271
94 317
95 103
95 107
95 117
95 193
95 229
95 253
95 317
95 351
96 103
96 107
96 226
96 228
96 268
97 327
98 100
98 144
98 151
99 110
99 133
99 149
99 245
99 259
100 102
100 106
100 246
100 270
101 115
101 145
101 151
102 117
102 149
102 263
102 344
102 351
103 107
103 149
103 176
103 227
103 228
103 268
104 146
104 169
104 173
104 246
104 354
105 268
106 116
106 230
106 258
107 113
107 115
107 134
107 152
107 164
107 174
107 176
107 226
107 227
107 228
107 245
107 246
107 251
107 255
107 259
107 260
107 292
107 302
107 320
107 344
107 352
108 176
109 118
109 133
109 146
109 149
109 200
109 229
109 239
109 248
109 251
110 313
111 126
111 174
111 371
112 135
112 172
112 190
112 256
112 306
113 115
113 224
113 314
114 156
114 301
115 118
115 119
115 123
115 145
115 148
115 150
115 246
115 253
115 259
115 263
115 270
115 313
115 314
116 401
117 157
117 174
117 226
117 227
117 241
117 253
117 259
117 317
118 129
118 270
118 285
119 142
119 149
119 150
119 152
120 134
120 160
120 161
120 205
120 221
120 414
121 186
121 275
121 317
122 210
122 212
122 298
122 335
122 385
122 416
123 143
123 242
123 344
124 204
124 335
124 418
124 423
125 214
125 305
125 367
125 394
125 440
126 188
126 291
126 294
127 143
127 157
127 167
127 169
127 290
127 296
127 312
127 317
128 136
128 387
128 420
128 431
129 146
130 166
130 181
130 221
130 271
130 328
130 331
131 139
131 195
131 280
131 349
131 350
131 375
131 393
131 409
132 146
132 216
133 202
134 179
134 190
134 205
134 247
134 299
134 328
135 158
135 179
135 205
135 221
135 248
135 256
135 289
135 330
136 191
136 215
136 338
136 357
136 365
136 380
136 383
136 406
136 420
137 314
138 362
138 363
139 213
139 305
139 326
139 327
139 335
139 342
139 345
139 346
139 364
139 378
139 393
139 396
139 402
139 403
139 408
139 423
139 426
139 428
139 442
140 148
140 202
140 353
140 379
141 168
141 216
141 237
141 274
141 351
141 354
142 164
143 169
143 177
143 234
143 242
143 259
143 270
144 253
145 177
146 179
146 229
146 240
146 267
146 273
146 351
146 354
146 364
147 149
147 167
148 248
149 163
149 171
149 174
149 176
149 177
149 199
149 200
149 202
149 227
149 254
149 260
149 261
149 268
149 299
149 314
150 242
150 275
151 177
152 164
152 224
152 228
152 270
153 174
153 234
153 253
154 270
155 178
156 179
157 243
157 282
160 165
160 205
160 318
161 325
161 361
162 243
162 244
162 263
163 228
164 165
164 243
164 244
164 251
164 252
164 320
165 232
165 252
165 292
165 305
165 410
166 181
166 190
166 192
166 221
166 331
166 333
167 205
167 221
167 307
168 169
168 173
168 290
169 290
170 354
171 235
171 247
171 299
171 306
171 321
172 310
172 315
172 318
172 330
173 174
173 241
173 359
174 229
174 247
174 285
175 183
175 214
175 295
175 346
175 347
175 399
175 408
175 421
176 202
176 227
176 228
176 245
176 255
178 187
178 293
178 359
179 221
179 229
179 236
179 262
179 288
179 325
179 333
179 359
179 378
180 182
180 212
180 222
180 276
180 277
180 295
180 303
180 305
180 369
180 389
180 393
180 394
180 415
180 438
180 440
181 190
181 198
181 332
181 333
182 305
182 392
183 277
183 395
184 367
184 396
185 301
185 416
185 421
187 221
187 261
187 349
187 367
187 390
188 221
188 360
188 414
189 272
189 289
189 306
189 315
189 339
190 209
190 221
190 371
191 195
191 291
191 326
191 349
191 385
191 394
192 265
192 303
192 330
192 333
192 362
193 240
194 230
194 329
195 372
195 382
197 307
197 316
197 336
197 337
197 341
197 376
197 393
198 360
199 317
200 254
201 236
201 264
201 356
203 309
203 356
204 359
205 264
205 286
205 296
205 304
205 307
205 309
205 318
205 348
205 415
206 281
206 296
206 315
206 363
207 219
207 282
207 353
207 405
208 221
208 237
208 269
208 283
208 284
208 291
208 330
208 358
208 368
208 380
208 409
208 434
209 221
210 334
210 347
210 397
210 423
211 264
211 286
211 318
211 355
211 434
212 217
212 233
212 277
212 278
212 291
212 335
212 343
212 365
212 385
212 387
212 392
212 397
212 404
212 406
212 415
212 418
212 420
212 429
213 301
213 305
213 334
213 345
213 346
213 392
213 423
214 219
214 338
214 378
214 382
214 384
214 405
214 438
215 307
215 332
215 380
215 429
216 239
216 274
216 312
216 351
216 352
217 322
217 350
217 407
217 431
217 433
217 436
218 287
219 264
219 295
219 304
219 316
219 335
219 393
219 408
220 397
220 403
220 419
221 230
221 231
221 256
221 271
221 291
221 312
221 330
221 332
221 333
221 371
221 379
222 370
222 376
222 400
222 419
222 426
223 279
223 365
223 399
223 412
223 419
226 227
226 228
226 257
226 270
226 314
227 228
227 253
227 361
228 314
229 240
229 249
229 273
230 273
231 437
232 240
232 248
232 262
232 276
232 287
232 297
233 377
233 385
233 399
233 407
233 418
233 420
236 390
236 401
237 240
237 284
237 315
237 359
238 288
238 297
238 340
238 369
238 414
238 427
239 269
239 287
239 351
239 354
240 249
240 269
240 273
240 331
240 359
241 266
241 275
242 317
243 317
243 363
243 364
244 250
245 252
245 255
245 263
245 314
246 250
246 294
246 317
246 367
248 279
248 286
248 309
249 267
249 317
250 252
252 261
253 257
254 263
255 258
255 314
256 284
256 291
256 296
256 310
259 260
259 354
261 312
262 325
262 439
264 376
264 378
264 415
265 366
266 275
267 273
267 275
267 359
269 284
269 315
269 325
269 331
269 380
270 344
271 285
271 294
271 357
272 315
272 409
274 293
274 354
275 359
276 288
276 295
276 298
276 303
276 345
276 364
276 374
276 411
277 278
277 367
277 374
277 393
277 411
277 412
278 300
278 393
278 412
279 295
279 305
279 337
279 393
280 370
280 405
281 283
281 319
281 395
281 414
281 437
281 438
281 439
282 289
282 321
282 375
282 428
283 414
283 437
284 315
284 380
285 351
287 294
288 325
288 340
288 366
289 304
289 329
290 293
291 316
291 357
291 379
291 434
292 305
292 368
292 382
292 389
292 399
293 351
295 301
295 305
295 345
295 393
295 410
296 297
296 305
296 330
296 366
297 319
297 439
298 301
298 364
298 373
298 394
300 301
300 305
300 311
300 389
300 394
301 305
301 311
301 373
301 376
301 384
301 389
301 392
301 393
301 411
301 415
302 378
303 307
303 384
303 418
304 378
305 364
305 384
305 389
305 392
305 399
305 403
305 405
305 410
306 339
307 318
307 383
307 424
308 340
308 366
308 376
308 414
309 331
309 339
309 366
310 341
311 376
311 381
312 363
315 368
315 422
316 345
316 367
316 432
317 351
318 319
318 337
319 376
319 414
319 437
319 439
321 370
322 327
322 368
322 375
322 380
322 391
322 401
322 422
323 324
323 382
323 394
323 404
324 343
324 348
324 383
324 384
324 398
324 435
326 375
326 380
326 417
326 429
326 431
327 402
330 415
331 409
332 333
332 383
332 415
334 423
335 365
335 376
335 378
335 423
335 428
336 343
336 364
336 385
336 415
336 426
337 376
337 384
338 341
338 382
338 421
338 435
341 382
341 383
341 384
341 416
341 435
342 346
342 398
342 426
342 442
343 357
343 372
343 373
343 382
343 430
345 350
345 390
345 398
345 399
345 408
345 417
346 349
346 373
346 420
346 431
346 433
346 442
347 396
347 418
347 429
348 383
348 425
349 367
349 432
349 433
350 373
350 375
350 380
350 433
351 354
353 362
355 357
355 429
355 433
356 369
357 367
357 388
357 391
357 434
358 360
358 371
362 363
362 412
364 373
364 386
364 404
365 377
365 407
365 420
365 436
367 433
367 442
368 380
368 388
368 422
368 432
369 414
369 427
370 416
370 435
373 411
373 415
373 426
373 430
374 377
375 390
375 417
375 428
375 432
375 442
376 384
377 385
377 396
378 386
378 387
378 394
378 404
378 418
378 424
378 428
380 401
380 417
380 422
380 442
381 442
382 383
382 389
382 416
382 423
382 426
383 415
384 392
386 394
386 420
387 404
388 396
388 410
388 422
388 434
389 394
389 410
389 419
389 426
390 433
391 417
391 432
391 433
392 394
392 405
393 410
393 413
393 424
393 436
394 395
394 420
395 441
396 410
396 431
397 398
397 400
397 407
397 418
397 423
397 425
399 407
399 424
399 425
400 430
401 433
401 434
405 413
407 419
407 420
410 416
411 415
411 438
415 435
422 429
426 433
432 433
433 442
437 439
438 440
439 440
439 441
439 443
