419
1412
1 65
1 79
1 293
1 294
2 27
2 42
2 72
2 89
2 144
2 146
2 157
2 161
2 191
2 205
2 229
2 239
2 281
2 321
3 64
3 75
3 92
3 100
3 135
3 153
3 170
3 192
3 195
3 201
3 258
3 272
3 273
4 6
4 7
4 10
4 11
4 77
4 80
4 93
4 146
4 370
5 6
5 7
5 10
5 11
5 12
5 19
5 20
5 50
5 65
5 80
5 104
5 106
5 107
5 121
5 141
5 143
5 169
5 201
5 217
5 223
5 251
5 253
5 257
5 293
5 294
5 308
6 8
6 65
6 70
6 75
6 79
6 112
6 145
6 174
6 217
6 239
6 245
7 8
7 17
7 71
7 73
7 108
8 10
8 11
8 12
8 13
8 20
8 29
8 36
8 46
8 48
8 62
8 77
8 80
9 83
9 265
9 268
10 71
10 73
10 76
10 77
10 83
10 90
10 94
10 102
10 108
10 109
10 113
10 143
10 154
10 158
11 71
11 73
11 256
13 50
13 71
13 73
13 83
13 89
13 109
13 190
14 43
14 101
14 154
14 263
14 271
15 193
15 194
15 208
16 33
16 88
16 149
16 224
16 297
17 18
17 29
17 39
17 40
17 44
17 46
17 74
17 115
17 165
17 231
17 284
17 374
18 23
18 39
18 88
18 171
18 256
18 301
18 313
18 319
19 37
19 81
19 111
19 169
20 44
20 48
20 141
20 156
20 189
21 53
21 106
21 164
21 234
21 346
22 35
22 130
22 366
23 27
23 72
23 79
23 89
23 95
23 122
23 158
23 161
23 185
23 223
23 293
24 161
25 139
25 150
25 158
25 161
25 171
25 191
25 205
25 257
26 84
26 106
26 114
26 168
26 233
26 234
27 80
28 37
28 61
28 107
28 114
28 211
28 293
28 294
28 306
28 360
29 324
29 401
30 56
30 125
30 127
30 299
30 354
30 395
30 411
31 43
31 72
31 122
31 147
31 242
32 38
32 242
33 112
33 226
33 238
34 140
34 152
35 106
35 121
35 163
35 166
35 261
35 278
35 279
35 304
35 321
36 144
37 39
37 61
37 65
37 75
37 88
37 89
37 134
37 158
37 190
37 202
37 238
37 296
37 297
37 306
37 325
38 70
38 72
38 78
38 91
38 96
38 98
38 115
38 148
38 152
38 163
38 178
38 205
38 218
38 248
38 249
38 253
38 307
39 86
39 169
39 259
39 271
40 46
40 296
41 77
41 193
41 242
41 265
42 147
42 178
42 284
42 321
42 342
42 348
42 358
42 367
43 68
43 102
43 211
43 237
43 251
43 265
43 292
43 396
44 77
44 94
44 104
44 130
44 203
44 256
45 66
45 121
45 182
45 245
45 253
45 310
46 169
47 179
47 193
47 208
48 72
48 140
48 146
48 156
48 157
48 163
48 205
48 221
49 54
49 408
50 61
50 72
50 76
50 86
50 98
50 118
50 189
50 201
50 214
50 276
50 285
51 56
51 231
51 336
51 341
51 395
52 57
52 269
52 355
52 373
52 387
53 70
53 87
53 128
53 164
53 234
53 292
54 246
54 407
55 59
55 60
55 124
55 130
56 87
56 246
56 278
56 298
56 322
56 338
56 341
56 393
57 58
57 184
57 290
57 305
57 350
57 387
57 394
57 395
58 67
58 183
58 275
58 331
58 348
58 374
58 387
58 390
58 414
59 130
59 284
59 305
59 334
60 172
60 316
60 320
60 352
60 394
60 414
61 80
61 189
62 70
62 84
62 187
62 374
63 146
63 156
63 281
63 325
64 83
64 164
64 224
65 75
65 78
65 211
65 306
66 209
66 210
66 229
66 235
66 241
66 282
66 289
66 295
66 405
67 136
67 183
67 235
67 306
67 344
67 374
67 399
68 70
68 168
68 211
68 234
68 294
69 146
69 263
70 72
70 88
70 106
70 107
70 122
70 132
70 134
70 163
70 186
70 210
70 214
70 224
70 226
70 253
70 278
70 288
70 292
70 297
70 307
70 314
70 317
70 321
70 325
70 343
70 378
71 80
72 80
72 89
72 99
72 110
72 111
72 139
72 146
72 159
72 237
72 251
72 252
72 253
72 262
72 308
73 80
73 226
74 101
74 158
74 161
74 265
75 79
75 86
75 111
75 169
75 262
75 273
75 296
75 307
75 308
76 77
76 80
76 89
76 160
76 205
76 318
77 95
77 146
77 158
77 260
77 296
78 79
78 205
78 217
78 252
79 115
79 145
79 252
79 306
79 312
80 154
80 192
81 287
82 125
82 403
84 211
84 240
84 294
84 374
85 89
85 95
85 134
85 143
85 158
85 198
85 268
85 312
86 108
86 109
86 111
87 175
87 207
87 212
87 251
87 303
87 341
87 366
87 372
87 379
88 128
88 149
88 168
88 188
88 247
88 287
88 297
89 129
89 158
89 163
89 171
89 191
89 271
89 284
89 351
90 117
90 138
90 171
90 319
90 351
92 138
92 195
93 150
93 238
93 351
94 101
94 153
94 188
94 199
94 265
95 104
95 158
95 171
95 201
95 258
95 263
96 163
96 331
96 396
96 418
96 419
97 191
97 252
98 156
98 189
98 220
99 113
99 140
99 144
99 285
100 156
100 201
100 256
100 258
101 139
101 143
101 158
101 189
101 203
101 256
101 263
101 271
101 312
102 143
102 185
102 198
102 256
103 156
103 191
103 257
103 318
104 134
104 185
104 195
104 198
104 245
104 306
105 108
105 115
105 174
105 226
105 264
105 314
106 114
106 133
106 162
106 174
106 204
106 211
106 214
106 228
106 235
106 251
106 339
106 356
107 108
107 109
107 168
107 253
107 371
109 121
109 159
109 169
109 357
110 156
110 158
110 278
110 371
111 238
112 238
112 301
113 140
113 143
113 185
113 195
114 115
114 133
114 196
114 235
114 247
115 166
115 169
115 294
115 297
115 317
116 226
116 360
117 138
117 256
117 259
117 271
117 351
117 401
118 210
118 251
118 359
119 211
119 357
119 362
119 371
119 400
120 266
120 280
120 294
120 306
120 325
120 417
121 162
121 164
121 229
121 237
121 251
122 210
122 229
122 251
122 262
122 361
122 378
123 170
123 271
124 277
124 334
125 132
125 331
125 372
125 373
125 375
125 380
125 403
125 411
126 137
126 165
127 178
127 180
127 275
127 323
127 337
127 341
128 134
128 166
128 224
128 234
128 270
129 185
129 194
129 242
130 146
130 156
130 162
130 163
130 178
130 227
130 246
130 259
130 266
130 316
130 322
130 366
130 370
130 386
131 132
131 136
131 184
131 277
131 280
131 294
131 299
131 311
131 316
131 348
131 364
131 395
131 406
132 184
132 229
132 311
132 356
132 405
133 256
133 293
133 294
133 303
133 308
134 145
134 165
134 200
134 214
134 224
134 239
134 325
135 178
135 386
136 233
136 373
136 376
136 379
136 394
136 407
137 164
137 210
137 226
137 234
138 155
138 164
138 259
138 260
138 351
139 152
139 153
139 238
140 143
140 161
140 163
141 150
141 155
141 179
141 191
141 220
141 260
141 276
142 163
142 250
142 321
142 370
142 386
143 152
143 164
143 191
143 193
145 189
145 299
146 156
146 158
146 170
146 179
146 193
146 220
147 161
147 222
147 248
147 272
147 312
148 285
149 188
149 324
149 417
150 155
150 158
150 238
150 260
150 264
151 163
152 156
152 158
152 161
152 218
152 248
152 286
152 333
153 158
154 271
154 274
154 401
155 189
155 238
155 259
155 260
156 276
157 207
157 257
157 400
158 163
158 201
158 238
158 248
159 174
159 217
159 228
159 235
159 371
159 405
161 163
161 192
161 219
162 163
162 228
162 321
162 337
162 366
162 367
163 176
163 205
163 218
163 223
163 229
163 241
163 249
163 250
163 307
163 310
163 341
163 366
164 208
164 222
164 234
164 237
164 243
165 169
165 240
166 240
166 273
166 398
167 194
167 199
167 202
167 242
167 268
167 292
168 324
169 186
170 276
170 319
171 243
171 263
171 274
171 351
172 209
172 269
172 340
172 355
172 368
174 251
174 252
174 253
174 262
174 266
174 299
174 307
174 310
174 342
175 246
175 255
175 311
175 395
176 366
176 381
176 404
176 418
177 320
178 250
178 275
178 316
178 366
178 373
179 196
180 181
180 246
180 341
180 364
180 392
181 182
181 323
181 346
181 363
181 378
181 402
181 416
181 418
181 419
182 229
182 289
182 295
182 300
182 327
182 344
182 381
182 396
182 405
183 334
183 365
183 389
184 235
184 376
184 394
185 195
185 198
186 226
186 301
187 225
187 234
187 294
187 360
187 375
187 398
189 276
190 256
190 259
191 238
191 312
192 239
192 240
192 321
193 224
193 274
193 296
193 343
194 242
194 292
195 201
196 259
197 215
197 280
197 298
197 329
197 374
197 375
198 319
199 206
199 272
200 222
200 238
200 240
200 382
201 256
201 258
201 286
202 258
202 298
204 250
204 266
204 342
204 354
204 372
204 373
204 375
205 237
205 286
205 307
205 312
207 210
207 253
207 262
207 401
208 211
208 343
209 346
209 396
209 413
210 234
210 249
210 357
211 236
212 216
212 337
212 341
213 315
213 326
213 342
213 350
213 358
213 389
213 407
213 411
214 230
214 234
214 238
214 239
214 240
214 276
215 246
215 374
215 389
215 391
216 299
216 412
217 245
217 249
217 371
218 229
219 245
221 349
222 273
223 248
224 287
224 297
224 324
225 292
225 317
226 315
226 394
227 230
227 252
227 360
227 383
228 253
228 261
228 262
228 266
228 279
228 308
228 310
229 251
229 253
229 262
229 279
229 309
229 343
229 396
230 264
230 317
230 360
231 329
231 332
232 306
232 325
232 400
234 251
234 266
234 280
235 266
235 320
235 372
235 373
236 237
236 251
236 252
237 250
237 252
238 264
239 306
239 321
239 366
240 270
240 297
240 298
241 249
241 367
243 312
244 341
245 270
245 294
246 251
246 284
246 294
246 314
246 342
246 364
246 391
246 392
246 393
246 394
246 395
246 412
247 306
248 312
249 255
249 266
249 300
249 310
249 371
250 266
250 316
250 366
250 370
250 380
250 408
251 289
251 405
252 295
252 371
253 262
253 278
253 295
253 371
255 266
255 337
255 380
255 385
255 402
255 409
257 318
261 339
261 371
261 409
261 417
262 278
262 295
262 307
262 371
263 270
263 276
264 325
264 360
265 268
265 378
266 289
266 303
266 405
267 271
271 276
271 296
274 324
275 335
275 376
275 380
276 349
277 342
277 373
277 390
278 304
278 309
278 311
278 341
279 295
279 339
279 371
279 405
279 409
280 347
280 382
280 394
281 310
281 343
281 362
282 300
282 346
282 402
283 293
283 360
283 400
284 287
284 322
284 370
284 408
290 296
290 315
290 347
290 352
290 394
291 349
292 317
292 401
293 294
293 366
293 370
295 357
296 306
297 324
298 319
298 362
299 338
299 359
299 365
300 357
300 378
300 417
300 418
301 306
302 385
303 356
303 359
303 364
303 385
303 387
305 345
305 350
305 372
305 383
305 414
306 325
307 371
308 341
308 356
308 369
308 371
308 385
308 388
308 409
309 311
309 338
309 354
309 367
309 387
310 371
311 336
311 337
311 339
311 342
311 364
311 370
311 406
311 409
315 334
315 348
315 350
316 366
316 375
320 334
320 350
320 376
320 379
320 394
322 382
324 410
326 372
326 373
327 381
327 403
327 413
327 416
327 419
328 329
328 374
328 380
328 397
329 331
329 335
329 377
329 385
329 391
329 395
330 350
330 356
330 414
331 348
331 376
331 398
332 385
332 404
333 337
333 408
334 339
334 377
335 338
335 393
336 392
336 406
337 370
337 386
337 408
338 355
338 364
339 342
339 372
339 389
339 408
339 411
340 399
341 359
341 364
341 380
341 387
341 393
342 373
342 388
342 395
344 390
344 415
344 416
344 419
345 356
345 394
345 414
346 371
346 400
346 417
347 355
350 355
350 370
350 376
350 389
350 411
352 394
354 404
355 394
356 375
357 371
357 378
357 405
357 409
358 386
358 390
359 375
363 400
364 387
365 383
365 414
366 368
367 380
368 409
370 372
370 375
372 393
373 377
373 387
373 388
373 390
375 387
375 388
375 393
376 379
376 395
377 387
379 382
379 407
381 402
381 416
381 419
384 391
384 403
384 406
387 392
387 395
387 399
388 407
388 414
389 390
389 399
389 403
389 411
390 404
390 411
391 415
392 399
394 407
394 414
395 399
395 406
400 402
400 416
402 413
402 418
409 419
413 416
416 417
416 418
417 418
418 419
