424
1485
1 51
1 70
1 78
1 138
1 292
1 310
2 4
2 7
2 25
2 56
2 70
2 73
2 93
2 94
2 98
2 99
2 101
2 112
2 115
2 119
2 128
2 135
2 140
2 141
2 149
2 159
2 172
2 179
2 181
2 189
2 215
2 228
2 237
2 241
2 242
2 244
2 256
2 316
3 6
3 70
3 73
3 89
3 93
3 102
3 120
3 183
3 189
3 242
3 278
4 25
4 29
4 37
4 42
4 66
4 72
4 80
4 93
4 96
4 99
4 102
4 103
4 106
4 107
4 112
4 115
4 140
4 141
4 142
4 143
4 162
4 172
4 215
4 220
4 265
4 308
5 6
5 41
5 44
5 62
5 69
5 92
5 94
5 124
5 155
5 185
5 250
5 308
6 8
6 13
6 36
6 70
6 73
6 82
6 83
6 89
6 96
6 101
6 140
6 150
6 156
6 176
6 181
6 189
6 246
6 250
6 254
6 261
7 17
7 82
7 89
7 93
7 97
7 111
7 117
7 120
7 174
7 183
7 230
7 254
7 255
7 256
7 262
8 27
8 28
8 72
8 80
8 81
8 107
8 188
8 213
9 109
9 161
9 221
9 296
9 301
10 177
10 269
10 274
10 284
10 327
12 46
12 69
13 29
13 89
13 148
13 151
13 249
15 115
15 172
16 29
16 133
16 299
16 341
17 18
17 128
18 69
18 70
18 75
18 105
18 112
18 129
18 139
18 277
18 346
19 63
19 123
19 130
19 195
19 197
19 208
19 240
19 301
19 397
20 60
20 109
20 170
20 187
20 227
20 290
20 300
20 301
20 345
21 44
21 86
21 324
21 368
22 116
22 159
22 255
22 278
23 34
23 139
23 182
23 346
24 37
24 41
24 109
24 134
24 301
25 28
25 70
25 93
25 162
25 188
25 192
26 69
26 75
26 352
27 70
27 80
27 184
27 253
27 264
27 308
28 69
28 86
28 93
28 123
28 175
28 240
28 340
29 89
29 187
29 249
29 255
30 35
30 39
30 69
30 133
30 192
30 227
30 266
31 69
31 143
32 88
32 151
32 255
33 280
33 322
33 325
33 335
33 367
33 388
34 92
34 93
34 94
34 156
34 261
35 53
35 134
35 161
35 180
35 194
35 227
35 257
35 275
35 281
35 306
35 310
36 93
36 137
36 139
37 172
38 203
38 322
38 373
38 376
39 58
39 78
39 177
39 199
40 97
40 109
40 110
40 116
40 135
40 149
40 159
40 178
40 193
40 265
40 334
40 350
41 63
41 161
41 185
41 219
42 110
42 177
42 202
42 205
42 220
42 248
42 403
42 421
43 206
43 207
43 280
43 312
43 353
43 369
43 381
43 385
43 386
43 419
44 299
44 347
44 380
44 385
44 386
44 421
45 47
45 49
45 198
45 315
45 317
45 323
45 326
45 354
45 356
45 373
45 384
46 196
46 198
46 344
46 421
47 160
47 163
47 173
47 319
47 322
47 328
47 342
47 365
47 404
48 303
48 332
48 339
48 356
48 373
48 381
49 74
49 348
49 356
49 402
49 414
49 419
50 86
50 124
50 134
50 197
50 198
50 214
50 271
50 280
50 297
50 327
51 69
51 227
51 299
51 397
52 58
52 134
52 190
52 193
52 214
52 271
52 280
52 297
53 58
53 84
53 86
53 223
53 224
53 310
53 392
53 393
54 337
54 420
54 422
55 130
55 157
55 257
56 93
56 310
56 332
56 353
56 360
56 413
57 58
57 86
57 177
57 196
57 230
57 257
57 269
57 271
57 274
57 283
57 327
57 354
57 392
58 78
58 81
58 84
58 86
58 105
58 134
58 194
58 199
58 211
58 223
58 257
58 275
58 280
58 286
58 298
59 225
59 269
59 311
59 354
60 78
60 86
60 153
60 214
60 331
60 346
61 85
61 191
61 198
61 205
61 218
61 299
61 312
61 335
61 365
61 388
62 72
62 93
62 178
62 355
63 279
64 162
64 308
64 343
65 97
65 107
66 87
66 109
66 172
66 194
66 227
66 252
66 268
66 281
66 292
66 301
66 309
67 70
67 75
67 94
67 144
67 151
67 176
67 178
68 69
68 310
68 313
69 70
69 75
69 79
69 86
69 123
69 129
69 197
69 230
69 337
69 346
70 82
70 90
70 93
70 95
70 99
70 119
70 128
70 135
70 141
70 144
70 148
70 162
70 172
70 179
70 183
70 189
70 216
70 231
70 232
70 234
70 242
70 264
70 292
70 310
70 316
70 350
70 351
71 135
71 192
71 217
71 253
72 80
72 97
72 115
72 135
72 193
72 245
73 89
73 93
73 104
73 115
73 182
73 189
73 236
73 246
73 263
73 278
73 313
73 328
73 335
73 365
74 89
74 110
74 116
74 117
74 135
74 159
74 255
74 334
76 103
76 104
77 78
77 126
78 86
78 129
78 300
78 333
79 129
79 296
80 140
80 231
80 253
80 291
81 172
82 139
83 86
83 210
83 329
83 355
83 372
83 393
84 86
84 275
84 396
85 109
85 185
85 203
85 260
85 279
85 307
85 312
85 366
86 105
86 108
86 110
86 124
86 125
86 130
86 134
86 161
86 194
86 211
86 221
86 223
86 245
86 257
86 275
86 297
86 298
86 310
86 377
86 397
87 193
87 301
87 401
88 110
88 277
89 94
89 136
89 148
89 156
89 182
89 189
89 234
89 249
89 277
90 95
90 97
90 137
90 241
91 98
91 115
91 179
92 137
92 171
92 216
92 219
92 251
92 288
93 94
93 95
93 97
93 98
93 99
93 100
93 102
93 110
93 111
93 115
93 116
93 119
93 131
93 135
93 137
93 145
93 147
93 148
93 149
93 154
93 156
93 181
93 189
93 215
93 228
93 229
93 234
93 242
93 247
93 251
93 253
93 255
94 95
95 97
95 100
95 102
95 110
95 115
95 248
95 291
95 334
96 138
96 141
96 143
96 179
97 99
97 100
97 115
97 141
97 172
97 188
97 224
97 245
97 247
97 291
97 315
97 402
98 156
98 277
98 360
99 115
99 135
99 144
100 141
100 263
100 291
101 247
103 192
105 168
105 211
105 381
105 394
105 416
105 418
105 419
107 112
107 228
108 393
108 401
109 132
109 175
109 195
109 221
109 266
109 306
109 376
109 385
110 111
110 112
110 117
110 135
110 149
110 159
110 181
110 230
110 248
110 262
110 334
111 114
111 229
111 253
112 114
112 116
112 137
112 141
112 149
112 253
112 263
112 316
113 354
113 409
114 146
114 157
114 174
114 184
114 213
114 259
114 267
114 286
115 140
115 141
115 143
115 149
115 159
115 229
115 245
115 247
116 135
116 255
116 293
117 122
117 141
117 142
117 149
117 159
117 204
117 263
118 153
118 309
118 420
118 422
119 135
119 253
119 262
119 267
119 276
119 286
119 297
120 143
120 159
120 256
121 170
121 416
122 131
123 127
123 165
123 168
123 237
123 266
123 300
123 326
123 348
123 353
123 370
123 416
124 157
124 280
124 298
124 320
125 222
126 227
126 292
126 301
127 201
127 237
127 266
127 280
127 297
127 325
127 326
127 348
127 353
127 357
127 378
129 172
129 195
130 197
130 211
130 214
130 283
130 310
130 393
130 401
131 253
132 197
132 214
132 221
132 337
132 385
132 401
132 406
133 168
133 236
133 237
134 271
135 162
135 188
135 229
135 247
135 290
135 316
136 244
136 256
136 290
137 138
137 179
137 219
137 241
137 261
137 278
137 350
138 219
139 148
139 189
139 263
139 277
140 143
140 245
141 158
141 183
141 228
141 256
142 248
142 277
142 291
143 144
144 188
145 193
145 247
146 180
146 190
146 213
146 223
146 256
146 259
146 267
146 276
146 283
146 286
146 343
147 248
147 343
148 156
148 244
148 313
149 213
149 291
151 176
151 217
151 240
151 250
151 261
153 337
153 400
154 155
154 181
154 235
154 238
155 277
155 420
156 232
156 236
156 240
156 249
156 261
156 292
157 194
157 225
157 262
157 267
157 270
157 272
157 286
157 343
158 284
160 168
160 173
160 347
160 404
161 205
161 211
161 221
161 337
161 401
162 178
162 179
162 193
162 217
162 232
162 265
162 395
163 280
163 353
163 372
163 381
163 416
163 419
164 355
164 410
165 203
165 348
165 379
165 398
166 304
166 330
166 364
166 399
167 302
167 303
167 317
167 353
167 377
167 379
167 422
168 210
168 237
168 341
168 360
168 399
168 404
170 191
170 210
170 350
170 370
170 383
171 264
173 311
173 358
173 370
173 402
174 184
174 346
175 221
175 292
175 307
175 397
176 216
177 269
177 275
177 283
177 285
177 290
177 321
177 348
178 259
178 343
179 264
180 193
180 262
180 274
180 286
180 292
181 213
181 259
182 217
183 308
183 313
184 256
184 346
185 307
185 329
185 355
185 365
185 394
185 406
185 414
186 295
187 240
187 243
187 309
187 357
187 391
188 193
188 247
188 290
190 196
190 222
190 290
190 298
190 343
191 218
191 223
191 319
191 325
191 338
191 371
191 372
191 388
191 398
191 416
192 310
193 222
193 259
193 265
193 283
194 224
194 275
194 393
194 396
195 221
195 266
195 321
195 401
196 198
196 254
196 259
196 264
196 269
196 271
196 283
196 334
196 336
196 395
197 204
197 257
197 273
197 296
197 298
197 377
198 312
198 353
198 369
198 384
199 204
199 268
199 327
199 396
200 342
200 378
200 404
201 260
201 282
201 302
201 303
201 364
201 407
202 349
202 355
202 376
202 377
202 405
203 338
203 348
203 352
203 357
203 390
203 394
203 403
203 404
204 283
204 298
204 402
205 206
205 210
205 297
205 319
205 322
205 339
205 358
205 368
205 370
205 402
205 416
206 312
206 328
206 335
206 358
206 408
208 305
208 339
208 388
209 237
209 328
209 380
210 304
210 329
210 332
210 347
210 371
210 385
210 386
210 402
211 224
211 327
211 393
211 401
212 218
212 280
212 307
212 322
212 355
212 404
212 411
213 259
213 267
213 270
213 271
213 274
213 286
213 292
214 222
214 310
216 240
217 265
217 308
218 352
218 356
218 388
218 411
220 222
220 223
221 337
221 400
221 401
222 297
222 392
222 414
223 275
223 297
223 299
223 327
223 369
223 370
223 393
223 418
224 268
224 275
224 418
225 226
225 274
225 280
225 295
225 311
227 294
227 301
227 314
227 391
227 400
227 405
229 230
230 262
230 343
230 361
231 308
233 236
235 240
235 314
235 327
235 357
235 359
235 361
236 261
236 278
238 240
238 391
238 404
240 260
240 301
240 366
240 403
242 249
243 357
244 249
245 254
245 402
246 248
246 345
252 360
252 361
253 336
253 343
253 344
255 259
255 276
255 336
255 343
256 320
257 283
257 358
258 291
259 262
259 267
259 274
259 283
259 343
260 404
262 343
266 299
266 321
266 326
266 328
266 329
266 348
266 353
266 356
266 379
266 386
267 269
267 271
267 283
268 269
268 270
268 296
268 327
268 354
268 400
269 270
269 283
269 311
270 274
270 284
271 272
271 273
271 280
271 283
271 286
271 344
271 414
272 285
273 283
274 284
274 286
275 392
275 393
275 394
277 376
278 328
279 307
279 342
279 352
279 382
279 407
279 415
280 345
280 353
280 373
280 413
280 414
281 282
281 303
281 382
281 405
282 302
282 314
283 298
283 395
285 327
286 336
286 344
287 375
287 420
288 417
289 375
289 382
289 411
290 343
290 406
291 334
291 336
292 321
293 334
293 343
293 351
293 395
294 327
294 381
296 327
297 381
297 408
297 414
299 342
299 359
299 404
300 327
300 333
300 337
300 338
300 381
300 401
301 306
301 361
301 387
301 391
301 417
302 303
302 304
302 361
302 405
303 327
303 354
303 361
303 366
303 377
303 408
303 409
303 413
304 314
304 399
305 321
305 338
305 367
305 370
305 390
305 405
306 338
306 341
306 361
307 314
307 352
307 394
307 399
309 314
309 362
309 385
311 317
311 356
311 380
312 325
312 335
312 362
312 380
312 386
312 390
312 408
314 352
314 361
314 400
315 402
317 344
317 354
317 367
317 381
319 328
319 371
320 415
321 376
322 328
322 339
322 365
322 368
322 414
323 328
323 373
324 364
324 404
325 342
325 367
326 348
326 353
327 381
327 393
328 360
328 370
328 373
328 394
329 335
329 352
329 381
329 386
329 390
330 347
330 354
330 388
331 342
331 352
331 360
331 366
331 403
332 339
332 356
332 386
333 361
335 369
335 404
336 343
336 344
336 395
338 390
338 394
338 416
339 347
339 368
340 368
340 372
340 414
342 349
342 352
342 355
344 408
345 353
345 369
345 370
345 413
346 406
347 367
347 423
348 378
348 404
349 355
349 359
349 360
349 365
352 423
353 356
353 373
353 379
353 413
354 356
356 378
356 381
358 413
359 399
359 403
359 411
360 405
360 416
361 377
362 390
362 410
362 411
363 381
364 410
365 367
367 368
367 376
367 414
368 414
369 381
370 371
373 418
374 404
375 420
375 424
376 381
377 423
378 379
380 409
381 385
381 402
381 416
383 398
386 394
390 405
393 396
393 401
393 418
398 415
398 423
402 414
403 404
405 411
408 413
412 415
412 424
413 418
414 423
420 424
422 424
