434
1533
1 65
1 191
2 157
2 304
2 333
3 5
3 7
3 15
3 25
3 74
4 8
4 11
4 36
4 65
4 179
4 250
5 52
6 60
6 64
6 76
6 105
6 237
7 12
7 22
7 87
7 123
7 144
7 151
7 154
7 159
7 180
7 185
7 198
7 250
7 303
8 33
8 65
8 74
8 86
8 96
8 104
8 179
8 193
8 247
9 25
10 41
10 125
10 324
10 362
11 25
11 71
11 91
11 92
11 100
11 153
11 156
11 165
11 167
11 215
11 240
11 297
11 356
12 97
12 99
12 161
12 189
12 222
12 238
12 254
12 255
12 257
12 260
12 292
12 295
12 304
12 318
12 344
12 353
12 377
12 386
12 423
13 58
13 106
13 161
13 266
13 289
13 337
14 33
14 57
14 74
14 84
14 86
14 87
14 139
15 96
16 406
16 407
16 413
17 58
17 172
18 64
18 169
18 269
19 58
19 248
19 264
20 125
20 415
20 420
21 127
21 161
21 284
22 25
22 33
22 90
22 152
22 181
23 189
23 217
23 364
24 58
24 240
24 286
24 392
25 74
25 75
25 161
25 193
25 200
25 248
25 287
26 30
26 55
26 58
26 69
26 96
26 162
26 170
26 271
26 272
26 431
27 28
27 64
27 68
27 174
28 38
28 60
28 62
28 81
28 108
28 155
28 165
28 240
29 62
29 107
29 217
29 339
29 363
29 405
30 44
30 58
30 103
30 108
30 112
30 229
30 264
30 267
30 385
30 394
31 46
31 62
31 85
31 113
31 121
31 122
31 128
31 217
31 222
31 295
31 334
31 376
32 189
32 315
32 385
32 432
32 433
33 81
33 93
33 154
34 58
34 64
34 174
34 205
35 41
35 101
35 127
35 149
35 234
35 248
35 295
36 58
36 76
36 108
36 172
36 262
36 312
37 73
37 185
37 299
38 58
38 64
38 82
38 256
39 50
39 74
39 84
39 102
39 154
39 176
39 241
39 242
39 269
39 281
39 325
40 58
40 127
40 172
40 194
40 324
41 67
41 101
41 165
41 185
42 108
42 115
42 122
42 167
42 189
42 235
42 292
42 295
42 307
42 314
42 316
43 121
43 282
43 399
44 186
44 214
44 217
44 376
44 383
44 387
44 395
44 396
44 429
45 46
45 107
45 122
45 203
45 214
45 282
45 301
45 306
45 326
45 344
45 353
45 361
45 371
45 378
45 387
45 393
45 416
45 423
46 116
46 214
46 238
46 255
46 360
46 385
47 48
47 117
47 218
47 350
47 361
47 423
48 122
48 123
48 329
48 364
48 391
48 402
48 405
49 182
49 212
49 218
49 346
49 360
49 410
50 74
50 139
50 154
50 157
50 202
50 325
51 64
51 149
51 202
52 58
52 95
52 185
52 234
52 295
52 307
52 333
52 402
53 54
53 108
53 149
53 253
53 304
53 307
53 313
53 392
53 430
54 127
54 302
55 153
55 157
55 166
55 169
55 242
55 257
55 305
55 416
56 150
56 207
56 212
56 362
56 414
56 422
58 59
58 62
58 64
58 67
58 72
58 73
58 76
58 81
58 83
58 92
58 97
58 99
58 108
58 118
58 119
58 125
58 126
58 128
58 129
58 133
58 136
58 138
58 159
58 162
58 163
58 164
58 165
58 168
58 170
58 171
58 172
58 188
58 192
58 197
58 207
58 214
58 215
58 216
58 223
58 227
58 229
58 232
58 238
58 240
58 243
58 252
58 253
58 256
58 257
58 262
58 263
58 265
58 266
58 267
58 276
58 280
58 283
58 289
58 295
58 302
58 303
58 308
58 310
58 317
58 337
58 340
58 355
58 357
58 362
58 376
58 377
58 385
58 392
58 394
58 430
59 235
59 262
59 317
59 334
59 339
59 371
59 378
59 383
59 403
60 92
60 161
60 184
60 199
60 200
60 208
60 232
60 289
61 81
61 82
61 86
61 100
61 141
61 142
61 153
61 190
61 194
61 231
61 252
61 256
61 296
62 63
62 70
62 116
62 128
62 179
62 214
62 253
62 322
62 354
62 376
62 396
62 398
62 427
63 90
63 137
63 176
63 181
63 238
63 242
63 244
63 314
64 68
64 81
64 82
64 84
64 87
64 88
64 98
64 136
64 142
64 153
64 155
64 163
64 169
64 174
64 196
64 231
64 237
64 257
64 273
64 296
64 300
64 311
64 347
65 163
66 69
66 108
66 320
67 108
67 184
67 249
67 251
67 302
67 394
68 92
68 211
68 228
68 261
68 375
69 108
69 118
69 131
69 134
69 137
69 172
69 242
69 299
70 99
70 190
70 312
70 314
71 81
71 84
71 131
71 195
71 278
72 95
73 106
73 164
73 229
73 321
73 341
74 139
74 148
74 154
74 236
75 81
75 192
76 108
76 163
76 204
76 229
76 265
76 312
76 392
77 92
77 153
77 166
77 199
77 291
77 347
78 92
78 221
78 341
78 364
78 384
78 419
78 421
79 92
79 342
79 375
80 154
80 237
81 84
81 86
81 87
81 88
81 143
81 153
81 166
81 247
81 266
81 312
81 314
82 91
82 93
82 141
82 174
82 197
82 204
82 246
82 287
82 314
82 352
83 131
83 163
83 171
83 173
83 229
83 309
84 87
84 102
84 143
84 144
84 148
84 154
84 155
84 174
84 261
84 296
84 333
85 135
85 166
85 167
85 242
85 325
85 331
86 87
86 88
86 89
86 105
86 135
86 145
86 153
86 179
86 244
86 259
86 276
86 278
86 305
86 325
86 349
87 153
88 149
88 201
88 237
89 90
89 141
90 138
90 154
90 244
90 259
91 144
91 147
91 154
91 206
91 270
91 320
91 349
92 95
92 99
92 118
92 126
92 222
92 240
92 267
92 284
92 289
92 290
92 332
92 339
92 350
92 424
92 429
93 102
93 137
93 151
93 178
93 207
93 210
93 250
93 278
94 141
94 166
94 272
94 314
95 199
95 243
95 353
95 397
96 151
96 158
96 182
96 193
96 239
97 212
97 295
98 125
98 153
98 261
98 400
99 199
99 222
99 240
99 243
99 344
99 358
99 394
101 272
102 146
102 154
102 195
102 285
103 124
103 161
103 203
103 366
104 129
104 156
105 240
106 177
106 205
106 331
107 115
107 189
107 321
107 334
107 348
107 378
107 416
107 429
108 118
108 126
108 127
108 155
108 161
108 163
108 165
108 171
108 172
108 181
108 185
108 198
108 222
108 226
108 232
108 243
108 253
108 266
108 289
108 303
108 306
108 314
108 315
108 327
108 356
109 180
109 272
109 278
109 289
110 120
110 125
110 127
110 213
110 265
111 290
111 396
111 429
111 434
112 131
113 270
113 361
113 420
114 292
114 357
114 383
114 408
114 411
114 420
114 421
115 210
115 238
115 308
115 315
115 317
115 332
115 336
115 338
115 379
115 383
116 126
116 128
116 175
116 257
116 334
116 363
116 364
116 398
117 191
117 279
117 280
117 298
118 133
118 172
118 178
118 251
118 375
118 424
119 153
119 199
119 305
120 177
120 184
120 232
120 272
120 392
121 189
121 214
121 386
121 387
121 420
122 189
122 214
122 252
122 342
122 365
122 415
123 189
123 217
123 238
123 279
123 282
123 292
123 301
123 343
123 350
123 388
124 229
124 253
124 304
124 327
124 367
125 257
125 280
125 304
125 307
125 340
126 188
126 316
126 377
126 404
127 172
127 249
127 302
128 265
128 267
128 289
128 397
128 405
128 411
128 427
129 200
130 134
130 271
130 300
130 320
131 154
131 206
132 140
132 324
133 151
133 154
133 163
133 170
133 204
133 278
134 137
134 154
134 160
134 271
134 278
134 303
135 140
135 166
135 305
136 166
136 230
137 271
138 143
138 153
138 155
138 167
138 174
139 143
139 148
139 176
140 181
140 190
140 194
140 320
141 144
141 145
141 148
141 152
141 190
141 233
141 256
141 305
141 349
142 246
142 247
142 265
143 148
143 231
143 244
144 153
144 154
144 169
144 195
144 327
145 146
145 154
145 242
145 325
146 159
146 181
146 195
146 352
148 166
148 195
148 236
149 180
149 240
149 244
150 158
150 197
150 346
150 349
150 410
150 414
151 166
151 299
152 166
152 247
153 155
153 192
153 196
153 230
153 231
153 241
153 257
153 296
153 309
153 352
154 155
154 160
154 181
154 259
155 163
155 228
155 230
155 241
155 285
156 257
156 268
156 356
156 425
157 184
157 321
158 178
160 271
160 278
161 262
161 346
161 410
162 371
163 171
163 172
163 226
163 242
163 324
163 327
163 356
164 271
164 299
165 172
165 320
165 356
166 195
166 196
166 200
166 231
166 236
166 244
166 259
167 189
167 352
168 170
168 250
168 266
169 228
169 233
169 247
169 268
169 292
170 324
171 172
171 180
171 185
171 307
172 180
172 215
172 286
173 237
174 305
175 353
175 381
176 195
176 271
177 270
177 297
177 304
178 244
178 250
178 272
178 311
179 291
180 181
180 293
181 198
181 237
181 325
181 352
182 270
182 297
182 361
182 366
182 423
183 186
183 187
183 188
183 205
183 209
183 308
183 351
183 427
184 249
184 302
185 280
185 304
185 363
186 205
186 266
186 315
186 391
186 395
186 415
187 205
187 220
187 308
187 427
187 433
188 263
188 264
188 265
188 289
189 210
189 224
189 339
189 377
190 247
190 248
190 285
191 359
191 389
191 434
192 194
192 222
192 307
194 320
195 241
195 259
195 269
195 325
197 249
197 311
197 313
197 323
197 346
197 414
197 431
200 296
201 305
201 418
202 241
202 352
203 298
203 345
203 414
203 423
205 217
207 286
207 291
207 298
207 377
208 244
208 264
208 267
208 312
209 354
210 348
210 386
210 398
210 426
211 214
211 231
211 290
211 319
211 331
211 333
211 336
211 358
211 383
211 418
211 420
212 260
212 291
212 323
212 423
213 225
213 232
214 219
214 267
214 300
214 334
214 339
214 344
214 353
215 243
215 262
215 295
215 315
215 370
216 310
216 429
217 224
217 291
217 330
217 336
217 378
217 403
217 420
218 221
218 283
218 339
218 361
218 389
219 397
220 282
220 330
220 331
220 354
220 378
220 384
220 389
220 420
221 342
221 364
221 373
221 393
221 416
222 295
222 334
222 390
222 394
222 412
222 421
223 304
223 378
223 398
224 363
224 365
224 367
224 384
225 313
226 303
226 306
228 230
228 231
228 261
228 268
230 231
230 248
231 237
231 263
231 275
232 331
232 370
232 392
232 394
232 424
233 312
234 277
234 349
235 290
235 292
235 306
235 315
235 317
235 365
235 379
235 404
235 418
235 419
236 242
238 277
238 290
238 295
238 339
238 342
238 353
238 354
238 368
238 384
238 409
238 413
239 342
240 245
240 295
240 304
240 306
240 355
242 244
242 305
243 245
243 264
243 265
243 267
244 309
244 351
245 266
245 289
245 295
245 333
245 394
246 257
246 261
246 300
247 257
247 327
248 309
248 322
249 302
249 326
249 346
250 311
250 424
251 280
251 327
251 431
252 291
252 325
252 418
253 310
253 394
254 302
254 307
254 313
254 349
255 384
255 401
255 414
255 416
256 276
256 305
257 327
258 261
258 289
258 310
258 319
259 325
260 302
260 405
260 409
262 382
262 422
262 430
264 394
265 312
265 339
265 370
266 358
266 359
266 410
266 417
266 422
267 295
267 339
267 371
267 373
267 374
267 397
268 309
268 325
269 325
270 282
270 297
270 302
270 323
270 337
270 350
270 366
271 299
272 431
273 306
273 357
274 379
275 312
276 314
277 282
277 314
277 318
277 344
277 387
279 298
279 342
279 367
279 391
280 304
280 313
281 297
281 311
282 301
282 302
282 387
282 409
283 367
283 409
284 321
284 391
286 392
287 305
287 352
288 377
289 297
289 313
289 392
289 410
290 291
290 343
290 353
290 365
290 382
290 398
291 292
291 322
291 331
291 338
291 365
291 369
291 379
291 381
291 399
292 295
292 306
292 339
292 358
292 369
292 377
292 399
292 421
293 372
294 341
294 351
294 355
295 313
295 374
295 394
295 398
297 337
301 342
301 354
301 387
302 323
302 337
302 426
303 357
303 394
303 406
304 307
304 337
304 339
304 363
306 386
307 340
307 394
308 315
308 334
308 403
312 313
314 322
315 316
315 333
315 334
315 339
315 341
315 348
315 358
315 376
315 382
315 403
316 319
316 403
316 404
316 433
317 334
317 341
317 353
317 358
317 397
317 413
317 415
318 369
318 413
319 331
321 367
321 398
322 367
322 411
322 421
323 331
323 410
326 337
326 366
326 414
327 362
328 382
329 387
329 395
329 398
329 399
329 419
329 420
330 343
330 384
331 349
331 421
332 343
332 344
332 369
332 419
334 388
335 398
336 429
337 340
337 349
337 394
337 417
339 367
339 374
339 382
339 403
341 407
341 425
341 432
342 354
342 383
342 416
344 353
344 354
344 364
344 378
344 398
344 413
345 363
346 359
346 366
346 401
346 431
348 375
348 381
349 426
351 422
353 365
353 379
353 412
353 421
354 358
354 376
354 383
354 386
354 389
354 426
358 365
358 386
360 423
361 409
361 434
363 374
363 377
363 405
364 416
364 421
365 378
365 379
365 403
365 433
366 401
367 368
368 426
369 400
373 376
373 393
373 428
374 405
375 383
375 389
376 383
376 404
376 415
377 384
377 403
378 379
378 388
378 409
379 403
381 408
382 404
382 415
382 422
383 412
384 405
385 386
385 429
386 398
388 403
390 416
392 394
395 411
396 404
396 420
397 404
397 415
397 427
400 421
401 423
403 404
404 411
405 421
407 427
407 432
409 426
417 425
420 427
422 425
427 428
427 432
