116
2383
1 8
1 9
1 14
1 15
1 17
1 19
1 23
1 25
1 28
1 36
1 40
1 45
1 46
1 47
1 86
1 87
1 89
1 91
1 92
1 93
1 94
1 95
1 96
1 97
1 98
1 99
1 100
1 101
1 102
1 103
1 104
1 105
1 106
1 107
1 108
1 109
1 110
1 111
1 112
1 113
1 114
1 115
1 116
2 3
2 7
2 10
2 22
2 24
2 26
2 30
2 32
2 33
2 34
2 35
2 73
2 74
2 75
2 80
2 81
2 82
2 83
2 84
2 85
2 90
3 7
3 10
3 22
3 24
3 26
3 30
3 32
3 33
3 34
3 35
3 73
3 74
3 75
3 80
3 81
3 82
3 83
3 84
3 85
3 90
4 5
4 6
4 11
4 12
4 13
4 16
4 18
4 20
4 21
4 27
4 29
4 31
4 37
4 38
4 39
4 41
4 42
4 43
4 44
4 48
4 49
4 50
4 51
4 52
4 53
4 54
4 55
4 56
4 57
4 58
4 59
4 60
4 61
4 62
4 63
4 64
4 65
4 66
4 67
4 68
4 69
4 70
4 71
4 72
4 76
4 77
4 78
4 79
4 88
5 6
5 11
5 12
5 13
5 16
5 18
5 20
5 21
5 27
5 29
5 31
5 37
5 38
5 39
5 41
5 42
5 43
5 44
5 48
5 49
5 50
5 51
5 52
5 53
5 54
5 55
5 56
5 57
5 58
5 59
5 60
5 61
5 62
5 63
5 64
5 65
5 66
5 67
5 68
5 69
5 70
5 71
5 72
5 76
5 77
5 78
5 79
5 88
6 11
6 12
6 13
6 16
6 18
6 20
6 21
6 27
6 29
6 31
6 37
6 38
6 39
6 41
6 42
6 43
6 44
6 48
6 49
6 50
6 51
6 52
6 53
6 54
6 55
6 56
6 57
6 58
6 59
6 60
6 61
6 62
6 63
6 64
6 65
6 66
6 67
6 68
6 69
6 70
6 71
6 72
6 76
6 77
6 78
6 79
6 88
7 10
7 22
7 24
7 26
7 30
7 32
7 33
7 34
7 35
7 73
7 74
7 75
7 80
7 81
7 82
7 83
7 84
7 85
7 90
8 9
8 14
8 15
8 17
8 19
8 23
8 25
8 28
8 36
8 40
8 45
8 46
8 47
8 86
8 87
8 89
8 91
8 92
8 93
8 94
8 95
8 96
8 97
8 98
8 99
8 100
8 101
8 102
8 103
8 104
8 105
8 106
8 107
8 108
8 109
8 110
8 111
8 112
8 113
8 114
8 115
8 116
9 14
9 15
9 17
9 19
9 23
9 25
9 28
9 36
9 40
9 45
9 46
9 47
9 86
9 87
9 89
9 91
9 92
9 93
9 94
9 95
9 96
9 97
9 98
9 99
9 100
9 101
9 102
9 103
9 104
9 105
9 106
9 107
9 108
9 109
9 110
9 111
9 112
9 113
9 114
9 115
9 116
10 22
10 24
10 26
10 30
10 32
10 33
10 34
10 35
10 73
10 74
10 75
10 80
10 81
10 82
10 83
10 84
10 85
10 90
11 12
11 13
11 16
11 18
11 20
11 21
11 27
11 29
11 31
11 37
11 38
11 39
11 41
11 42
11 43
11 44
11 48
11 49
11 50
11 51
11 52
11 53
11 54
11 55
11 56
11 57
11 58
11 59
11 60
11 61
11 62
11 63
11 64
11 65
11 66
11 67
11 68
11 69
11 70
11 71
11 72
11 76
11 77
11 78
11 79
11 88
12 13
12 16
12 18
12 20
12 21
12 27
12 29
12 31
12 37
12 38
12 39
12 41
12 42
12 43
12 44
12 48
12 49
12 50
12 51
12 52
12 53
12 54
12 55
12 56
12 57
12 58
12 59
12 60
12 61
12 62
12 63
12 64
12 65
12 66
12 67
12 68
12 69
12 70
12 71
12 72
12 76
12 77
12 78
12 79
12 88
13 16
13 18
13 20
13 21
13 27
13 29
13 31
13 37
13 38
13 39
13 41
13 42
13 43
13 44
13 48
13 49
13 50
13 51
13 52
13 53
13 54
13 55
13 56
13 57
13 58
13 59
13 60
13 61
13 62
13 63
13 64
13 65
13 66
13 67
13 68
13 69
13 70
13 71
13 72
13 76
13 77
13 78
13 79
13 88
14 15
14 17
14 19
14 23
14 25
14 28
14 36
14 40
14 45
14 46
14 47
14 86
14 87
14 89
14 91
14 92
14 93
14 94
14 95
14 96
14 97
14 98
14 99
14 100
14 101
14 102
14 103
14 104
14 105
14 106
14 107
14 108
14 109
14 110
14 111
14 112
14 113
14 114
14 115
14 116
15 17
15 19
15 23
15 25
15 28
15 36
15 40
15 45
15 46
15 47
15 86
15 87
15 89
15 91
15 92
15 93
15 94
15 95
15 96
15 97
15 98
15 99
15 100
15 101
15 102
15 103
15 104
15 105
15 106
15 107
15 108
15 109
15 110
15 111
15 112
15 113
15 114
15 115
15 116
16 18
16 20
16 21
16 27
16 29
16 31
16 37
16 38
16 39
16 41
16 42
16 43
16 44
16 48
16 49
16 50
16 51
16 52
16 53
16 54
16 55
16 56
16 57
16 58
16 59
16 60
16 61
16 62
16 63
16 64
16 65
16 66
16 67
16 68
16 69
16 70
16 71
16 72
16 76
16 77
16 78
16 79
16 88
17 19
17 23
17 25
17 28
17 36
17 40
17 45
17 46
17 47
17 86
17 87
17 89
17 91
17 92
17 93
17 94
17 95
17 96
17 97
17 98
17 99
17 100
17 101
17 102
17 103
17 104
17 105
17 106
17 107
17 108
17 109
17 110
17 111
17 112
17 113
17 114
17 115
17 116
18 20
18 21
18 27
18 29
18 31
18 37
18 38
18 39
18 41
18 42
18 43
18 44
18 48
18 49
18 50
18 51
18 52
18 53
18 54
18 55
18 56
18 57
18 58
18 59
18 60
18 61
18 62
18 63
18 64
18 65
18 66
18 67
18 68
18 69
18 70
18 71
18 72
18 76
18 77
18 78
18 79
18 88
19 23
19 25
19 28
19 36
19 40
19 45
19 46
19 47
19 86
19 87
19 89
19 91
19 92
19 93
19 94
19 95
19 96
19 97
19 98
19 99
19 100
19 101
19 102
19 103
19 104
19 105
19 106
19 107
19 108
19 109
19 110
19 111
19 112
19 113
19 114
19 115
19 116
20 21
20 27
20 29
20 31
20 37
20 38
20 39
20 41
20 42
20 43
20 44
20 48
20 49
20 50
20 51
20 52
20 53
20 54
20 55
20 56
20 57
20 58
20 59
20 60
20 61
20 62
20 63
20 64
20 65
20 66
20 67
20 68
20 69
20 70
20 71
20 72
20 76
20 77
20 78
20 79
20 88
21 27
21 29
21 31
21 37
21 38
21 39
21 41
21 42
21 43
21 44
21 48
21 49
21 50
21 51
21 52
21 53
21 54
21 55
21 56
21 57
21 58
21 59
21 60
21 61
21 62
21 63
21 64
21 65
21 66
21 67
21 68
21 69
21 70
21 71
21 72
21 76
21 77
21 78
21 79
21 88
22 24
22 26
22 30
22 32
22 33
22 34
22 35
22 73
22 74
22 75
22 80
22 81
22 82
22 83
22 84
22 85
22 90
23 25
23 28
23 36
23 40
23 45
23 46
23 47
23 86
23 87
23 89
23 91
23 92
23 93
23 94
23 95
23 96
23 97
23 98
23 99
23 100
23 101
23 102
23 103
23 104
23 105
23 106
23 107
23 108
23 109
23 110
23 111
23 112
23 113
23 114
23 115
23 116
24 26
24 30
24 32
24 33
24 34
24 35
24 73
24 74
24 75
24 80
24 81
24 82
24 83
24 84
24 85
24 90
25 28
25 36
25 40
25 45
25 46
25 47
25 86
25 87
25 89
25 91
25 92
25 93
25 94
25 95
25 96
25 97
25 98
25 99
25 100
25 101
25 102
25 103
25 104
25 105
25 106
25 107
25 108
25 109
25 110
25 111
25 112
25 113
25 114
25 115
25 116
26 30
26 32
26 33
26 34
26 35
26 73
26 74
26 75
26 80
26 81
26 82
26 83
26 84
26 85
26 90
27 29
27 31
27 37
27 38
27 39
27 41
27 42
27 43
27 44
27 48
27 49
27 50
27 51
27 52
27 53
27 54
27 55
27 56
27 57
27 58
27 59
27 60
27 61
27 62
27 63
27 64
27 65
27 66
27 67
27 68
27 69
27 70
27 71
27 72
27 76
27 77
27 78
27 79
27 88
28 36
28 40
28 45
28 46
28 47
28 86
28 87
28 89
28 91
28 92
28 93
28 94
28 95
28 96
28 97
28 98
28 99
28 100
28 101
28 102
28 103
28 104
28 105
28 106
28 107
28 108
28 109
28 110
28 111
28 112
28 113
28 114
28 115
28 116
29 31
29 37
29 38
29 39
29 41
29 42
29 43
29 44
29 48
29 49
29 50
29 51
29 52
29 53
29 54
29 55
29 56
29 57
29 58
29 59
29 60
29 61
29 62
29 63
29 64
29 65
29 66
29 67
29 68
29 69
29 70
29 71
29 72
29 76
29 77
29 78
29 79
29 88
30 32
30 33
30 34
30 35
30 73
30 74
30 75
30 80
30 81
30 82
30 83
30 84
30 85
30 90
31 37
31 38
31 39
31 41
31 42
31 43
31 44
31 48
31 49
31 50
31 51
31 52
31 53
31 54
31 55
31 56
31 57
31 58
31 59
31 60
31 61
31 62
31 63
31 64
31 65
31 66
31 67
31 68
31 69
31 70
31 71
31 72
31 76
31 77
31 78
31 79
31 88
32 33
32 34
32 35
32 73
32 74
32 75
32 80
32 81
32 82
32 83
32 84
32 85
32 90
33 34
33 35
33 73
33 74
33 75
33 80
33 81
33 82
33 83
33 84
33 85
33 90
34 35
34 73
34 74
34 75
34 80
34 81
34 82
34 83
34 84
34 85
34 90
35 73
35 74
35 75
35 80
35 81
35 82
35 83
35 84
35 85
35 90
36 40
36 45
36 46
36 47
36 86
36 87
36 89
36 91
36 92
36 93
36 94
36 95
36 96
36 97
36 98
36 99
36 100
36 101
36 102
36 103
36 104
36 105
36 106
36 107
36 108
36 109
36 110
36 111
36 112
36 113
36 114
36 115
36 116
37 38
37 39
37 41
37 42
37 43
37 44
37 48
37 49
37 50
37 51
37 52
37 53
37 54
37 55
37 56
37 57
37 58
37 59
37 60
37 61
37 62
37 63
37 64
37 65
37 66
37 67
37 68
37 69
37 70
37 71
37 72
37 76
37 77
37 78
37 79
37 88
38 39
38 41
38 42
38 43
38 44
38 48
38 49
38 50
38 51
38 52
38 53
38 54
38 55
38 56
38 57
38 58
38 59
38 60
38 61
38 62
38 63
38 64
38 65
38 66
38 67
38 68
38 69
38 70
38 71
38 72
38 76
38 77
38 79
38 88
39 41
39 42
39 43
39 44
39 48
39 49
39 50
39 51
39 52
39 53
39 54
39 55
39 56
39 57
39 58
39 59
39 60
39 61
39 62
39 63
39 64
39 65
39 66
39 67
39 68
39 69
39 70
39 71
39 72
39 76
39 77
39 78
39 79
39 88
40 45
40 46
40 47
40 86
40 87
40 89
40 91
40 92
40 93
40 94
40 95
40 96
40 97
40 98
40 99
40 100
40 101
40 102
40 103
40 104
40 105
40 106
40 107
40 108
40 109
40 110
40 111
40 112
40 113
40 114
40 115
40 116
41 42
41 43
41 44
41 48
41 49
41 50
41 51
41 52
41 53
41 54
41 55
41 56
41 57
41 58
41 59
41 60
41 61
41 62
41 63
41 64
41 65
41 66
41 67
41 68
41 69
41 70
41 71
41 72
41 76
41 77
41 78
41 79
41 88
42 43
42 44
42 48
42 49
42 50
42 51
42 52
42 53
42 54
42 55
42 56
42 57
42 58
42 59
42 60
42 61
42 62
42 63
42 64
42 65
42 66
42 67
42 68
42 69
42 70
42 71
42 72
42 76
42 77
42 78
42 79
42 88
43 44
43 48
43 49
43 50
43 51
43 52
43 53
43 54
43 55
43 56
43 57
43 58
43 59
43 60
43 61
43 62
43 63
43 64
43 65
43 66
43 67
43 68
43 69
43 70
43 71
43 72
43 76
43 77
43 78
43 79
43 88
44 48
44 49
44 50
44 51
44 52
44 53
44 54
44 55
44 56
44 57
44 58
44 59
44 60
44 61
44 62
44 63
44 64
44 65
44 66
44 67
44 68
44 69
44 70
44 71
44 72
44 76
44 77
44 79
44 88
45 46
45 47
45 86
45 87
45 89
45 91
45 92
45 93
45 94
45 95
45 96
45 97
45 98
45 99
45 100
45 101
45 102
45 103
45 104
45 105
45 106
45 107
45 108
45 109
45 110
45 111
45 112
45 113
45 114
45 115
45 116
46 47
46 86
46 87
46 89
46 91
46 92
46 93
46 94
46 95
46 96
46 97
46 98
46 99
46 100
46 101
46 102
46 103
46 104
46 105
46 106
46 107
46 108
46 109
46 110
46 111
46 112
46 113
46 114
46 115
46 116
47 86
47 87
47 89
47 91
47 92
47 93
47 94
47 95
47 96
47 97
47 98
47 99
47 100
47 101
47 102
47 103
47 104
47 105
47 106
47 107
47 108
47 109
47 110
47 111
47 112
47 113
47 114
47 115
47 116
48 49
48 50
48 51
48 52
48 53
48 54
48 55
48 56
48 57
48 58
48 59
48 60
48 61
48 62
48 63
48 64
48 65
48 66
48 67
48 68
48 69
48 70
48 71
48 72
48 76
48 77
48 78
48 79
48 88
49 50
49 51
49 52
49 53
49 54
49 55
49 56
49 57
49 58
49 59
49 60
49 61
49 62
49 63
49 64
49 65
49 66
49 67
49 68
49 69
49 70
49 71
49 72
49 76
49 77
49 79
49 88
50 51
50 52
50 53
50 54
50 55
50 56
50 57
50 58
50 59
50 60
50 61
50 62
50 63
50 64
50 65
50 66
50 67
50 68
50 69
50 70
50 71
50 72
50 76
50 77
50 78
50 79
50 88
51 52
51 53
51 54
51 55
51 56
51 57
51 58
51 59
51 60
51 61
51 62
51 63
51 64
51 65
51 66
51 67
51 68
51 69
51 70
51 71
51 72
51 76
51 77
51 78
51 79
51 88
52 53
52 54
52 55
52 56
52 57
52 58
52 59
52 60
52 61
52 62
52 63
52 64
52 65
52 66
52 67
52 68
52 69
52 70
52 71
52 72
52 76
52 77
52 78
52 79
52 88
53 54
53 55
53 56
53 57
53 58
53 59
53 60
53 61
53 62
53 63
53 64
53 65
53 66
53 67
53 68
53 69
53 70
53 71
53 72
53 76
53 77
53 79
53 88
54 55
54 56
54 57
54 58
54 59
54 60
54 61
54 62
54 63
54 64
54 65
54 66
54 67
54 68
54 69
54 70
54 71
54 72
54 76
54 77
54 78
54 79
54 88
55 56
55 57
55 58
55 59
55 60
55 61
55 62
55 63
55 64
55 65
55 66
55 67
55 68
55 69
55 70
55 71
55 72
55 76
55 77
55 79
55 88
56 57
56 58
56 59
56 60
56 61
56 62
56 63
56 64
56 65
56 66
56 67
56 68
56 69
56 70
56 71
56 72
56 76
56 77
56 79
56 88
57 58
57 59
57 60
57 61
57 62
57 63
57 64
57 65
57 66
57 67
57 68
57 69
57 70
57 71
57 72
57 76
57 77
57 78
57 79
57 88
58 59
58 60
58 61
58 62
58 63
58 64
58 65
58 66
58 67
58 68
58 69
58 70
58 71
58 72
58 76
58 77
58 78
58 79
58 88
59 60
59 61
59 62
59 63
59 64
59 65
59 66
59 67
59 68
59 69
59 70
59 71
59 72
59 76
59 77
59 78
59 79
59 88
60 61
60 62
60 63
60 64
60 65
60 66
60 67
60 68
60 69
60 70
60 71
60 72
60 76
60 77
60 78
60 79
60 88
61 62
61 63
61 64
61 65
61 66
61 67
61 68
61 69
61 70
61 71
61 72
61 76
61 77
61 79
61 88
62 63
62 64
62 65
62 66
62 67
62 68
62 69
62 70
62 71
62 72
62 76
62 77
62 79
62 88
63 64
63 65
63 66
63 67
63 68
63 69
63 70
63 71
63 72
63 76
63 77
63 79
63 88
64 65
64 66
64 67
64 68
64 69
64 70
64 71
64 72
64 76
64 77
64 79
64 88
65 66
65 67
65 68
65 69
65 70
65 71
65 72
65 76
65 77
65 79
65 88
66 67
66 68
66 69
66 70
66 71
66 72
66 76
66 77
66 79
66 88
67 68
67 69
67 70
67 71
67 72
67 76
67 77
67 79
67 88
68 69
68 70
68 71
68 72
68 76
68 77
68 78
68 79
68 88
69 70
69 71
69 72
69 76
69 77
69 78
69 79
69 88
70 71
70 72
70 76
70 77
70 79
70 88
71 72
71 76
71 77
71 79
71 88
72 76
72 77
72 79
72 88
73 74
73 75
73 80
73 81
73 82
73 83
73 84
73 85
73 90
74 75
74 80
74 81
74 82
74 83
74 84
74 85
74 90
75 80
75 81
75 82
75 83
75 84
75 85
75 90
76 77
76 79
76 88
77 78
77 79
77 88
79 88
80 81
80 82
80 83
80 84
80 85
80 90
81 82
81 83
81 84
81 85
81 90
82 83
82 84
82 85
82 90
83 84
83 85
83 90
84 85
84 90
85 90
86 87
86 89
86 91
86 92
86 93
86 94
86 95
86 96
86 97
86 98
86 99
86 100
86 101
86 102
86 103
86 104
86 105
86 106
86 107
86 108
86 109
86 110
86 111
86 112
86 113
86 114
86 115
86 116
87 89
87 91
87 92
87 93
87 94
87 95
87 96
87 97
87 98
87 99
87 100
87 101
87 102
87 103
87 104
87 105
87 106
87 107
87 108
87 109
87 110
87 111
87 112
87 113
87 114
87 115
87 116
89 91
89 92
89 93
89 94
89 95
89 96
89 97
89 98
89 99
89 100
89 101
89 102
89 103
89 104
89 105
89 106
89 107
89 108
89 109
89 110
89 111
89 112
89 113
89 114
89 115
89 116
91 92
91 93
91 94
91 95
91 96
91 97
91 98
91 99
91 100
91 101
91 102
91 103
91 104
91 105
91 106
91 107
91 108
91 109
91 110
91 111
91 112
91 113
91 114
91 115
91 116
92 93
92 94
92 95
92 96
92 97
92 98
92 99
92 100
92 101
92 102
92 103
92 104
92 105
92 106
92 107
92 108
92 109
92 110
92 111
92 112
92 113
92 114
92 115
92 116
93 94
93 95
93 96
93 97
93 98
93 99
93 100
93 101
93 102
93 103
93 104
93 105
93 106
93 107
93 108
93 109
93 110
93 111
93 112
93 113
93 114
93 115
93 116
94 95
94 96
94 97
94 98
94 99
94 100
94 101
94 102
94 103
94 104
94 105
94 106
94 107
94 108
94 109
94 110
94 111
94 112
94 113
94 114
94 115
94 116
95 96
95 97
95 98
95 99
95 100
95 101
95 102
95 103
95 104
95 105
95 106
95 107
95 108
95 109
95 110
95 111
95 112
95 113
95 114
95 115
95 116
96 97
96 98
96 99
96 100
96 101
96 102
96 103
96 104
96 105
96 106
96 107
96 108
96 109
96 110
96 111
96 112
96 113
96 114
96 115
96 116
97 98
97 99
97 100
97 101
97 102
97 103
97 104
97 105
97 106
97 107
97 108
97 109
97 110
97 111
97 112
97 113
97 114
97 115
97 116
98 99
98 100
98 101
98 102
98 103
98 104
98 105
98 106
98 107
98 108
98 109
98 110
98 111
98 112
98 113
98 114
98 115
98 116
99 100
99 101
99 102
99 103
99 104
99 105
99 106
99 107
99 108
99 109
99 110
99 111
99 112
99 113
99 114
99 115
99 116
100 101
100 102
100 103
100 104
100 105
100 106
100 107
100 108
100 109
100 110
100 111
100 112
100 113
100 114
100 115
100 116
101 102
101 103
101 104
101 105
101 106
101 107
101 108
101 109
101 110
101 111
101 112
101 113
101 114
101 115
101 116
102 103
102 104
102 105
102 106
102 107
102 108
102 109
102 110
102 111
102 112
102 113
102 114
102 115
102 116
103 104
103 105
103 106
103 107
103 108
103 109
103 110
103 111
103 112
103 113
103 114
103 115
103 116
104 105
104 106
104 107
104 108
104 109
104 110
104 111
104 112
104 113
104 114
104 115
104 116
105 106
105 107
105 108
105 109
105 110
105 111
105 112
105 113
105 114
105 115
105 116
106 107
106 108
106 109
106 110
106 111
106 112
106 113
106 114
106 115
106 116
107 108
107 109
107 110
107 111
107 112
107 113
107 114
107 115
107 116
108 109
108 110
108 111
108 112
108 113
108 114
108 115
108 116
109 110
109 111
109 112
109 113
109 114
109 115
109 116
110 111
110 112
110 113
110 114
110 115
110 116
111 112
111 113
111 114
111 115
111 116
112 113
112 114
112 115
112 116
113 114
113 115
113 116
114 115
114 116
115 116
