444
1805
1 14
1 15
1 16
1 64
1 80
1 81
1 164
1 188
1 291
2 4
2 7
2 8
2 9
2 10
2 12
2 14
2 15
2 16
2 18
2 19
2 80
2 81
2 95
2 325
3 17
3 27
3 42
3 94
3 103
3 105
3 125
3 134
3 176
3 178
3 266
3 271
3 277
3 279
3 300
3 317
3 331
3 332
4 8
4 10
4 12
4 21
4 79
4 81
5 27
5 42
5 89
5 94
5 107
5 114
5 161
5 178
5 246
5 249
5 293
5 303
5 316
5 354
6 39
6 79
6 125
6 313
7 8
7 10
7 20
8 9
8 10
8 11
8 12
8 14
8 15
8 16
8 17
8 18
8 19
8 20
8 21
8 31
8 79
8 80
8 81
8 130
9 20
9 72
9 92
9 135
9 293
9 324
10 21
10 28
10 72
10 81
10 176
10 238
11 22
11 67
11 74
11 147
11 275
11 333
11 382
11 416
12 20
12 72
13 77
13 91
13 149
13 441
14 20
14 32
14 71
14 72
14 123
15 21
15 76
15 87
15 106
15 158
15 165
15 169
15 176
15 180
15 197
16 20
16 21
16 30
16 31
16 32
16 70
16 71
16 72
16 74
16 94
16 114
16 123
16 124
16 192
16 231
16 276
16 347
16 423
17 120
17 131
17 199
17 221
17 239
17 303
18 28
18 31
18 32
18 36
18 71
18 125
18 176
18 178
19 20
19 30
19 31
19 32
19 68
19 71
19 72
19 123
20 72
21 79
21 127
22 47
22 56
22 65
22 84
22 95
22 122
22 128
22 212
22 237
22 242
22 265
22 275
22 304
22 307
22 308
22 310
22 365
22 366
22 367
22 374
22 397
22 410
23 48
23 63
23 279
23 325
23 433
24 196
24 273
24 389
25 61
25 138
25 169
25 229
25 329
25 364
25 415
27 40
27 51
27 107
27 112
27 114
27 203
27 350
28 81
28 122
28 129
28 238
28 254
28 263
28 349
29 130
29 150
29 270
29 297
30 72
30 78
30 94
30 114
30 118
30 124
30 156
30 258
30 268
30 269
30 350
30 354
31 92
31 95
31 313
32 80
32 81
32 95
33 65
33 95
33 122
33 129
33 192
33 238
34 94
34 111
34 134
34 155
34 178
34 197
34 228
34 238
34 246
34 284
34 302
34 304
35 134
35 228
35 251
35 331
36 88
36 130
36 274
37 46
37 110
37 130
37 131
37 292
37 349
37 356
38 53
38 55
38 136
38 193
38 229
38 309
38 360
38 371
38 432
39 82
39 169
39 170
39 181
39 188
39 214
39 313
39 333
39 427
40 87
40 125
40 163
41 53
41 58
41 59
41 130
41 228
41 286
41 307
41 309
41 373
41 388
41 397
41 399
41 413
41 415
41 433
42 75
42 76
42 106
42 108
42 159
42 250
42 259
42 317
42 322
42 423
43 48
43 170
43 197
43 198
43 199
43 279
43 321
43 387
44 70
44 254
45 47
45 48
45 74
45 216
45 304
45 308
45 389
46 86
46 99
46 248
47 48
47 49
47 66
47 120
47 140
47 198
47 199
47 215
47 218
47 410
48 140
48 170
48 215
48 218
48 321
48 387
48 397
48 404
49 136
49 146
49 159
49 265
49 279
49 283
49 284
49 287
49 310
49 313
49 322
49 327
49 332
49 338
49 348
49 375
49 379
49 397
49 400
49 404
49 435
50 219
50 252
50 323
50 418
51 124
51 156
51 157
51 162
51 166
51 235
51 255
51 266
51 296
52 60
52 191
52 193
52 223
52 294
52 330
52 335
52 346
52 378
52 379
52 395
52 409
52 436
53 130
53 148
53 185
53 208
53 219
53 221
53 226
53 329
53 346
53 376
53 377
53 393
53 395
53 411
53 412
53 434
54 185
54 225
54 344
54 380
54 388
54 395
54 418
55 58
55 59
55 99
55 185
55 207
55 239
55 286
55 294
55 307
55 309
55 310
55 311
55 312
55 318
55 320
55 336
55 337
55 345
55 360
55 372
55 379
55 405
55 429
56 58
56 59
56 148
56 229
56 288
56 364
56 370
56 440
57 146
57 335
58 60
58 272
58 362
58 390
59 226
59 370
59 440
60 61
60 335
60 365
60 406
61 226
62 173
62 209
62 214
62 216
62 238
62 239
62 262
62 295
62 304
63 141
63 214
63 275
63 349
63 411
64 99
64 112
64 149
64 154
64 181
64 196
64 240
64 292
64 333
65 66
65 102
65 209
65 238
65 297
66 80
66 120
66 122
66 127
66 134
66 150
66 211
66 215
66 220
66 230
66 232
66 238
66 239
66 262
66 264
66 265
66 282
66 286
66 310
66 311
66 333
66 357
66 411
67 84
67 196
67 268
67 273
67 275
67 296
67 349
67 416
67 422
68 79
68 103
68 145
68 228
68 276
68 308
69 99
69 108
69 110
69 174
69 175
69 215
69 349
69 356
70 74
70 80
70 95
70 104
70 130
70 138
70 214
70 288
70 416
70 418
71 81
71 95
72 80
72 81
72 301
73 89
73 121
73 262
73 385
74 130
74 308
74 366
74 374
75 256
75 279
75 317
75 357
76 106
76 108
76 117
76 119
76 125
76 131
76 158
76 161
76 165
76 167
76 176
76 178
76 202
76 233
76 241
76 246
76 253
76 271
76 303
77 78
77 91
77 94
77 97
77 111
77 265
78 103
79 91
79 93
79 118
79 169
79 170
79 172
79 201
79 240
79 252
79 310
79 324
79 352
80 84
80 85
80 138
80 141
80 357
82 96
82 177
82 242
82 304
82 391
83 142
83 338
83 340
83 420
84 130
84 138
84 275
84 343
84 418
85 104
85 297
86 121
86 125
86 127
87 140
87 165
87 166
87 194
87 235
87 241
88 94
88 107
88 117
88 132
88 162
88 290
89 94
89 106
89 107
89 161
90 92
90 106
90 135
90 260
90 271
90 293
90 353
90 354
91 107
91 166
91 169
91 170
91 203
92 166
92 244
93 294
93 352
94 99
94 131
94 134
94 153
94 166
94 234
94 235
94 246
94 258
94 291
94 381
95 103
95 123
95 126
95 138
95 145
95 192
95 196
95 236
95 297
95 308
95 396
96 228
96 387
97 127
97 170
97 196
97 207
97 213
97 281
97 357
97 398
98 206
98 207
98 214
98 333
99 112
99 114
99 135
99 140
99 154
99 181
99 197
99 212
99 233
99 268
99 290
99 292
99 298
99 385
100 130
100 231
100 323
100 382
100 395
100 440
101 180
101 190
101 191
101 229
101 264
101 265
101 294
101 307
101 309
101 386
101 399
101 429
102 127
102 215
102 216
102 264
102 287
102 308
102 310
102 313
102 368
103 151
103 289
103 316
103 433
104 141
104 145
104 207
104 214
104 230
104 242
104 333
104 416
104 427
105 116
105 244
105 257
105 258
106 108
106 117
106 178
106 179
106 234
106 249
106 256
106 263
106 301
106 314
107 116
107 152
107 156
107 166
107 194
107 257
107 266
107 291
108 116
108 117
108 132
108 163
108 176
108 241
108 249
108 271
109 169
109 209
109 438
110 135
110 196
110 291
110 383
111 127
112 131
112 165
112 270
113 125
113 202
114 156
114 194
114 261
115 118
115 163
115 278
115 291
116 153
116 159
116 194
116 246
116 257
116 261
116 293
116 313
117 125
117 203
118 135
119 153
120 122
120 140
120 147
120 195
120 199
120 211
120 221
120 237
120 264
120 427
121 172
121 180
121 290
121 291
121 392
122 128
122 196
122 229
122 272
122 297
122 387
123 154
123 168
123 276
123 284
124 209
124 238
124 240
124 304
125 158
125 176
125 197
125 244
125 246
125 249
125 251
125 279
125 293
125 317
126 130
127 170
127 198
127 203
127 215
127 221
127 348
127 387
127 429
128 129
128 147
128 214
128 228
128 229
128 368
129 147
129 272
129 297
129 366
130 133
130 138
130 145
130 147
130 177
130 191
130 193
130 214
130 229
130 253
130 273
130 280
130 323
130 343
130 346
130 374
131 194
131 269
131 385
131 423
132 235
132 336
132 351
133 190
133 217
133 221
133 335
133 360
133 377
133 380
134 187
134 444
135 156
135 161
135 194
135 293
136 181
136 217
136 221
136 222
136 312
136 335
136 371
136 372
136 394
136 404
136 412
137 163
137 196
138 141
139 360
139 402
139 407
140 216
140 239
140 264
140 331
140 386
140 392
141 201
141 211
141 230
141 231
141 236
141 416
142 221
142 245
142 284
142 323
142 334
142 336
142 369
142 372
142 400
142 443
143 206
143 228
144 360
144 397
144 398
144 401
144 405
144 419
145 180
145 366
145 416
146 245
146 250
146 281
146 320
146 371
146 397
146 404
147 209
147 215
147 216
147 220
147 239
147 262
147 304
147 308
148 204
148 318
148 335
148 336
148 396
149 154
149 228
149 237
149 319
149 368
149 428
150 256
150 267
150 269
150 278
150 303
150 353
150 385
151 214
151 366
151 427
152 156
152 157
152 164
152 293
153 157
153 161
153 167
153 255
153 257
153 258
153 293
154 268
154 281
154 377
154 423
156 233
158 159
158 163
158 166
158 167
158 235
158 246
158 263
159 161
159 163
159 255
161 202
161 306
162 270
162 353
162 354
162 383
163 234
163 235
163 301
164 246
164 278
165 243
165 279
166 241
166 258
166 279
167 256
168 365
168 384
168 387
168 440
169 170
169 182
169 255
170 182
170 265
170 310
170 339
171 303
172 212
172 231
173 214
173 216
173 228
173 304
173 318
173 331
173 357
174 248
174 260
175 181
175 215
175 231
176 211
176 217
176 228
176 249
176 282
177 217
177 222
177 300
177 332
177 346
177 352
177 360
177 390
177 401
177 411
177 416
177 429
177 436
177 442
178 246
178 249
178 303
178 314
179 278
180 188
180 197
180 207
180 221
180 339
181 200
181 228
181 291
181 292
182 196
182 352
183 315
183 407
183 443
184 186
184 190
184 340
184 399
185 252
185 320
185 336
185 360
185 376
185 393
186 302
186 373
186 425
186 438
187 238
187 425
187 436
187 438
188 236
188 240
188 427
189 305
189 326
190 289
190 311
190 360
191 207
191 229
191 340
191 380
191 434
192 298
192 416
193 286
193 335
193 360
193 364
193 406
193 442
194 233
194 240
194 255
194 258
195 209
195 214
195 238
195 239
195 245
195 264
195 265
195 284
195 286
195 302
195 304
195 305
195 310
195 311
196 207
196 354
197 228
197 278
197 316
198 199
198 215
198 250
199 264
199 308
199 310
200 243
200 349
201 204
201 219
201 224
201 227
201 240
201 252
201 289
201 309
201 312
201 329
201 336
201 345
201 355
201 369
201 371
201 377
201 381
201 394
201 395
201 402
201 412
202 235
202 322
203 271
204 223
204 361
204 366
204 388
204 398
205 209
205 211
205 262
206 228
207 213
207 223
207 228
207 281
207 305
207 307
207 318
207 326
207 371
207 380
207 409
207 410
207 428
208 326
208 361
208 371
208 377
208 421
208 422
209 216
209 237
209 304
210 232
210 262
210 264
210 286
210 310
210 318
210 337
210 416
211 230
211 237
211 307
211 308
211 401
211 442
212 213
212 215
212 228
212 265
212 428
213 237
213 387
214 227
214 228
214 242
214 296
214 298
214 319
214 396
215 307
215 310
215 368
215 387
215 427
217 221
217 222
217 335
217 342
217 346
217 371
217 377
217 379
217 380
217 401
218 224
218 264
218 286
218 308
218 309
218 310
218 400
218 404
218 424
218 438
219 252
219 312
219 358
219 420
219 434
220 232
220 304
221 222
221 223
221 224
221 238
221 239
221 245
221 284
221 286
221 287
221 305
221 307
221 309
221 311
221 312
221 320
221 335
221 338
221 372
221 377
221 380
221 386
221 394
221 397
221 400
221 401
221 404
221 434
221 435
221 436
222 228
222 335
222 358
222 370
222 377
222 380
222 394
222 395
222 412
222 434
223 272
223 318
223 370
223 381
223 409
223 412
223 418
223 422
224 300
224 310
224 355
224 358
224 360
224 361
224 378
224 388
224 395
225 330
225 332
225 398
225 426
226 312
226 318
226 326
226 329
226 370
226 388
226 404
226 422
226 430
226 439
227 228
227 230
227 367
228 231
228 242
228 277
228 289
228 295
228 356
228 357
228 363
228 376
228 380
228 427
228 428
229 259
229 311
229 318
229 360
229 362
229 370
229 388
229 393
229 400
229 440
230 236
230 237
230 238
230 297
230 365
230 376
231 254
231 273
231 289
231 295
231 400
231 416
232 427
233 269
233 279
233 322
233 353
233 392
235 322
236 296
236 333
236 416
237 264
237 310
238 239
238 272
238 441
240 255
240 258
240 259
241 317
241 322
242 387
244 306
244 353
245 284
245 302
245 360
245 426
245 429
246 250
246 271
246 279
246 280
246 303
246 317
248 269
248 296
248 341
248 411
249 271
249 293
249 317
250 331
252 330
252 375
252 412
252 429
253 261
253 267
253 276
253 296
254 298
255 257
255 290
258 290
259 266
259 293
259 339
260 353
261 293
262 286
263 284
264 333
264 352
265 279
265 360
266 277
266 278
266 316
267 271
268 347
269 341
269 353
269 423
270 297
270 341
272 285
272 288
272 332
272 343
272 367
272 388
272 415
272 435
272 436
273 275
277 351
280 353
281 300
281 318
281 324
281 360
281 376
281 395
281 398
281 426
282 391
282 427
283 325
283 362
283 375
284 302
284 361
284 413
285 302
285 320
285 393
285 435
286 338
286 429
287 376
287 403
287 410
287 414
287 429
288 384
288 396
288 402
288 411
288 442
289 328
289 334
289 394
291 316
291 408
292 299
292 324
292 347
293 306
294 312
294 332
294 335
294 344
294 375
294 378
294 380
294 395
295 366
296 396
297 366
297 367
297 389
298 333
299 324
299 333
300 332
300 338
300 360
300 373
300 395
300 398
301 303
302 417
302 439
304 333
304 360
304 427
304 441
305 360
305 428
307 327
309 359
309 360
309 373
309 421
309 429
309 435
310 337
310 359
310 360
310 410
310 414
310 429
311 330
311 360
311 402
311 429
311 435
312 334
312 360
312 370
312 393
312 426
312 436
315 337
315 355
315 414
316 375
318 329
318 337
318 376
318 380
318 396
318 427
319 347
319 353
320 360
320 371
320 381
320 407
320 417
323 394
323 422
324 347
326 330
326 393
326 400
326 410
326 422
326 426
327 351
327 355
327 361
327 430
328 360
329 364
330 346
330 401
330 412
330 417
330 421
330 439
332 351
332 430
333 357
333 392
334 371
335 337
335 342
335 370
335 394
335 404
335 412
336 346
336 351
336 371
336 393
336 404
336 405
336 406
336 436
337 345
337 356
337 378
337 412
338 361
338 386
338 397
340 369
340 421
340 428
341 411
342 371
342 377
342 380
343 364
343 402
343 418
344 397
344 418
344 419
344 440
345 346
345 358
345 395
345 405
345 412
346 360
346 376
346 393
346 406
346 418
347 353
348 395
348 401
348 432
351 371
351 398
351 403
351 433
354 383
354 423
355 375
355 400
355 404
357 368
358 359
358 360
358 371
358 395
358 420
358 431
359 378
359 412
360 361
360 369
360 371
360 372
360 373
360 378
360 381
360 395
360 397
360 404
360 407
360 422
361 394
361 429
362 365
362 374
362 415
362 436
362 442
364 422
366 384
369 413
370 375
370 385
370 390
370 394
371 379
371 398
371 403
371 405
371 409
371 421
371 434
372 378
373 380
373 400
373 404
373 407
373 419
373 429
373 430
377 394
377 401
377 412
377 420
378 388
378 419
379 395
379 397
379 412
380 400
380 405
381 395
382 418
384 415
384 433
384 436
385 393
386 401
386 412
388 403
388 409
388 431
388 433
390 436
391 427
391 444
392 427
393 418
393 422
394 401
395 405
395 435
396 422
397 400
397 404
397 410
397 429
399 407
399 421
399 430
400 404
400 429
401 409
403 409
403 431
404 414
404 419
404 431
407 421
407 430
407 436
412 421
412 430
413 424
413 438
413 443
418 422
424 439
425 437
425 439
425 441
426 443
427 438
432 437
437 438
437 439
437 444
438 439
438 443
441 443
