479
1882
1 2
1 5
1 7
1 8
1 10
1 15
1 16
1 19
1 21
1 32
1 42
1 43
1 48
1 64
1 85
1 86
1 87
1 90
1 103
1 114
1 115
1 119
1 145
1 146
1 147
1 148
1 149
1 150
1 151
1 152
1 153
1 154
1 155
1 284
2 8
2 13
2 17
2 21
2 60
2 156
3 46
3 90
3 100
3 105
3 115
3 153
3 241
3 250
3 257
3 270
3 292
3 320
4 7
4 8
4 10
4 23
4 24
4 25
4 36
4 43
4 54
4 71
4 118
4 119
4 284
5 15
5 65
5 68
5 102
5 105
5 108
5 115
5 119
5 126
5 130
5 145
5 148
5 153
5 154
5 220
5 321
6 34
6 79
6 179
6 271
6 286
6 298
7 8
7 13
7 15
7 17
7 268
8 10
8 13
8 14
8 15
8 16
8 17
8 18
8 19
8 21
8 22
8 32
8 60
8 181
9 31
9 43
9 46
9 51
9 52
9 56
9 71
9 87
9 103
9 107
9 112
9 153
9 171
9 259
9 274
9 277
9 287
10 13
10 15
10 21
10 60
10 123
10 138
10 153
10 241
10 265
12 90
12 92
12 98
12 115
12 146
12 148
12 216
12 285
13 16
13 18
13 22
13 23
13 24
13 25
13 32
13 33
13 36
13 37
13 69
13 88
13 93
13 115
13 116
13 259
14 16
14 32
14 37
14 157
14 174
14 178
15 17
15 23
15 25
15 35
15 36
15 40
15 43
15 52
15 60
15 61
15 69
15 81
15 88
15 92
15 115
15 116
15 118
15 121
15 123
15 162
15 176
15 181
15 186
15 202
15 205
15 219
15 223
15 257
15 303
15 304
15 307
15 308
15 309
15 386
16 17
16 21
16 22
16 60
17 33
17 69
17 88
17 121
17 318
18 21
18 22
18 23
18 289
19 319
19 320
19 323
19 381
20 121
20 157
20 207
20 338
20 397
21 22
21 24
21 25
21 32
21 33
21 48
21 55
21 62
21 63
21 67
21 85
21 116
21 119
21 127
21 158
21 181
21 204
21 222
21 340
22 23
22 24
22 25
22 32
22 37
22 55
22 62
22 68
22 88
22 116
22 118
22 157
22 174
22 175
22 274
24 30
24 123
24 138
24 182
24 204
24 232
26 95
26 96
26 143
26 182
26 212
26 263
26 313
26 331
26 352
26 410
26 417
27 80
27 83
27 113
27 139
27 184
27 205
27 244
27 313
27 343
27 417
27 444
28 120
28 205
28 315
28 368
29 55
29 65
29 83
29 92
29 158
29 172
29 177
29 184
29 234
29 301
29 305
29 309
29 330
29 410
30 131
30 176
30 177
30 305
30 314
30 333
30 343
30 379
30 398
31 46
31 48
31 71
31 90
31 97
31 112
31 169
31 174
31 188
31 255
31 307
31 355
31 441
31 456
31 457
31 474
32 123
34 86
34 90
34 172
34 184
34 301
34 333
34 375
34 460
35 41
35 46
35 50
35 105
35 119
35 167
35 258
35 259
35 265
35 271
35 280
36 260
37 274
38 40
38 89
38 134
38 211
38 228
38 301
38 375
39 341
40 75
40 81
40 86
40 115
40 131
40 146
40 254
40 265
40 299
40 375
40 405
41 131
41 183
41 283
41 365
41 367
41 414
42 71
42 109
42 163
42 251
42 253
42 362
43 58
43 59
43 66
43 87
43 133
43 169
43 203
43 231
43 243
43 248
43 279
43 282
43 283
43 291
43 330
43 348
43 350
43 356
43 357
43 424
43 459
43 467
44 57
44 66
44 79
44 90
44 114
44 121
44 145
44 151
44 326
45 48
45 177
45 310
45 319
46 90
46 100
46 158
46 163
46 216
46 223
46 264
46 407
47 211
47 284
47 342
48 141
48 178
48 322
48 341
49 230
49 233
49 262
49 283
49 294
49 346
49 350
50 52
50 90
50 98
50 145
50 148
50 151
50 155
50 181
50 216
50 270
50 274
50 326
51 98
51 162
52 63
52 67
52 105
52 115
52 145
52 257
52 381
53 127
53 177
53 186
53 202
53 297
54 92
54 157
54 278
54 367
55 174
55 386
56 61
56 107
57 90
57 98
57 102
57 109
57 150
57 155
57 257
57 278
57 281
57 285
57 287
57 300
57 367
58 235
58 252
58 348
58 376
58 415
59 87
59 223
59 252
60 67
60 113
60 115
60 166
60 218
60 361
61 90
61 126
61 289
62 296
63 106
63 178
63 278
63 381
64 72
64 98
64 103
64 115
64 213
64 260
64 284
64 292
65 83
65 102
65 128
65 145
65 162
65 267
65 289
65 296
66 71
66 101
66 156
66 185
66 225
66 298
67 106
67 213
67 363
68 85
68 323
69 87
69 90
69 93
69 120
69 124
69 260
69 283
70 135
70 158
70 240
70 358
70 377
70 396
70 447
71 87
71 93
71 100
71 101
71 103
71 113
71 125
71 156
71 205
71 211
71 223
71 274
72 110
72 177
72 429
73 87
73 110
73 173
73 218
73 233
73 248
73 291
73 336
73 360
73 367
74 97
74 130
74 144
74 184
74 337
74 342
74 371
75 78
75 209
75 240
75 247
75 370
75 391
75 405
75 424
75 469
75 479
76 78
76 207
76 316
76 368
77 302
77 399
77 406
77 432
78 94
78 226
78 302
78 378
78 411
78 433
79 121
79 225
79 265
79 280
79 299
79 338
79 386
80 123
80 202
80 205
80 231
80 232
80 282
80 291
80 323
80 349
81 89
81 96
81 141
81 187
81 245
81 410
82 111
82 149
82 159
82 161
82 266
82 301
82 305
82 338
83 144
83 172
83 184
83 244
83 287
83 322
83 338
84 196
84 347
84 445
85 92
85 205
85 259
85 436
86 211
87 102
87 113
87 117
87 118
87 148
87 150
87 155
87 218
87 230
87 231
87 232
87 248
87 274
87 281
87 282
87 283
87 288
87 291
87 294
87 320
87 350
87 362
87 441
89 131
89 184
89 203
89 211
89 212
89 281
89 299
89 333
89 405
89 448
90 99
90 101
90 107
90 111
90 113
90 121
90 146
90 148
90 149
90 151
90 164
90 165
90 216
90 238
90 259
90 278
90 281
90 286
90 320
90 332
90 338
90 344
90 361
90 386
91 141
91 461
92 100
92 129
92 137
92 183
92 235
92 311
93 231
93 281
93 283
94 194
94 228
94 369
94 383
94 429
94 430
95 104
95 190
95 228
95 414
95 417
96 97
96 117
96 143
96 232
96 233
96 249
96 348
96 405
96 410
97 199
97 218
97 229
97 261
97 333
97 405
97 417
97 454
98 104
98 115
98 145
98 153
98 215
98 272
98 292
99 104
99 145
99 150
99 216
99 257
99 287
100 252
100 274
100 292
100 331
100 444
101 103
101 170
101 223
101 224
101 241
101 285
102 121
102 145
102 146
102 152
102 214
102 264
102 297
102 321
102 371
103 112
103 141
103 145
103 170
103 213
103 223
103 238
103 251
103 278
103 283
103 286
103 407
104 115
104 143
104 145
104 220
104 274
104 287
104 321
105 147
105 172
105 179
105 220
105 259
105 410
106 151
106 284
106 363
107 144
107 145
107 148
107 216
107 284
107 320
108 145
108 181
108 241
108 256
108 289
108 321
109 168
109 216
109 253
109 256
109 298
109 355
110 123
110 246
110 248
110 345
110 380
110 395
110 425
110 442
111 113
111 150
111 188
111 238
112 271
113 115
113 120
113 125
113 216
113 224
113 241
113 286
113 320
113 321
113 330
113 355
113 361
114 115
114 288
115 121
115 145
115 148
115 215
115 216
115 255
115 320
115 322
117 249
117 293
117 405
117 461
118 120
119 126
119 130
120 180
120 263
120 304
120 366
120 409
121 146
121 159
121 216
121 265
121 266
121 280
121 325
121 386
122 151
123 137
123 187
123 212
123 218
123 233
123 249
123 322
123 349
123 360
123 444
124 137
124 210
124 233
124 378
125 174
125 181
126 127
126 136
126 150
126 154
126 296
126 297
127 180
127 182
127 246
127 314
127 317
127 404
127 418
128 270
129 183
129 231
129 309
129 318
129 342
129 448
130 181
130 296
130 308
131 139
131 200
131 269
131 301
131 303
131 333
131 338
131 444
132 242
132 304
132 324
132 378
132 402
132 434
133 260
133 279
133 369
133 370
133 407
133 428
133 438
134 175
134 225
135 235
135 240
135 323
135 370
135 391
135 401
135 425
135 442
136 162
136 290
136 340
137 182
137 231
137 232
137 235
137 348
137 367
138 270
138 271
138 294
138 360
139 176
140 212
140 281
140 299
140 339
140 412
141 159
141 225
141 249
141 299
141 301
141 331
142 157
142 244
142 303
142 314
142 405
142 436
142 475
143 180
143 184
143 231
143 232
143 246
143 263
143 331
143 345
143 349
143 352
143 426
144 204
144 263
144 303
144 309
144 314
144 363
144 405
145 148
145 152
145 163
145 171
145 219
145 223
145 267
145 284
145 289
146 147
146 185
146 215
146 265
146 266
146 337
147 149
147 271
147 386
148 150
148 171
148 268
148 285
149 216
150 223
150 252
150 274
150 299
150 322
150 344
151 161
152 179
153 171
153 286
153 294
153 322
153 361
154 289
155 256
155 319
155 341
156 160
156 163
156 179
156 204
156 300
157 186
158 178
158 202
158 209
158 234
158 240
158 319
158 435
159 175
159 212
159 263
159 301
160 179
160 238
161 172
161 338
161 397
162 165
162 172
162 219
162 221
162 259
162 268
162 290
162 296
162 297
162 301
163 223
163 241
163 278
164 230
164 448
166 271
166 308
167 290
168 250
168 300
169 248
169 258
169 347
169 365
169 375
169 421
170 216
170 223
170 238
170 250
170 255
170 257
170 281
170 362
171 274
171 288
172 181
172 211
172 212
172 225
172 232
172 338
173 232
173 248
173 281
173 283
173 291
173 294
173 323
174 319
174 320
174 326
174 363
175 305
175 317
175 318
175 323
175 330
175 379
175 398
175 410
176 263
176 460
177 178
177 184
177 363
178 222
178 310
178 319
178 363
178 453
179 256
179 296
179 318
180 193
180 230
180 233
180 246
180 263
180 294
181 290
181 316
182 206
182 231
182 246
182 263
182 293
182 336
182 387
183 186
183 280
183 287
183 312
183 342
183 399
183 417
183 440
184 317
184 330
184 450
185 266
185 278
186 266
186 436
187 248
187 291
187 454
188 189
188 204
188 206
188 208
188 307
188 354
188 369
188 402
188 421
188 441
188 455
188 474
188 476
189 191
189 192
189 193
189 195
189 196
189 197
189 199
189 403
189 449
189 457
189 464
189 472
190 210
190 374
190 414
191 295
191 464
191 471
191 479
192 194
192 352
192 369
192 390
193 209
193 339
193 346
193 377
193 451
194 348
194 369
194 370
194 383
194 387
194 412
194 433
194 468
195 201
195 346
195 402
195 479
196 197
196 454
196 455
196 457
196 476
197 200
197 438
197 449
197 451
197 457
198 324
198 402
198 406
198 450
198 454
198 456
199 402
199 454
199 455
199 456
199 457
199 476
200 206
200 208
200 339
200 346
200 351
200 413
200 422
200 441
201 346
201 347
201 348
201 357
201 384
201 392
201 415
201 416
201 422
201 449
201 451
201 463
202 253
202 302
202 316
202 319
204 211
205 259
205 436
206 209
206 246
206 374
207 334
207 403
208 365
208 409
208 421
208 475
209 235
209 240
209 242
209 324
209 370
209 373
209 377
209 394
209 412
210 244
210 315
210 318
210 334
210 343
211 225
211 258
211 333
211 375
212 225
212 232
212 260
212 280
212 283
212 375
212 417
213 280
214 470
215 320
215 332
215 386
216 256
216 268
216 341
216 344
216 361
216 386
217 290
218 232
218 283
218 294
218 323
218 339
219 296
219 381
220 284
221 266
222 268
223 224
223 280
224 238
224 286
225 375
226 240
226 279
226 309
226 324
226 329
226 364
226 369
226 377
226 383
226 394
226 405
226 416
226 430
226 432
226 439
227 235
227 240
227 242
227 247
227 282
227 295
227 335
227 369
227 425
227 433
227 464
228 368
228 389
228 390
228 445
228 458
229 347
229 454
229 456
229 457
230 233
230 263
230 315
231 248
231 440
232 233
232 249
232 444
233 249
233 348
233 349
233 360
234 295
234 380
234 399
235 242
235 367
235 377
235 385
235 390
235 394
236 282
236 346
236 353
236 356
236 358
236 422
237 295
237 402
237 451
237 466
237 472
238 252
238 256
238 322
239 377
239 449
239 452
239 466
240 369
240 370
240 377
240 378
240 379
240 383
240 390
240 405
240 412
240 419
240 438
240 446
241 407
242 260
242 357
242 364
242 370
242 377
242 389
242 391
242 394
242 447
242 449
242 471
243 359
243 415
244 314
244 315
244 342
245 302
245 391
245 429
245 432
245 469
246 410
247 335
247 358
247 359
247 383
247 392
247 416
247 445
248 309
248 323
248 421
248 458
249 349
250 258
250 262
251 281
251 298
252 254
253 298
253 300
253 362
254 333
254 375
254 405
254 479
255 258
255 339
255 355
256 277
256 298
256 355
256 362
257 259
258 264
258 265
258 298
259 281
259 355
259 362
260 420
260 438
260 451
261 314
261 374
261 418
261 435
263 311
263 314
263 318
263 331
263 349
263 425
264 288
264 371
266 338
267 326
268 289
268 381
269 287
269 338
271 332
272 287
272 296
272 310
272 316
273 372
273 391
273 415
274 286
274 322
275 329
275 348
275 364
275 384
275 423
275 424
275 427
276 358
277 355
278 300
278 381
279 364
279 367
279 370
279 388
279 424
279 427
279 428
280 286
280 311
281 421
281 462
282 347
282 348
282 378
282 431
282 439
282 448
283 461
284 296
287 337
287 338
288 320
289 296
290 326
290 373
290 397
291 359
291 461
295 324
295 399
298 355
300 329
300 364
301 338
301 399
301 417
302 406
303 312
303 317
303 342
303 379
303 410
303 417
303 436
304 312
304 315
304 324
304 379
304 394
304 446
305 317
305 404
306 380
306 394
306 426
306 429
306 437
306 468
306 470
307 352
307 380
307 405
307 456
308 341
309 313
309 451
311 331
311 410
313 410
314 315
314 374
314 435
314 436
314 453
315 366
315 409
315 435
316 343
317 343
318 337
318 410
321 361
322 367
322 407
324 383
324 399
324 435
324 468
325 413
326 386
327 329
327 347
327 408
327 423
327 439
327 449
327 464
328 336
328 345
328 352
328 364
328 372
328 384
328 385
328 425
328 429
328 431
329 347
329 348
329 359
329 364
329 408
329 424
330 359
333 417
334 409
335 372
335 389
335 428
335 429
335 459
335 468
336 341
336 349
337 352
337 410
337 443
338 410
339 365
339 421
342 343
345 364
345 385
345 469
346 408
346 471
347 348
347 357
347 359
347 370
347 422
347 424
348 357
348 379
348 405
348 424
348 428
348 438
349 352
350 357
350 375
350 441
350 448
350 465
351 405
351 421
351 439
351 465
351 472
352 364
352 383
352 390
352 393
352 395
352 400
352 405
352 420
353 357
353 405
353 422
353 428
353 431
353 458
356 403
356 405
356 411
356 427
356 431
356 458
357 359
357 391
357 405
357 411
357 415
357 416
357 441
357 465
358 411
358 424
358 431
358 458
358 467
359 411
359 415
359 416
359 427
359 445
360 367
364 385
364 387
364 407
364 423
364 424
364 427
364 428
365 413
365 448
366 435
366 473
368 405
368 406
368 426
368 438
369 429
369 468
370 380
370 401
370 405
370 415
370 423
370 428
370 442
372 420
372 431
372 451
372 472
373 386
373 397
374 410
376 424
377 380
377 394
377 426
377 434
378 379
379 389
379 390
379 405
379 416
379 419
379 448
380 429
380 435
382 466
383 429
383 430
383 431
383 470
384 427
384 442
384 473
385 428
385 457
388 392
388 405
388 412
388 434
388 455
389 406
389 428
389 458
389 459
390 429
390 435
391 432
391 470
392 403
392 439
393 438
394 406
395 405
395 426
395 438
395 453
399 468
399 470
400 429
400 473
400 478
401 423
401 445
402 431
402 463
402 476
403 416
403 443
405 410
405 415
405 420
405 426
405 429
405 430
405 438
405 449
405 451
405 458
406 409
406 437
408 422
408 449
409 475
410 444
411 412
411 445
413 421
413 440
413 477
414 417
415 465
416 424
416 431
416 458
418 435
419 432
420 427
420 429
420 431
420 438
420 464
423 424
423 428
423 442
424 428
424 438
424 439
425 427
425 442
425 443
425 470
425 473
426 438
427 451
429 447
429 468
430 433
431 442
431 447
431 451
431 469
431 472
434 447
434 449
434 451
435 437
435 443
435 462
437 473
438 451
438 458
440 448
443 473
445 472
446 456
446 457
449 464
450 453
451 464
452 466
453 470
454 457
455 472
455 478
456 457
456 478
457 476
459 466
464 476
