441
1704
1 11
1 14
1 54
1 69
1 81
1 86
1 117
1 126
1 216
1 365
2 9
2 21
2 69
2 81
2 107
2 114
2 132
3 4
3 7
3 10
3 25
3 31
3 36
3 41
3 55
3 76
3 78
3 84
3 85
3 87
3 92
3 96
3 97
3 98
3 103
3 106
3 107
3 110
3 112
3 115
3 116
3 117
3 120
3 130
3 131
3 145
3 153
3 154
3 160
3 164
3 170
3 173
3 175
3 185
3 198
3 201
3 207
3 214
3 217
3 222
3 236
3 243
3 264
3 265
3 266
3 276
3 285
3 294
3 332
3 339
3 340
3 341
4 41
4 96
4 113
4 123
4 153
4 160
4 162
4 198
4 210
4 214
4 266
4 285
4 304
5 9
5 12
5 13
5 15
5 18
5 87
5 92
5 96
5 113
5 115
6 41
6 58
6 88
6 107
6 110
6 131
6 153
6 171
6 210
6 223
6 266
6 286
6 329
6 334
6 364
6 366
7 22
7 25
7 32
7 74
7 84
7 98
7 103
7 115
7 173
7 175
7 180
7 206
7 207
7 217
7 218
7 221
7 264
7 279
7 284
7 285
7 294
7 319
8 11
8 25
8 40
8 46
8 114
8 132
8 136
9 10
9 11
9 14
9 22
9 25
9 29
9 40
9 45
9 54
9 69
9 82
9 114
9 119
9 122
9 136
9 139
9 163
9 185
9 258
9 259
9 269
10 11
10 14
10 22
10 81
10 82
10 87
10 92
10 122
10 146
11 12
11 13
11 15
11 16
11 18
11 92
12 14
12 74
12 81
12 82
12 147
12 175
12 201
13 14
13 81
13 82
13 122
14 15
14 17
14 18
14 87
14 92
14 120
14 149
14 181
14 201
15 22
15 81
15 82
16 40
16 50
16 54
16 68
16 79
16 83
16 203
16 244
16 267
16 324
16 424
16 432
17 75
17 156
17 178
17 324
18 81
18 92
19 29
19 82
19 122
20 251
20 272
20 311
20 316
20 326
20 436
21 31
21 41
21 80
21 86
21 115
21 228
21 251
21 306
21 367
22 24
22 25
22 28
22 33
22 34
22 37
22 39
22 45
22 46
22 51
22 54
22 67
22 80
22 86
22 123
22 136
22 144
22 166
22 205
22 216
22 225
22 303
22 359
23 135
23 210
23 221
24 25
24 50
24 76
24 94
24 141
24 151
24 180
24 237
24 250
24 252
24 295
24 301
24 305
24 316
24 323
25 28
25 31
25 41
25 44
25 74
25 97
25 98
25 99
25 102
25 113
25 116
25 120
25 129
25 135
25 138
25 155
25 158
25 166
25 167
25 171
25 175
25 179
25 180
25 220
25 223
25 248
25 251
25 255
25 258
25 265
25 266
25 267
25 281
25 303
25 309
25 332
25 335
25 373
26 125
26 157
26 230
26 232
26 337
26 338
26 357
26 368
26 381
26 391
26 396
26 397
26 404
26 406
26 426
26 434
27 50
27 98
27 103
27 133
27 328
27 340
27 353
28 94
28 184
28 269
28 305
28 311
28 315
29 33
29 87
29 92
29 341
30 55
30 92
30 120
30 205
31 112
31 133
31 172
31 279
31 309
31 375
31 402
32 78
32 120
32 359
33 111
33 264
34 38
34 41
34 92
34 173
35 68
35 147
35 205
35 240
35 263
35 271
35 273
35 316
35 421
36 256
37 66
37 128
37 269
37 315
38 246
39 41
39 44
39 113
39 163
40 92
40 201
40 219
40 268
40 315
41 42
41 44
41 67
41 80
41 90
41 120
41 123
41 133
41 151
41 153
41 156
41 159
41 162
41 163
41 205
41 207
41 216
41 261
41 266
41 306
41 311
41 334
42 49
42 123
42 174
42 180
42 245
42 369
42 379
42 413
42 426
42 434
43 76
43 89
43 159
43 166
43 265
44 99
44 120
44 163
44 176
45 48
45 105
45 116
45 181
46 92
46 181
47 246
48 118
48 432
49 61
49 227
49 235
49 298
49 318
49 369
49 425
50 54
50 91
50 138
50 147
50 157
50 168
50 180
50 203
50 242
50 254
50 315
50 316
50 344
50 408
50 424
50 432
51 70
51 236
51 282
52 85
52 112
52 116
52 147
52 243
52 308
52 317
53 180
53 227
53 298
53 323
53 347
53 354
53 385
53 418
53 423
54 92
54 93
54 203
55 113
55 120
55 132
55 136
55 147
55 154
55 156
55 182
55 207
55 333
55 335
56 219
56 383
57 300
57 363
57 377
58 363
58 377
58 391
59 61
59 232
59 355
59 356
59 380
59 418
60 77
60 140
60 152
60 161
60 180
60 226
60 247
60 282
60 291
60 298
60 338
60 370
60 372
60 394
60 413
60 426
60 439
61 237
61 282
61 293
61 380
61 394
61 433
61 439
62 64
62 127
62 191
62 238
62 247
62 283
62 313
62 343
62 346
62 355
62 382
62 396
62 410
62 417
62 433
63 152
63 161
63 190
63 337
63 338
63 347
63 355
63 357
63 360
64 127
64 140
64 143
64 324
64 355
64 368
65 66
65 211
66 147
66 240
66 246
66 263
66 274
66 329
66 371
66 432
67 72
67 73
67 172
67 204
67 211
67 259
67 280
67 300
67 359
67 421
68 86
68 91
68 147
68 148
68 163
68 229
68 233
68 240
68 263
68 270
68 271
68 273
68 274
68 296
68 305
68 326
68 367
70 71
70 216
70 251
70 256
70 311
70 351
71 314
71 395
72 79
72 83
72 146
72 257
72 259
72 274
72 289
72 291
72 323
72 326
72 367
73 211
73 219
73 225
73 259
73 262
73 315
73 432
74 120
74 135
74 201
74 222
74 234
74 320
74 325
74 344
75 228
75 373
76 93
76 100
76 110
76 113
76 142
76 281
76 286
76 310
76 319
76 333
76 339
77 96
77 141
77 180
77 242
77 297
77 301
77 321
77 394
77 410
77 414
77 429
78 162
78 185
78 276
78 333
79 147
79 180
79 213
80 89
80 100
80 107
80 109
80 172
80 210
80 216
80 311
80 334
80 359
81 92
81 115
81 310
82 87
82 92
83 138
83 180
83 215
83 235
83 274
83 312
83 324
83 367
83 372
83 421
84 85
84 97
84 133
84 166
84 207
84 284
85 98
85 116
85 173
85 207
85 284
86 126
86 133
86 309
87 110
87 119
87 122
87 364
88 135
88 151
88 186
88 201
88 367
89 128
89 159
89 168
90 168
90 260
90 287
90 288
90 307
91 148
91 320
92 110
92 114
92 119
92 122
92 181
92 190
93 97
93 153
93 158
93 217
93 225
93 266
94 120
94 178
94 180
94 216
94 242
94 245
94 267
94 292
94 414
94 422
95 268
95 272
95 293
95 301
95 392
95 396
96 254
96 303
96 441
97 173
97 207
97 267
97 310
98 102
98 110
98 116
98 166
98 208
98 255
98 294
99 147
99 164
99 179
99 180
99 236
99 255
100 170
100 171
100 335
101 151
101 206
101 279
101 339
102 111
102 131
102 285
103 166
104 155
104 206
105 107
105 155
106 125
106 166
106 210
106 301
107 116
108 129
108 210
109 116
109 174
109 185
109 353
110 207
110 294
110 366
111 113
111 115
111 116
111 290
112 284
113 169
113 210
113 222
115 120
115 129
115 133
115 148
115 170
115 210
115 217
115 234
115 281
115 309
115 336
116 120
116 160
116 201
116 210
116 222
116 290
116 310
116 341
119 168
120 141
120 153
120 154
120 168
120 176
120 186
120 201
120 206
120 222
120 228
120 234
120 244
120 249
120 263
120 264
120 265
120 267
120 273
120 274
120 284
120 285
120 305
120 310
120 312
121 192
121 195
123 143
123 405
123 437
124 359
125 180
125 232
125 321
125 359
126 156
126 365
127 149
127 217
127 354
127 386
127 395
127 396
128 135
128 165
129 210
129 216
130 272
130 301
131 135
131 165
131 171
131 264
131 285
131 286
131 331
132 281
133 167
133 173
133 309
133 353
134 191
134 231
134 235
134 298
134 341
134 354
134 374
134 383
135 151
135 171
135 182
135 266
135 277
135 333
135 334
136 392
136 420
137 229
137 244
138 306
138 325
138 427
139 146
139 246
139 296
139 315
139 395
140 226
140 238
140 321
140 372
140 376
141 147
141 180
141 233
141 242
141 323
141 325
141 344
141 414
141 432
142 146
142 157
142 315
142 329
142 344
142 364
142 375
142 441
143 230
143 293
143 343
143 383
143 396
143 426
144 161
144 237
144 329
144 384
146 254
146 259
146 262
146 356
146 365
146 400
147 156
147 163
147 213
147 228
147 240
147 258
147 261
147 268
147 270
147 271
147 289
147 292
147 296
147 301
147 324
147 335
147 349
148 178
148 240
148 263
148 268
148 292
148 306
148 408
148 424
149 346
150 180
150 255
150 279
150 340
151 160
151 163
151 175
151 179
151 207
151 279
152 354
152 384
153 186
153 201
153 210
153 333
153 364
154 201
154 260
154 281
155 163
156 341
157 180
157 226
157 231
157 232
157 237
157 362
157 368
157 378
157 381
157 386
157 431
157 439
158 251
158 256
158 269
158 289
158 315
158 365
159 174
159 205
159 207
159 269
160 241
160 310
160 331
161 237
161 300
161 338
161 356
162 177
162 286
162 334
163 176
163 332
164 299
164 304
165 275
165 276
166 173
168 173
168 201
168 231
168 249
168 250
169 210
169 285
169 333
170 216
170 288
171 177
171 224
171 253
172 203
172 216
172 224
172 228
172 281
172 307
173 210
173 221
173 284
173 290
173 353
174 180
174 245
174 270
174 323
176 180
176 206
176 279
176 299
176 319
177 253
177 309
177 334
177 402
178 274
178 406
179 263
179 270
179 325
180 188
180 191
180 194
180 209
180 227
180 230
180 231
180 235
180 238
180 241
180 242
180 245
180 270
180 272
180 273
180 291
180 292
180 295
180 297
180 298
180 299
180 301
180 302
180 305
180 318
180 321
180 323
180 325
180 327
180 343
180 344
180 352
180 356
180 358
180 368
180 374
180 379
180 382
180 386
180 394
180 399
180 401
180 403
180 417
180 420
180 422
180 425
180 426
180 429
181 315
182 285
183 271
183 278
183 293
185 276
185 334
186 201
186 223
186 265
186 281
186 344
186 364
186 367
187 422
187 437
187 438
188 412
188 416
189 190
189 201
189 215
189 308
189 407
189 408
190 308
191 193
191 200
191 376
191 382
191 384
191 417
192 252
192 437
193 232
193 273
194 291
194 318
194 322
194 358
194 419
195 244
195 254
195 378
195 387
195 390
195 403
195 410
195 421
196 198
196 199
196 295
196 298
196 348
196 405
196 417
197 291
197 295
197 416
197 436
197 437
198 295
198 325
198 338
198 341
198 362
198 403
199 327
199 390
199 405
199 423
199 437
200 415
200 428
201 202
201 203
201 214
201 229
201 239
201 367
202 283
202 293
202 315
202 371
204 213
204 215
204 219
204 257
204 311
204 364
204 371
204 404
205 240
205 273
205 305
205 315
206 279
207 218
207 243
207 249
207 265
207 284
207 319
207 353
207 415
208 276
208 277
208 287
208 331
209 263
209 271
209 274
209 292
209 388
209 408
210 217
210 222
210 266
211 259
211 311
211 397
212 276
212 288
212 293
212 296
212 335
212 336
213 219
213 308
213 371
213 432
215 254
215 257
215 268
215 395
216 251
216 311
216 359
216 375
217 281
217 310
219 354
219 371
221 279
221 319
221 353
222 262
223 243
223 251
223 254
223 256
223 285
223 364
224 334
224 389
225 268
226 355
226 439
227 324
227 329
227 347
227 354
227 376
227 378
227 385
227 423
227 439
228 262
228 339
229 313
230 303
230 321
230 362
230 423
231 295
231 298
231 386
231 394
231 413
231 419
232 245
232 257
232 311
232 343
232 391
232 397
232 404
233 234
233 255
233 274
233 329
233 351
233 390
233 438
234 243
234 246
234 254
234 263
234 305
234 424
235 273
235 300
235 377
236 242
236 318
236 341
236 415
237 298
237 337
237 368
237 380
237 386
237 420
238 293
238 363
238 440
239 383
240 257
240 263
240 271
240 421
240 432
241 318
241 352
242 291
242 292
242 295
242 297
242 301
242 318
242 322
242 323
242 327
242 392
242 410
243 246
243 255
243 341
243 367
243 415
244 257
244 308
244 326
244 432
245 313
245 429
246 344
247 282
247 426
249 332
249 333
251 253
251 349
251 364
251 365
252 325
254 272
254 320
254 408
255 294
256 258
256 354
256 439
257 268
258 300
259 359
260 287
260 304
260 373
261 344
261 414
262 330
263 268
263 293
263 435
265 294
265 364
266 334
267 271
267 305
267 326
268 271
268 421
270 324
271 422
271 435
272 292
272 323
272 325
272 344
272 350
272 392
272 403
272 408
272 427
272 429
272 432
273 324
273 329
273 369
273 406
274 344
274 414
274 421
275 286
275 304
275 331
276 278
277 287
277 402
278 304
278 307
279 375
280 315
281 310
281 373
282 345
282 370
282 381
282 393
282 410
282 421
283 314
283 345
283 346
283 404
285 286
287 288
287 373
288 307
288 373
289 313
290 353
291 297
291 414
291 429
292 298
292 301
292 323
292 325
292 327
292 344
292 400
292 421
292 422
292 424
293 373
295 302
297 323
297 344
297 410
297 438
298 321
298 372
298 417
298 420
298 422
299 327
299 374
299 415
299 420
299 428
301 344
301 414
301 422
301 429
302 303
302 327
302 328
302 358
302 370
302 401
302 410
302 413
302 419
303 329
303 352
303 363
303 393
303 423
303 428
304 331
305 406
305 414
308 326
308 390
308 407
308 427
310 383
311 359
312 379
312 414
313 395
313 439
316 344
316 387
316 392
316 421
316 432
316 441
317 326
318 322
318 357
318 406
320 330
321 347
321 354
321 386
321 410
322 358
322 406
323 325
323 344
323 432
324 326
324 379
325 423
325 432
326 424
326 432
327 412
327 417
329 345
329 354
329 358
329 379
329 400
330 375
334 373
335 339
335 373
335 389
336 359
337 343
337 350
337 377
337 380
337 401
337 411
337 439
338 352
338 354
338 404
338 439
339 389
339 402
341 363
341 391
341 409
341 415
341 418
341 430
342 361
342 411
342 428
343 368
343 369
343 384
343 401
343 434
344 364
344 421
345 381
345 404
346 381
346 404
347 386
347 406
347 411
347 431
348 361
348 362
348 378
348 413
350 386
350 400
350 419
354 369
354 376
354 385
354 394
354 418
354 423
355 418
356 380
356 383
356 386
357 368
357 404
357 417
357 440
358 415
359 377
360 399
360 435
361 382
361 405
361 420
361 423
362 415
362 420
362 424
363 409
363 418
368 384
369 405
369 413
369 426
370 391
371 375
372 410
372 425
373 402
376 404
376 413
377 393
377 430
378 394
378 413
378 419
379 399
379 422
380 384
380 433
381 433
382 386
382 417
384 434
385 396
385 415
385 423
386 401
386 417
386 418
387 432
390 407
391 397
391 418
392 421
392 436
393 404
393 410
393 420
396 418
397 423
398 411
398 413
399 404
403 410
403 413
403 426
403 429
404 409
405 410
406 410
406 425
406 426
407 432
407 436
407 437
410 429
412 419
413 434
415 428
416 421
416 434
417 428
418 435
419 425
419 434
423 440
