423
1533
1 4
1 8
1 54
1 59
1 70
1 79
1 139
1 170
1 249
2 6
2 7
2 9
2 16
2 25
2 26
2 39
2 41
2 43
2 53
2 71
2 81
2 90
2 93
2 94
2 95
2 96
2 97
2 98
2 106
2 107
2 111
2 130
2 131
2 132
2 134
2 135
2 136
2 139
2 140
2 143
2 146
2 147
2 148
2 155
2 177
2 180
2 182
2 184
2 185
2 218
2 219
2 230
2 237
2 238
2 239
2 261
2 262
2 308
2 309
2 310
3 4
3 8
3 34
3 54
3 73
4 7
4 13
4 14
4 16
4 108
5 25
5 34
5 54
5 73
5 343
6 7
6 26
6 57
6 71
6 89
6 98
6 101
6 134
6 136
6 139
6 238
6 342
7 26
7 32
7 46
7 57
7 71
7 87
7 88
7 93
7 95
7 96
7 98
7 106
7 130
7 131
7 132
7 134
7 136
7 139
7 143
7 152
7 153
7 179
7 180
7 205
7 215
7 217
7 224
7 228
7 231
7 261
7 262
7 277
7 282
7 292
7 301
7 315
8 13
8 14
8 16
8 80
8 108
8 259
9 19
9 31
9 44
9 56
9 58
9 67
9 69
9 72
9 75
9 126
9 138
9 191
9 233
9 252
9 278
9 363
10 34
11 180
12 52
12 54
12 61
12 113
12 236
12 260
12 371
13 73
13 109
13 113
13 154
14 17
14 44
14 75
14 206
15 34
15 151
15 235
16 62
17 40
17 69
17 279
17 280
17 298
18 19
18 44
18 54
18 86
18 160
18 186
18 190
18 312
19 21
19 22
19 75
19 157
19 248
20 31
20 34
20 42
20 75
20 117
20 122
20 154
20 259
21 23
21 44
21 55
21 61
21 202
21 329
21 344
21 411
22 44
22 61
22 67
22 75
22 85
22 157
22 171
22 232
22 312
22 362
23 46
23 61
23 62
23 86
23 186
23 188
23 190
23 195
23 232
23 245
23 265
23 297
23 360
23 368
23 400
24 93
24 134
24 139
24 153
24 237
24 274
24 275
24 297
24 391
24 418
25 77
25 85
25 121
25 133
25 149
25 178
25 216
25 237
25 243
25 244
25 256
25 288
25 336
25 352
26 28
26 30
26 31
26 32
26 41
26 62
26 71
26 92
26 96
26 131
26 139
26 151
26 152
26 240
26 247
26 281
26 297
27 103
27 371
28 71
28 88
28 117
28 180
29 124
29 167
29 168
29 270
29 290
29 337
29 356
29 366
29 386
29 406
29 420
30 67
30 101
30 136
30 139
30 148
30 153
30 176
30 352
31 40
31 46
32 71
32 88
32 209
32 225
32 300
32 301
32 342
33 65
33 106
33 139
33 208
35 44
35 188
35 214
35 265
35 285
35 400
36 76
36 126
36 262
37 84
37 102
37 133
37 139
37 216
37 304
38 51
38 62
38 101
38 197
38 268
38 287
39 98
39 103
39 104
39 105
39 200
40 58
40 61
40 126
40 188
40 280
40 400
41 71
41 80
41 92
41 93
41 101
41 139
41 173
41 175
41 179
41 183
41 225
41 332
42 53
42 312
43 105
43 240
44 48
44 100
44 181
44 190
44 207
44 237
44 241
44 253
44 256
44 298
44 304
44 306
44 312
44 349
44 356
45 61
45 299
46 56
46 58
46 60
46 65
46 74
46 85
46 96
46 97
46 126
46 138
46 157
46 159
46 194
46 230
46 273
46 302
46 316
46 341
47 102
47 247
48 62
48 72
48 159
48 167
48 187
48 308
48 319
48 372
48 420
49 172
49 200
49 202
49 211
49 328
50 125
50 250
50 367
50 377
51 80
51 116
51 191
51 199
51 260
51 293
51 356
51 398
51 402
52 82
52 264
52 311
52 319
52 337
52 360
52 415
53 71
53 85
53 128
53 170
53 199
53 225
53 246
53 249
53 260
53 305
53 308
53 310
53 380
54 268
55 69
55 128
55 206
55 285
55 297
55 385
56 58
56 74
56 190
56 228
57 71
57 95
57 112
57 139
57 181
57 282
58 81
58 128
58 194
58 207
58 226
58 245
58 252
58 313
58 359
59 60
59 118
59 202
59 206
60 84
60 253
60 257
60 351
60 362
60 363
61 80
61 85
61 206
61 253
61 257
61 280
61 297
61 304
62 68
62 71
62 74
62 77
62 88
62 89
62 93
62 96
62 103
62 124
62 134
62 139
62 142
62 143
62 147
62 200
62 227
62 230
62 231
62 255
62 270
62 356
62 372
62 412
63 81
63 132
63 141
63 150
63 327
63 330
64 103
64 262
65 67
65 71
65 80
65 130
65 139
65 151
65 157
66 114
66 115
67 80
67 130
67 259
67 291
68 96
68 176
68 185
68 237
68 252
69 231
69 262
69 265
70 80
70 108
70 181
71 74
71 80
71 88
71 89
71 93
71 97
71 98
71 101
71 112
71 131
71 134
71 135
71 136
71 139
71 144
71 147
71 148
71 152
71 158
71 180
71 184
71 185
71 205
71 211
71 212
71 224
71 225
71 227
71 230
71 231
71 240
71 265
71 266
71 277
71 279
71 280
71 283
71 292
71 295
71 300
71 309
71 314
71 331
71 390
72 120
72 273
72 304
72 354
72 363
72 385
73 218
74 84
74 205
74 275
75 192
75 234
75 258
76 178
76 241
76 250
76 265
77 216
77 245
77 287
77 364
78 112
78 139
78 301
78 342
79 175
79 303
79 351
80 92
80 131
80 139
80 150
80 173
80 175
80 266
80 301
80 352
80 360
81 97
81 104
81 112
81 117
81 122
81 123
81 154
81 189
81 193
81 195
81 219
81 234
81 239
81 273
81 277
81 351
82 170
82 196
82 236
82 293
82 336
82 383
83 129
83 270
83 274
84 103
84 110
84 146
84 193
84 247
85 206
85 312
85 362
85 371
86 299
86 325
86 326
86 334
86 367
87 138
87 139
87 153
87 228
87 237
87 363
88 101
88 223
88 266
88 333
89 131
90 133
90 138
90 219
90 243
90 244
90 301
91 124
91 130
91 134
91 180
91 367
92 131
92 150
92 153
92 179
92 183
92 243
92 352
93 101
93 107
93 114
93 130
93 139
93 144
93 224
93 225
93 262
94 104
94 121
95 131
95 148
96 97
96 105
96 107
96 117
96 180
96 185
96 212
96 216
96 217
96 228
96 240
96 297
97 102
97 159
98 103
98 133
98 134
98 137
98 139
98 176
98 233
98 252
99 121
99 132
99 139
99 237
100 183
100 282
100 291
101 102
101 103
101 139
101 144
101 177
101 228
101 243
102 142
102 184
102 216
102 240
102 247
103 106
103 107
103 121
103 130
103 142
103 144
103 146
103 247
103 333
104 106
104 121
104 139
104 247
105 106
105 220
105 225
105 304
106 111
106 134
106 135
106 152
106 240
107 144
107 184
107 291
108 113
110 187
110 192
110 195
110 207
110 306
110 347
110 380
111 134
111 139
111 152
111 205
111 262
111 279
114 249
115 124
115 180
115 188
115 274
115 400
115 405
116 241
116 268
116 271
116 272
116 289
116 296
116 358
116 373
116 398
117 259
118 124
118 171
118 202
118 258
118 313
118 336
119 128
119 191
119 232
119 371
120 341
120 343
120 385
121 140
121 180
121 219
121 220
121 234
121 278
121 304
122 160
122 202
122 258
122 305
122 312
122 329
122 423
123 347
123 371
124 129
124 158
124 197
124 204
124 211
124 212
124 226
124 227
124 229
124 241
124 254
124 265
124 267
124 268
124 269
124 270
124 271
124 274
124 275
124 286
124 287
124 288
124 289
124 292
124 294
124 295
124 296
124 297
124 298
124 308
124 311
124 318
124 325
124 335
124 347
124 358
124 360
124 365
124 367
124 370
124 371
124 374
124 378
124 379
124 381
124 389
124 390
124 395
124 398
124 409
125 168
125 297
125 386
126 277
126 354
127 228
127 291
128 157
128 186
128 245
128 363
129 187
129 210
129 270
129 292
129 356
129 360
129 380
129 397
130 139
130 180
130 225
130 255
131 134
131 139
131 151
131 173
131 175
131 261
131 266
131 281
132 180
132 282
133 141
133 216
134 139
134 151
134 152
134 153
134 208
134 223
135 136
135 139
136 211
136 261
137 142
137 259
137 278
138 194
138 202
138 257
138 278
138 282
138 303
138 329
138 350
139 150
139 173
139 175
139 179
139 221
139 223
139 224
139 225
139 243
139 247
139 301
139 333
139 352
140 346
140 356
141 177
141 216
141 251
142 302
143 181
144 225
144 255
145 182
145 412
146 291
146 345
148 153
148 223
149 243
149 302
150 173
151 173
151 174
151 178
151 266
151 281
151 314
152 223
153 176
153 178
153 183
154 291
154 329
156 360
157 171
157 258
157 259
157 286
157 332
158 231
158 254
158 269
158 288
158 331
158 367
158 379
159 245
159 316
160 202
160 206
160 213
161 165
161 166
161 393
161 398
161 411
161 422
162 166
162 167
162 391
163 164
163 166
163 246
163 418
163 419
164 166
164 276
164 284
164 287
164 289
164 296
164 328
164 411
164 419
165 357
166 167
166 245
166 307
166 311
167 409
168 210
168 264
168 336
168 382
168 384
170 198
170 260
170 330
170 336
170 356
170 374
170 384
172 369
172 382
172 417
173 211
173 223
173 301
173 314
174 181
174 241
175 266
175 278
175 301
175 352
176 200
177 221
177 222
177 244
178 297
178 354
179 205
179 224
179 266
180 221
180 302
183 282
184 197
184 217
185 223
185 225
185 238
187 314
187 321
187 409
188 195
188 241
188 265
188 275
188 280
188 289
189 194
189 234
189 256
190 230
190 235
190 299
190 400
191 198
191 204
191 248
191 315
191 340
191 343
191 356
191 369
191 375
192 195
193 206
193 212
193 330
193 351
194 207
194 316
195 253
195 315
195 349
195 400
196 197
196 204
196 260
196 319
196 335
196 336
196 349
196 361
196 372
196 377
196 382
196 401
197 204
197 226
197 231
197 249
197 254
197 292
197 321
197 360
197 381
197 415
198 231
198 250
198 308
198 318
198 326
198 339
198 364
198 379
199 356
199 360
199 371
199 377
200 288
200 314
201 276
201 289
201 378
201 391
201 392
201 393
201 421
202 313
202 344
202 396
203 205
204 250
204 327
204 349
204 353
204 355
204 368
204 401
205 231
205 279
206 213
206 253
206 257
206 263
206 304
206 306
206 330
206 359
207 265
207 297
207 341
208 223
209 231
209 301
210 421
211 230
211 283
213 359
214 265
214 275
214 286
215 234
215 255
217 348
218 234
218 278
218 304
219 244
220 257
220 293
221 228
222 302
222 315
224 238
225 240
225 261
226 311
226 347
226 408
227 263
227 314
227 405
228 327
229 246
229 269
229 274
229 307
229 382
229 397
230 270
230 344
230 388
230 416
231 241
231 277
231 288
231 358
231 402
232 312
232 332
232 354
232 416
234 304
235 269
236 268
236 381
236 415
237 262
237 342
237 382
238 255
240 243
240 247
240 304
241 253
241 265
241 288
241 299
241 322
241 411
244 333
245 248
245 267
245 271
245 289
245 296
245 297
245 328
245 363
246 273
246 363
246 416
249 260
249 305
249 379
249 396
249 423
250 311
250 318
250 321
250 344
250 347
250 374
250 388
250 396
253 270
253 280
253 286
253 290
253 306
253 363
254 319
254 321
254 349
254 388
254 394
254 402
258 394
260 310
260 396
262 265
262 297
262 342
264 306
264 325
264 379
264 382
264 396
265 274
265 286
265 400
267 295
267 390
267 415
268 343
268 384
268 404
268 415
268 416
269 270
269 271
269 274
269 308
269 340
269 368
269 378
269 401
270 274
270 286
270 390
271 296
271 390
272 355
273 310
273 313
274 275
274 297
274 360
274 390
274 397
274 400
274 405
275 285
275 286
275 404
275 405
276 421
277 304
277 400
279 307
279 400
279 405
280 332
280 363
280 400
283 287
283 307
283 357
284 286
284 296
284 354
284 418
284 419
284 422
285 354
285 385
286 288
286 343
287 411
288 299
288 405
289 355
289 386
290 355
290 386
290 404
292 318
292 348
292 397
293 305
293 347
293 376
293 415
294 311
294 390
294 402
294 404
296 422
297 404
298 394
303 354
304 351
305 326
305 336
305 356
305 365
305 416
306 310
306 349
306 363
306 394
307 339
307 356
307 360
307 368
307 403
308 311
308 321
308 336
308 372
308 401
310 313
310 320
310 347
310 412
311 335
311 337
311 339
311 383
311 396
312 344
312 362
313 336
313 361
316 341
317 356
317 373
318 321
318 337
318 340
318 374
318 377
318 379
318 402
318 412
319 360
319 388
319 412
319 416
320 326
320 367
321 335
321 353
321 360
321 381
321 383
321 402
324 376
324 387
325 372
325 408
326 360
326 377
326 396
327 353
327 356
327 396
331 367
334 340
334 384
334 422
335 368
335 402
336 365
337 339
337 340
337 355
337 366
337 388
338 403
339 347
339 364
339 381
339 401
340 379
340 384
340 390
343 416
344 391
347 361
347 409
348 349
350 403
353 383
353 389
354 363
356 361
356 377
356 381
356 409
357 391
357 413
357 418
358 368
358 390
359 394
360 370
360 376
360 397
360 402
361 365
361 378
364 415
365 372
365 395
365 406
366 388
366 392
366 415
368 373
370 378
370 381
370 398
372 400
373 408
374 402
374 412
375 381
376 406
376 415
377 378
377 388
377 401
379 387
379 399
379 416
382 390
383 389
383 409
384 386
385 418
386 396
388 408
389 395
390 398
391 410
391 418
392 411
392 414
392 422
393 399
393 410
394 406
395 406
397 403
399 413
406 423
409 420
409 422
410 418
410 419
411 418
411 419
413 418
414 418
414 419
416 417
417 423
