444
1731
1 2
1 5
1 6
1 16
1 29
1 40
1 47
1 49
1 50
1 73
1 74
1 77
1 86
1 90
1 91
1 109
1 110
1 122
1 123
1 132
1 135
1 136
1 137
1 138
1 139
1 140
1 141
1 142
1 143
1 144
1 145
1 146
1 147
1 148
1 149
1 150
2 5
2 9
2 70
2 71
2 77
2 151
3 11
3 73
3 115
3 144
3 148
3 151
3 247
3 359
4 6
4 9
4 12
4 20
4 21
4 28
4 38
4 42
4 47
4 50
4 73
4 74
4 84
4 85
4 86
4 98
4 101
4 102
4 122
4 236
5 6
5 7
5 8
5 10
5 11
5 13
5 58
5 74
5 75
5 115
5 139
5 165
5 249
6 29
6 37
6 38
6 40
6 70
6 71
6 73
6 74
6 79
6 120
6 134
6 135
6 151
6 162
6 163
6 165
6 168
6 188
6 243
6 245
6 275
6 317
6 360
7 75
7 77
7 104
8 9
8 77
8 99
8 114
9 10
9 154
9 197
10 54
10 77
10 101
10 170
10 197
11 69
11 71
11 90
11 101
11 119
11 135
11 195
11 300
11 320
11 395
12 18
12 63
13 27
13 101
13 107
14 19
14 68
14 186
14 318
14 398
15 52
15 62
15 153
15 201
15 206
15 244
15 291
15 313
15 392
16 33
16 42
16 74
16 84
16 85
16 93
16 115
16 120
16 132
16 162
16 169
16 219
16 249
17 124
17 161
17 163
17 167
17 401
18 48
18 84
18 153
18 227
18 291
18 310
18 314
18 322
19 131
19 176
19 341
20 29
20 40
20 42
20 73
20 74
20 79
20 134
20 142
20 169
20 192
20 247
20 298
20 312
21 243
22 39
22 135
22 145
22 213
22 214
22 296
22 300
22 331
22 382
22 424
22 425
23 418
24 98
24 131
24 132
24 167
24 204
25 44
25 103
25 117
25 172
25 383
26 137
26 197
26 227
26 244
27 105
27 226
28 38
28 74
28 86
28 107
28 132
28 134
28 165
28 218
29 170
29 247
30 88
30 161
30 204
30 238
30 278
31 132
31 166
31 433
32 120
32 176
33 42
33 74
33 86
33 108
33 143
33 218
33 219
33 268
33 274
33 295
34 111
34 112
34 168
34 215
34 356
35 53
35 154
35 171
35 184
35 319
35 341
35 342
35 344
35 358
35 395
35 408
36 179
36 366
36 422
36 433
36 439
36 440
37 71
37 73
37 84
37 93
37 109
37 136
37 150
37 163
37 258
38 50
38 70
38 111
38 112
38 113
38 170
38 214
38 215
38 238
38 256
38 294
39 125
39 208
39 230
39 231
39 273
39 289
39 328
39 333
39 353
39 362
40 73
40 74
40 93
40 115
40 117
40 137
40 165
40 199
40 215
40 295
40 301
40 344
41 74
41 93
41 115
41 168
42 47
42 50
42 74
42 86
42 98
42 110
42 115
42 134
42 141
42 148
42 153
42 247
43 64
43 188
43 206
43 263
43 310
43 313
43 341
43 365
43 370
43 392
44 54
44 68
44 173
44 182
44 279
44 310
44 442
45 191
45 229
45 263
45 264
45 272
45 279
45 380
45 384
45 385
46 103
46 139
46 220
46 262
47 87
47 115
47 149
47 190
47 235
47 274
47 298
47 343
48 84
48 86
48 89
48 94
48 102
48 136
48 237
48 256
48 266
48 281
48 312
48 360
48 400
49 70
49 74
49 227
49 245
50 95
50 109
50 132
50 202
50 235
50 240
50 314
50 343
51 125
51 269
51 329
51 339
51 374
51 382
51 387
51 390
52 140
52 170
52 246
52 273
52 349
52 357
52 362
53 55
53 56
53 177
53 181
53 182
53 355
53 441
53 442
54 125
54 126
54 130
54 171
54 172
54 282
54 286
54 357
54 383
55 181
55 248
55 441
55 442
57 100
57 146
57 147
57 189
57 234
57 257
57 261
58 75
58 77
59 65
59 191
59 300
59 378
59 433
60 105
61 193
62 64
62 216
62 225
62 238
62 259
62 283
62 284
62 292
62 360
62 384
63 167
63 176
63 186
63 338
63 371
63 400
64 76
64 170
64 216
64 217
64 262
64 272
64 284
64 291
64 331
64 355
64 384
64 437
65 66
65 183
65 344
65 361
65 370
66 224
66 275
66 282
66 316
66 325
66 349
66 352
66 353
66 362
66 399
67 202
67 252
68 78
68 170
68 203
68 264
68 346
69 74
69 79
69 110
69 136
69 139
69 234
70 74
70 166
70 268
71 76
71 94
71 133
71 162
71 266
71 309
72 76
72 157
72 359
73 74
73 79
73 84
73 86
73 93
73 96
73 108
73 134
73 192
73 222
74 79
74 84
74 86
74 87
74 115
74 117
74 120
74 128
74 134
74 135
74 137
74 158
74 160
74 162
74 166
74 175
74 188
74 202
74 221
74 222
74 227
74 231
74 240
74 241
74 253
74 256
74 260
74 274
74 281
74 311
74 317
74 322
74 323
74 359
74 424
75 77
75 104
76 117
76 119
76 128
76 135
76 140
76 143
76 145
76 157
76 163
76 200
76 202
76 266
76 314
76 359
76 360
78 173
79 117
79 145
79 247
79 307
80 258
80 296
80 340
80 427
81 113
81 152
81 200
81 216
81 299
81 322
81 381
82 83
82 84
82 89
82 100
82 109
82 114
82 234
83 124
83 156
83 161
83 163
83 168
83 270
83 276
83 401
83 412
84 85
84 86
84 87
84 90
84 92
84 110
84 117
84 132
84 136
84 150
84 151
84 155
84 158
84 159
84 227
84 228
84 234
84 235
84 236
84 240
84 241
84 250
84 261
84 268
84 281
85 87
85 110
85 164
85 192
85 236
85 345
86 96
86 98
86 99
86 114
86 115
86 117
86 128
86 136
86 142
86 146
86 150
86 166
86 192
86 249
86 312
87 115
87 228
87 308
88 105
88 131
88 204
88 217
90 129
90 144
90 308
91 92
91 117
91 136
91 163
91 190
91 203
91 308
92 94
92 136
92 227
92 261
92 285
92 288
93 96
93 106
93 115
93 227
93 247
94 117
94 146
94 175
94 202
94 227
94 240
94 314
95 122
95 132
95 164
95 218
95 222
95 235
95 243
95 274
95 346
96 97
96 100
96 114
96 218
96 288
96 317
97 123
97 218
97 288
98 232
99 176
99 239
99 281
100 114
100 162
100 250
100 266
102 111
102 135
102 172
102 215
103 173
103 216
103 246
103 276
103 334
103 384
105 194
106 131
106 153
106 170
106 241
106 256
108 112
108 161
108 204
108 294
108 334
108 337
108 347
109 312
110 227
110 287
110 307
111 112
111 134
111 149
111 170
111 216
111 225
111 340
111 343
112 134
112 167
112 199
112 324
112 326
112 338
112 413
113 115
113 152
113 259
113 284
114 234
115 122
115 134
115 135
115 139
115 149
115 160
115 165
115 228
115 240
115 244
115 249
115 251
115 253
115 274
115 280
115 287
115 308
115 335
115 343
116 183
116 231
116 305
116 316
116 331
116 333
116 347
116 362
116 395
116 397
116 410
117 135
117 141
117 176
117 227
117 263
117 287
118 139
118 216
118 377
118 380
119 437
120 133
120 239
121 213
121 214
121 275
121 299
121 402
121 407
121 418
121 424
121 431
122 149
122 232
122 235
122 236
123 257
123 307
123 315
124 162
124 185
124 215
124 263
124 401
125 171
125 224
125 269
125 286
125 331
125 373
125 375
125 393
126 170
126 224
126 342
126 364
126 373
127 215
127 262
127 290
127 292
127 385
128 138
128 155
128 164
128 202
128 223
128 252
128 256
128 265
129 142
129 163
129 228
129 291
130 154
130 319
130 387
130 388
131 216
131 253
131 319
131 424
132 166
132 317
133 309
133 359
133 400
134 143
134 149
134 150
134 166
134 236
134 249
134 251
134 279
134 280
134 294
134 303
134 317
134 343
134 366
135 138
135 162
135 165
135 170
135 250
135 252
135 258
135 263
135 265
135 285
135 309
135 314
135 322
136 218
136 266
137 140
137 263
138 238
138 252
138 258
138 265
138 285
138 309
139 142
139 147
139 166
139 222
139 247
139 370
140 146
140 157
140 168
140 188
140 239
140 258
140 287
140 300
140 323
140 338
141 202
142 165
142 247
142 249
143 215
143 247
143 249
143 256
144 227
145 146
145 334
146 184
146 188
146 197
149 208
149 319
149 333
149 354
149 382
149 393
150 189
150 257
150 261
152 301
153 174
153 186
153 190
153 200
153 205
153 228
153 306
153 374
153 437
154 168
154 171
154 205
154 212
154 327
154 388
155 238
155 307
156 347
156 359
156 401
157 346
157 359
157 401
158 159
159 344
159 360
160 166
160 216
160 278
161 162
161 170
161 256
161 260
161 381
161 383
161 401
161 427
162 164
162 170
162 202
162 285
162 330
163 200
163 227
163 237
164 202
164 252
164 285
164 346
165 219
165 253
165 260
166 218
166 249
166 253
166 412
167 168
167 283
167 395
167 438
168 244
168 263
168 291
168 322
168 360
169 268
170 176
170 185
170 198
170 244
170 276
170 326
170 412
171 183
171 191
171 277
171 304
171 325
171 330
171 332
171 333
171 376
171 393
171 408
171 416
171 417
171 418
171 421
171 438
172 173
172 223
172 224
172 264
172 269
172 270
172 286
172 323
172 383
172 406
173 254
173 363
173 371
174 383
176 198
176 215
176 262
176 272
177 223
177 246
177 383
177 436
178 395
178 408
178 431
179 180
179 231
179 293
179 302
179 418
179 439
180 286
180 302
180 310
180 389
180 418
180 433
180 440
181 182
181 226
181 286
181 358
181 406
182 184
182 273
182 282
182 341
182 351
182 362
182 364
182 387
182 439
182 442
183 319
183 320
183 334
183 388
183 403
184 263
184 316
184 333
184 341
184 345
184 350
184 358
184 361
184 405
184 414
184 429
184 430
185 282
185 328
185 351
185 382
185 387
185 407
186 291
186 310
186 313
187 308
188 313
188 384
189 371
190 250
191 206
191 292
191 300
191 382
191 416
193 202
193 227
193 250
193 285
194 196
194 223
194 314
195 227
196 287
196 309
196 359
198 401
199 210
199 216
199 254
199 384
199 401
200 294
200 360
201 229
202 237
202 285
202 314
203 223
203 309
203 401
204 299
204 312
206 229
206 263
206 392
206 413
207 333
207 364
207 404
207 408
207 431
208 212
208 327
208 328
208 350
208 379
208 407
209 251
209 293
209 299
209 341
209 361
209 429
209 436
209 440
210 295
210 325
210 407
210 423
211 267
211 332
211 333
211 376
211 403
211 416
212 214
212 251
212 293
212 297
212 351
212 353
212 372
212 391
212 399
212 417
212 431
212 432
213 214
213 292
213 382
213 410
213 422
213 424
214 325
214 350
214 354
214 408
214 424
215 216
215 217
215 329
215 333
215 369
215 411
216 217
216 294
216 299
216 384
217 225
218 222
219 222
221 251
221 304
221 403
222 317
223 224
223 240
223 323
223 359
224 286
224 344
224 358
224 367
224 410
225 278
225 295
225 377
225 434
226 272
227 228
227 317
228 240
228 272
229 263
229 313
229 385
230 255
230 271
230 304
230 305
231 251
231 277
231 301
231 319
231 330
231 351
231 352
231 367
231 391
231 395
231 415
231 417
231 435
231 438
231 444
233 340
234 257
234 287
234 307
234 315
236 338
237 314
238 246
238 256
238 260
238 296
238 301
238 326
238 380
240 261
241 253
242 297
242 304
242 386
246 264
246 381
246 383
249 253
249 317
251 279
251 320
251 372
251 417
251 421
252 285
252 309
253 261
254 323
254 339
254 348
254 370
254 372
254 384
254 386
254 429
255 319
255 333
255 376
255 397
256 335
256 433
258 285
258 301
258 309
259 316
259 331
259 333
259 357
259 399
259 417
260 311
262 264
262 385
263 268
263 292
263 314
263 384
263 385
264 272
264 308
265 280
265 285
265 309
265 310
267 349
267 368
267 419
267 434
268 307
269 270
269 273
269 333
269 396
269 430
270 271
270 291
271 342
271 375
271 414
272 323
272 383
273 316
273 341
273 352
273 374
273 395
273 400
275 290
275 409
276 279
276 346
277 319
277 335
277 395
277 433
278 301
279 339
279 348
279 367
279 413
279 417
279 427
279 436
280 303
281 317
282 324
282 351
282 354
282 364
282 387
282 395
282 406
282 430
282 441
283 290
283 292
284 292
284 360
285 309
285 314
286 400
289 352
290 379
291 381
292 306
292 349
292 360
292 370
292 397
292 410
292 424
292 425
293 325
293 376
293 409
293 417
293 426
294 383
294 384
295 413
296 301
296 336
296 369
296 401
296 419
297 319
297 366
297 429
297 444
298 343
299 300
299 323
299 345
299 358
299 360
299 363
299 413
299 429
300 305
300 316
300 327
300 331
300 334
300 408
300 410
302 376
302 417
302 418
302 426
302 433
302 439
302 444
304 305
304 330
304 334
304 370
304 372
304 417
304 421
304 429
304 438
305 327
305 334
305 349
305 370
305 386
305 415
305 422
306 333
306 422
309 359
309 383
309 399
310 347
310 372
310 413
313 336
313 365
313 368
313 385
313 437
314 359
316 408
316 430
317 337
318 323
319 344
319 345
319 351
319 356
319 361
319 435
320 344
320 348
320 356
320 358
320 361
320 372
320 390
320 391
320 402
320 429
321 354
321 374
321 382
321 387
321 393
321 403
322 326
322 412
323 362
323 363
323 383
323 398
324 372
324 387
324 404
325 329
325 351
325 396
325 423
326 328
326 370
326 380
326 412
327 356
327 439
328 352
328 367
328 387
328 399
328 407
328 430
328 431
328 432
329 350
329 352
329 356
329 444
330 344
330 404
331 345
331 358
331 378
332 333
332 362
332 404
332 425
332 430
333 341
333 345
333 349
333 351
333 387
333 388
333 391
333 395
333 404
333 415
333 430
333 441
334 357
334 382
334 390
334 395
334 399
334 402
334 416
334 428
334 429
335 422
336 377
336 378
338 346
338 401
339 341
339 354
339 361
339 386
339 402
341 358
341 394
341 414
341 437
342 361
342 406
342 414
344 345
344 361
344 393
345 355
345 384
345 387
345 395
345 428
345 430
346 401
347 419
348 372
348 439
349 395
349 408
350 387
350 391
350 409
350 410
351 374
351 387
351 395
351 403
351 415
351 428
352 374
352 389
352 399
352 416
352 424
352 425
352 435
352 444
353 399
353 429
353 437
354 356
354 407
354 437
355 390
355 442
356 390
356 395
356 416
356 432
356 435
357 358
357 372
357 374
357 375
357 414
357 429
357 438
358 363
358 374
358 382
358 402
360 371
361 372
361 384
361 437
362 388
362 410
363 417
363 430
365 384
366 388
366 420
366 443
367 374
367 391
367 426
367 430
369 380
369 426
372 402
372 416
373 379
373 386
373 403
373 410
374 395
374 410
375 405
375 430
376 387
376 394
376 426
378 399
378 418
378 420
378 444
379 389
379 444
381 401
382 386
382 387
382 389
382 393
383 413
383 436
386 408
386 415
387 390
387 397
387 421
387 433
388 390
388 418
388 424
389 391
389 416
390 395
390 416
392 400
393 396
393 405
395 403
395 415
395 416
396 430
399 425
399 444
402 415
402 417
402 435
403 428
404 414
406 430
406 436
408 416
409 416
409 431
409 444
410 430
412 424
413 443
414 415
417 429
419 434
420 427
420 443
421 432
421 440
422 443
423 439
426 439
429 440
431 435
433 435
433 443
439 443
440 444
441 442
