10
9 418
1 2 5
1 3 2
0 4
0 5
1 6 5
2 7 3 7
1 8 10
0 9
0 10
9 127
0 1
1 3 8
2 4 5 9
0 5
1 6 10
2 7 3 4
0 8
1 9 6
2 10 5 10
7 589
2 2 1 6
0 4
0 5
2 7 1 7
1 8 10
0 9
1 10 8
9 754
2 1 7 8
0 2
1 3 6
2 5 1 2
1 6 2
1 7 9
1 8 10
0 9
1 10 9
8 134
1 1 2
1 3 1
1 4 3
1 6 9
0 7
1 8 3
2 9 4 6
1 10 6
8 223
0 1
1 3 7
1 4 8
0 5
1 7 5
2 8 4 5
0 9
0 10
9 874
1 1 6
1 2 8
1 3 8
1 4 2
1 5 3
1 6 5
0 8
2 9 6 8
0 10
9 497
1 1 1
1 2 6
0 3
2 4 5 10
1 5 2
1 6 1
0 7
0 9
1 10 10
8 774
2 1 6 7
0 2
3 3 1 2 8
0 4
2 5 5 10
1 7 4
0 8
0 10
8 970
1 1 6
3 2 4 6 7
3 4 3 6 7
1 5 4
0 6
3 7 1 2 9
0 8
0 9
