10
8 533
2 2 5 7
2 3 5 9
1 4 5
3 5 4 6 10
0 6
4 7 6 7 8 9
2 8 5 10
1 10 6
8 903
1 1 6
2 3 3 9
2 4 7 10
3 5 3 4 9
0 7
4 8 1 3 9 10
4 9 4 7 8 9
1 10 7
7 189
2 1 4 6
1 4 1
5 5 1 4 6 9 10
1 6 2
1 7 7
2 9 6 9
2 10 1 7
8 694
1 2 5
4 3 1 2 5 9
2 5 7 10
2 6 9 10
1 7 10
5 8 3 5 8 9 10
0 9
3 10 3 7 10
7 120
1 1 6
2 2 9 10
3 3 6 7 9
1 4 6
2 6 2 10
3 8 2 6 9
1 9 3
6 649
2 3 4 9
0 5
3 7 3 4 5
1 8 8
2 9 3 7
4 10 2 7 8 10
6 42
0 3
0 4
1 5 1
0 6
2 8 2 6
4 9 1 3 4 6
8 707
4 1 4 5 6 9
2 2 6 10
4 3 1 3 5 9
1 4 7
2 5 6 9
1 6 5
2 7 2 7
1 9 10
8 4
2 1 5 7
0 2
1 3 7
1 4 2
3 5 1 2 6
1 6 5
3 8 2 6 10
0 10
8 902
2 1 1 2
1 2 5
0 3
3 4 1 4 5
2 5 3 9
3 6 1 3 5
1 8 5
1 9 2
