10
4 829
2 4 2 3
3 7 5 8 9
1 8 10
3 10 2 8 9
5 153
3 1 1 6 10
0 3
3 4 1 4 10
1 6 9
4 9 3 4 9 10
6 699
3 1 2 5 9
3 4 4 5 6
3 6 1 6 10
2 7 5 10
3 8 4 5 10
1 9 5
6 808
5 2 1 2 5 9 10
4 5 5 6 9 10
3 7 5 7 8
2 8 3 10
1 9 7
3 10 6 7 9
6 542
5 1 3 4 7 8 10
2 2 7 8
2 3 1 4
3 6 2 3 8
2 7 9 10
1 8 7
8 344
1 2 4
3 3 5 7 10
4 4 1 3 5 9
3 5 3 7 8
3 7 4 7 8
3 8 1 2 9
1 9 1
6 10 1 4 5 7 9 10
6 957
3 1 1 4 10
5 2 3 4 8 9 10
1 3 1
3 4 4 8 10
5 6 2 4 5 6 8
2 9 1 2
5 95
2 1 1 6
3 3 6 9 10
2 4 4 9
4 6 1 5 6 9
2 9 3 5
7 198
3 1 1 7 10
3 2 4 8 10
4 3 1 2 4 10
2 5 6 10
3 7 5 7 8
2 8 1 7
5 10 2 4 5 6 7
5 524
6 4 1 2 4 5 6 7
5 5 2 3 5 6 9
1 7 6
2 8 1 3
2 9 4 5
