10
2 599
2 7 4 9
5 10 2 3 5 8 9
3 343
6 3 1 4 5 6 7 10
5 5 1 3 5 8 10
7 9 1 3 4 6 7 9 10
6 448
3 1 2 6 8
5 4 2 5 7 9 10
7 6 1 2 4 5 6 8 9
5 7 5 6 7 8 10
6 8 1 2 4 5 6 8
1 9 10
3 386
7 1 1 2 5 7 8 9 10
7 7 2 3 5 6 7 8 9
1 9 7
4 461
4 1 2 3 7 8
4 3 2 3 7 10
6 7 1 2 3 6 8 10
3 9 1 2 6
6 876
3 1 1 3 8
5 2 1 3 4 7 9
1 5 2
5 7 2 4 7 8 10
4 9 4 5 7 9
6 10 3 4 5 7 8 10
3 901
6 2 1 4 5 8 9 10
6 4 3 4 5 6 9 10
5 9 2 3 4 5 9
4 479
7 1 1 3 4 5 6 7 9
5 3 4 6 7 9 10
5 6 1 4 6 7 10
4 7 1 7 9 10
4 22
6 1 1 2 3 5 6 7
7 5 1 2 4 5 6 8 10
4 6 2 4 5 7
4 8 3 4 6 10
8 436
6 1 3 4 5 6 7 9
5 2 1 2 4 8 9
8 4 1 2 3 4 5 6 7 9
2 5 3 6
5 6 1 2 3 4 9
4 7 1 2 5 8
4 8 1 3 5 7
4 9 1 2 4 5
