10
5 714
5 3 2 4 6 7 10
6 4 3 4 6 7 8 9
3 5 8 9 10
6 7 2 3 4 7 8 9
5 10 4 5 6 8 10
3 364
5 1 1 4 6 8 10
7 4 1 4 6 7 8 9 10
4 6 3 4 8 10
4 671
5 1 2 6 8 9 10
3 2 1 2 4
4 5 5 6 7 8
7 8 1 2 5 7 8 9 10
5 949
4 2 2 3 6 9
5 3 1 2 3 7 8
4 5 5 6 9 10
7 6 1 2 3 5 6 7 10
3 9 7 8 10
3 892
6 6 1 3 6 7 8 9
7 8 1 4 6 7 8 9 10
7 9 3 4 6 7 8 9 10
2 349
5 1 1 2 3 4 10
5 4 1 4 5 8 9
4 755
6 2 2 4 5 6 9 10
4 3 1 4 6 10
6 4 1 2 3 5 8 10
5 5 1 2 3 8 10
3 106
6 4 1 3 5 7 9 10
7 5 1 4 5 6 7 9 10
5 6 2 3 5 6 7
1 165
4 5 1 2 5 8
1 545
3 8 2 8 9
