10
3 8
5 5 2 3 5 6 10
6 6 2 3 4 6 9 10
5 7 2 3 5 7 8
4 719
8 4 3 4 5 6 7 8 9 10
5 5 3 4 5 6 7
4 6 3 6 9 10
8 9 1 3 4 5 6 7 9 10
4 22
6 1 2 4 5 6 7 8
6 2 1 2 6 7 8 10
5 8 4 6 7 8 10
6 10 4 5 6 8 9 10
1 156
6 10 1 5 6 8 9 10
4 979
8 4 1 2 3 6 7 8 9 10
6 6 1 2 7 8 9 10
5 7 1 3 4 6 10
8 10 1 2 3 4 6 8 9 10
3 327
8 4 2 3 4 5 7 8 9 10
7 5 1 2 3 4 5 7 9
7 9 1 3 4 5 7 8 9
1 82
8 3 1 2 3 4 6 8 9 10
4 701
7 1 1 2 3 4 5 7 10
1 2 6
6 7 1 3 5 6 7 10
7 9 1 2 3 4 6 7 9
0 720
6 387
7 2 2 4 5 6 7 8 9
8 4 1 2 3 4 5 6 8 9
6 5 1 2 4 7 8 9
9 7 1 2 3 4 5 6 7 8 9
4 8 1 3 5 9
4 9 3 5 8 9
