30
26 74
3 2 3 22 13
3 3 10 11 12
3 5 20 7 14
4 6 6 9 25 27
6 7 3 22 10 28 27 14
2 8 17 16
4 9 18 7 25 16
4 10 5 23 8 25
6 11 22 6 7 9 10 16
1 12 24
3 13 6 24 11
3 14 18 28 13
4 15 18 22 6 8
6 16 18 2 7 10 11 15
5 18 19 10 13 29 15
4 17 18 19 27 15
2 20 3 4
5 19 22 10 27 30 13
3 22 17 2 30
4 21 6 7 8 25
2 24 22 6
4 26 21 7 10 16
6 25 5 21 7 23 28 12
2 28 9 16
2 27 19 16
3 30 18 19 8
27 255
3 1 8 11 15
3 3 8 27 13
3 4 6 10 14
3 5 22 21 13
1 6 27
4 7 22 5 8 28
1 9 18
1 10 10
0 11
0 12
2 13 3 8
3 15 8 30 16
2 16 22 13
3 18 8 9 16
1 17 15
2 20 1 27
4 19 18 21 23 14
3 22 5 12 15
3 21 3 19 12
2 24 17 30
6 23 19 21 24 9 11 30
5 26 3 8 10 14 15
4 25 7 23 28 15
4 28 21 25 28 14
2 27 28 14
6 30 4 5 24 23 28 29
6 29 20 22 7 23 25 11
27 115
3 1 18 11 14
1 2 7
3 4 20 4 9
1 5 6
1 7 19
2 8 8 11
2 9 19 5
0 10
1 11 27
6 12 20 25 10 27 29 16
1 13 29
3 14 25 27 14
0 15
2 16 21 14
3 18 18 6 11
5 17 20 5 21 24 28
3 20 21 12 15
2 19 18 11
1 22 18
1 21 6
8 24 1 20 19 22 27 12 30 14
2 26 20 27
0 25
4 28 17 2 10 13
4 27 22 25 28 13
3 30 4 5 11
2 29 19 4
28 741
3 1 17 12 14
2 2 9 14
0 3
4 5 21 7 27 13
2 6 28 30
3 7 9 27 14
3 8 19 24 16
2 9 26 12
3 10 1 8 29
2 11 20 30
1 12 12
2 13 3 22
2 14 24 30
3 15 2 3 16
3 16 1 5 23
4 17 26 25 27 29
1 20 10
3 19 3 13 15
3 22 18 24 8
2 21 12 29
2 24 24 10
1 23 13
4 26 21 8 9 10
7 25 21 7 23 26 12 30 16
2 28 17 11
7 27 18 20 24 10 28 14 16
3 30 5 28 11
1 29 14
25 263
3 1 17 12 15
3 3 22 12 13
3 4 25 29 16
1 6 30
4 7 20 3 8 26
2 9 6 9
5 10 3 21 26 27 15
3 11 1 21 6
5 12 20 24 7 13 14
1 13 21
5 14 2 20 7 8 13
3 16 18 2 3
2 18 22 27
3 17 22 24 10
2 20 23 12
6 19 18 28 27 29 15 16
6 22 18 17 19 6 26 16
5 21 17 12 30 29 14
3 24 4 11 16
3 23 4 9 27
3 26 4 26 15
2 25 25 27
1 28 20
2 30 20 10
1 29 27
28 366
11 1 1 2 20 3 5 21 24 7 28 30 15
2 2 25 28
1 3 27
1 4 26
2 5 9 11
4 7 18 17 24 26
0 8
2 9 20 24
1 10 14
4 12 21 26 11 27
3 13 2 10 29
5 14 3 4 24 23 10
1 15 23
5 16 24 23 9 12 30
3 18 21 28 14
1 17 24
3 20 22 7 10
3 19 17 30 14
8 22 1 4 21 23 10 11 27 30
1 21 12
2 24 24 29
2 23 10 28
1 26 4
3 25 23 10 13
4 28 17 22 29 14
0 27
6 30 18 2 4 24 12 13
2 29 4 25
28 114
4 1 18 4 23 10
1 2 24
3 3 17 22 29
2 4 18 4
4 5 20 5 23 30
6 6 1 17 24 25 12 29
6 8 18 17 9 30 29 15
6 9 18 1 17 9 25 16
2 10 20 13
0 11
3 12 20 8 26
3 13 2 4 12
6 14 19 25 12 30 13 16
5 15 19 6 25 13 14
3 16 1 5 12
1 18 15
6 17 3 24 23 29 14 16
4 19 18 22 24 8
2 22 5 12
3 21 22 11 15
5 24 17 19 21 28 30
4 23 28 11 29 16
3 26 1 20 5
3 25 5 23 28
2 28 24 12
4 27 1 4 27 16
3 30 19 6 14
3 29 17 5 21
28 750
2 1 3 23
3 2 12 29 14
2 3 2 22
2 4 1 23
2 5 6 13
5 6 6 9 27 13 29
1 7 18
3 9 18 20 24
2 10 24 12
2 12 10 29
1 13 20
2 14 18 5
4 15 4 28 27 30
4 16 2 3 11 30
1 18 29
3 17 18 5 13
0 20
3 19 18 5 23
8 22 1 17 19 4 6 26 11 30
3 21 17 6 16
0 24
3 23 1 19 27
2 26 1 21
2 25 3 11
2 28 17 21
3 27 4 7 10
2 30 25 29
2 29 20 15
25 947
3 1 18 10 15
3 2 4 22 24
1 3 30
4 4 20 5 8 30
1 5 4
3 6 18 4 13
3 10 1 17 10
3 11 5 24 30
5 13 19 24 23 12 29
4 14 2 3 24 7
3 15 18 7 8
5 16 1 17 6 12 15
2 18 1 15
4 17 1 11 13 16
3 20 1 27 12
4 19 19 21 23 14
4 22 19 24 13 15
3 21 3 11 13
2 24 21 15
3 23 20 5 12
5 26 3 6 23 10 27
5 25 20 21 6 28 13
5 28 20 6 13 29 16
3 27 17 25 29
2 29 1 6
24 440
5 2 18 24 13 14 16
2 3 3 14
4 4 17 21 30 29
2 5 4 26
3 7 1 2 14
4 8 12 30 29 15
2 9 21 26
3 11 2 6 29
5 12 1 4 22 5 25
5 13 1 24 23 9 11
3 14 3 7 8
3 15 20 15 16
3 16 5 6 25
3 18 18 24 8
2 20 9 30
1 19 27
1 22 12
4 21 22 6 24 12
2 24 2 3
1 26 5
3 25 28 27 30
2 28 19 13
5 27 2 20 22 23 8
4 29 1 5 21 8
26 231
1 1 19
2 2 22 24
3 3 19 21 13
1 4 27
0 5
4 7 8 26 10 12
3 8 27 13 14
4 9 19 6 10 29
3 10 9 25 13
2 13 28 30
3 14 18 23 29
3 15 22 8 16
3 16 19 7 8
3 18 2 20 14
2 17 21 6
5 20 21 8 10 12 15
2 19 1 4
5 22 7 10 30 13 29
3 24 4 24 9
2 23 26 29
5 26 2 22 7 30 29
4 25 20 19 5 21
2 28 9 25
3 27 18 22 16
2 30 22 26
3 29 3 7 8
28 656
0 1
4 2 18 1 24 11
1 3 24
5 4 1 17 19 10 14
0 5
2 6 1 10
4 8 17 20 21 11
3 9 21 8 11
4 10 21 26 27 16
4 11 18 21 26 9
3 13 2 28 16
4 14 18 19 25 10
7 15 17 2 19 6 23 30 16
1 16 9
2 18 1 19
6 17 5 6 24 8 9 28
3 20 21 9 11
3 19 5 9 28
4 22 19 24 11 16
1 21 14
1 24 13
2 23 24 28
1 26 3
4 25 2 3 26 13
3 28 4 21 8
1 27 23
1 30 18
3 29 18 30 16
27 741
3 2 22 28 27
4 3 20 21 7 11
2 4 20 14
2 5 2 11
6 6 1 17 4 28 12 30
2 7 11 14
0 8
3 9 22 21 24
2 10 6 26
3 11 21 26 15
2 12 8 12
3 14 19 7 25
1 15 16
1 16 27
2 18 17 22
3 17 17 21 26
3 20 22 9 25
3 19 19 22 27
4 22 5 21 8 27
3 21 21 10 29
3 24 20 25 15
1 23 5
3 26 2 19 5
0 25
2 28 7 14
4 27 2 4 22 9
4 29 3 19 14 16
25 160
3 1 1 23 29
2 2 21 12
2 4 18 1
7 5 1 17 2 3 19 24 11
2 6 3 28
1 8 22
5 9 17 19 13 29 15
3 10 22 21 26
4 11 9 10 29 15
1 12 3
3 13 6 7 13
1 15 22
2 16 8 10
2 18 1 5
2 20 5 15
2 19 17 6
5 22 1 3 8 9 15
4 24 22 21 10 29
2 23 24 23
2 26 29 15
4 25 17 26 25 13
7 28 20 19 4 22 24 26 28
3 27 1 26 27
4 30 1 4 15 16
3 29 23 30 29
29 422
3 1 2 22 21
4 2 20 24 8 9
2 3 1 16
3 4 1 19 5
4 5 9 10 12 30
3 6 17 6 26
4 7 19 23 11 13
5 8 4 25 12 30 16
4 9 20 7 30 14
1 10 26
3 11 25 27 12
1 12 8
2 13 18 6
2 14 6 11
1 16 1
1 18 17
2 17 26 25
5 20 2 22 24 9 28
1 19 29
6 22 2 3 26 28 27 14
1 21 3
2 24 2 22
3 23 17 3 12
3 26 23 12 16
3 25 21 28 11
1 28 25
2 27 12 13
3 30 22 5 12
1 29 25
26 404
2 1 3 11
5 2 17 4 21 7 30
3 3 18 4 5
2 4 23 13
2 5 22 10
2 6 18 1
2 7 19 4
2 8 2 9
3 10 9 27 30
3 11 30 29 15
4 13 19 21 7 14
4 14 18 3 8 10
4 15 18 23 10 11
5 18 4 24 9 25 13
1 17 7
0 20
2 19 1 23
2 22 2 10
3 21 17 4 15
3 24 4 10 12
2 23 26 25
4 26 5 26 10 15
4 25 3 23 9 11
2 27 22 21
3 30 2 3 4
3 29 17 28 29
24 276
4 2 2 3 5 10
3 3 2 24 7
3 4 22 12 16
5 6 18 19 22 8 11
4 7 23 25 27 12
4 8 4 24 8 30
4 9 24 23 28 11
3 10 18 4 30
2 11 3 15
1 12 21
2 14 6 10
4 15 20 8 11 16
3 18 1 3 4
2 20 3 30
1 19 2
3 22 1 26 10
3 21 22 8 14
5 24 20 4 21 24 25
6 26 2 4 23 8 14 15
2 25 5 8
4 28 11 12 30 29
4 27 19 6 13 16
5 30 2 3 19 23 13
6 29 2 3 22 21 24 26
26 452
1 1 11
4 2 1 19 23 9
6 3 3 19 7 12 30 15
0 4
0 6
2 7 4 6
2 8 25 12
4 9 20 6 9 15
2 10 10 29
5 12 17 3 5 6 13
3 13 17 5 9
5 14 7 27 30 13 16
1 15 12
1 16 11
5 17 6 26 28 13 16
6 20 17 3 21 7 9 14
4 19 1 7 25 28
3 22 1 5 16
3 21 4 21 27
3 24 17 10 13
3 23 1 25 12
4 25 26 11 29 16
4 28 1 3 26 14
4 27 1 12 13 15
2 30 2 19
7 29 2 19 22 5 21 24 28
22 817
6 1 1 3 5 8 12 30
4 2 5 9 29 14
5 4 4 21 23 25 12
3 5 17 4 6
3 6 18 20 10
2 8 17 30
4 9 9 28 13 14
1 13 13
5 14 17 23 8 25 16
3 16 18 9 27
3 18 23 10 11
5 20 1 3 21 23 27
3 22 1 3 29
0 21
2 24 3 6
1 23 29
2 26 22 6
2 25 18 16
5 28 3 21 24 8 10
3 27 24 7 29
6 30 4 5 25 11 14 15
2 29 3 30
25 408
6 1 6 24 28 30 29 15
0 3
2 4 4 28
1 5 1
1 6 19
2 7 21 30
1 8 11
0 9
3 10 9 29 16
3 11 1 9 12
3 12 18 9 10
2 13 28 12
4 14 18 28 11 14
3 15 24 8 11
4 16 19 21 25 12
6 17 6 26 9 30 29 14
6 19 2 5 6 11 30 15
3 22 22 21 6
2 21 12 14
4 24 5 24 25 30
4 23 6 25 13 15
3 26 24 8 16
7 28 2 3 19 5 24 12 14
3 27 4 5 16
2 30 25 12
29 458
2 1 1 2
3 2 2 20 26
2 3 1 13
3 4 26 28 29
1 5 9
2 6 6 13
5 7 17 20 9 29 15
1 8 8
4 9 23 26 25 14
0 10
3 11 4 10 14
3 12 17 4 10
0 13
3 14 1 22 14
2 15 3 4
4 16 17 19 12 30
3 18 18 19 28
4 17 5 6 7 11
2 20 24 26
3 19 4 22 23
2 22 18 6
6 24 18 20 19 4 25 27
3 23 25 28 13
1 26 6
4 25 17 22 6 11
1 28 13
2 27 5 28
1 30 10
2 29 17 16
24 746
3 1 1 21 25
5 2 2 3 6 25 10
4 3 26 25 28 11
3 4 2 24 23
1 5 23
2 6 19 25
2 7 24 7
2 9 18 19
4 10 18 19 12 30
3 11 3 5 28
1 12 21
4 13 24 9 28 27
2 14 8 27
3 15 3 5 30
2 19 26 9
3 21 5 8 11
0 24
5 23 2 19 24 8 13
6 26 19 4 21 7 12 29
2 25 5 11
4 28 19 6 24 25
3 27 1 8 12
5 30 3 10 30 29 15
4 29 3 19 11 14
26 364
3 1 18 6 27
0 2
2 3 4 11
1 4 29
1 5 14
7 6 18 2 4 5 21 30 16
1 7 20
1 8 10
2 9 9 29
2 10 1 22
1 11 13
2 12 24 12
2 13 6 30
5 14 17 5 7 10 29
1 15 14
5 18 2 19 22 5 11
7 17 3 19 22 21 6 26 14
2 20 2 6
3 19 17 21 15
5 22 20 19 25 27 14
3 21 17 6 8
1 26 9
4 25 19 9 28 11
3 27 4 12 13
3 30 4 10 11
6 29 17 4 5 8 9 28
27 42
3 1 4 6 11
2 2 22 5
1 3 17
2 5 4 13
1 6 11
3 7 3 22 12
6 8 3 19 5 28 13 14
3 9 1 9 12
6 10 20 5 7 23 8 26
4 11 22 9 13 16
4 12 17 22 26 13
3 13 8 27 12
1 14 25
4 15 26 10 11 30
2 16 17 11
5 18 1 4 22 29 15
6 17 3 4 7 8 13 14
3 20 3 26 10
2 19 6 23
2 22 9 12
3 21 22 7 15
2 23 4 9
2 26 20 27
2 28 5 9
0 27
0 30
2 29 9 12
27 364
3 1 5 6 30
3 2 19 7 9
1 3 15
3 4 1 22 28
2 5 23 10
3 6 20 11 15
3 7 8 28 12
3 8 18 21 6
3 10 18 12 30
1 11 2
3 12 19 5 9
2 13 20 4
4 14 18 3 5 30
5 15 4 5 9 11 30
4 16 1 2 19 23
4 18 18 1 3 26
4 17 22 5 7 23
1 20 24
2 19 2 22
4 22 2 7 12 30
2 21 6 27
2 24 20 21
3 23 19 26 12
6 26 22 28 11 13 29 14
6 28 17 2 20 22 27 16
4 27 19 4 24 23
1 29 28
28 798
2 1 8 29
8 2 2 5 21 7 23 27 30 14
4 3 10 28 27 14
4 4 20 24 11 15
2 5 17 5
3 6 18 5 29
4 7 24 25 13 14
1 8 5
5 9 23 11 12 29 16
1 10 29
2 12 6 24
3 13 1 28 13
3 14 21 24 10
1 15 13
4 16 18 21 9 28
2 18 8 11
3 17 22 8 14
1 20 21
2 19 20 12
6 22 20 19 4 10 15 16
4 21 23 11 27 14
1 24 6
6 23 2 20 10 12 29 15
4 25 18 5 8 9
1 28 9
3 27 3 5 13
6 30 18 19 10 11 13 16
2 29 6 10
24 588
1 1 26
4 2 17 3 5 30
6 3 2 3 5 30 13 15
8 4 19 4 24 23 26 30 13 16
2 5 25 28
2 6 5 6
4 7 1 21 28 12
1 8 28
3 10 18 5 13
5 11 3 21 7 23 28
2 12 5 29
1 13 12
4 15 17 21 7 26
0 18
1 17 24
3 20 22 7 8
3 19 22 6 15
3 22 1 22 5
2 21 26 10
5 24 19 6 26 30 29
4 23 18 2 4 28
4 26 1 6 26 28
2 25 1 13
5 28 17 21 24 10 13
24 776
7 1 17 6 8 9 27 12 13
0 4
1 5 9
2 6 25 30
6 9 19 5 7 8 25 12
5 10 17 9 27 30 15
5 11 20 5 23 29 15
2 12 8 25
1 13 9
5 14 4 24 23 9 14
2 15 18 20
3 16 2 20 10
1 18 7
2 17 9 16
4 20 2 7 30 14
6 22 1 22 26 25 30 14
6 21 2 6 24 8 26 15
2 24 12 15
1 23 9
4 26 20 4 24 23
2 25 13 29
3 27 1 11 16
1 30 21
2 29 1 17
27 101
5 1 17 2 23 25 11
2 2 4 16
6 3 1 3 4 9 14 15
0 4
1 5 23
2 6 24 16
3 7 22 10 12
5 8 9 10 30 14 15
4 9 4 22 5 9
4 11 3 21 11 14
5 12 4 22 21 28 15
4 13 1 2 24 7
3 14 25 28 14
1 16 12
1 18 24
5 17 2 3 19 7 25
3 20 2 28 15
5 19 18 24 7 28 27
3 22 1 21 6
3 21 4 5 28
1 24 30
3 23 20 4 10
2 26 20 10
1 25 18
3 28 5 21 15
6 27 4 5 23 25 27 12
3 30 26 9 16
26 671
3 1 1 17 19
2 2 2 11
1 3 6
2 4 20 3
4 5 18 1 17 16
4 6 12 13 14 16
2 7 21 12
4 8 20 26 12 13
6 9 18 21 28 27 29 14
0 10
3 11 7 11 13
2 13 20 7
5 14 2 20 5 9 29
2 16 3 13
2 18 17 14
2 20 18 27
2 19 21 28
3 22 4 8 9
4 21 20 10 28 11
3 24 22 12 16
7 23 18 1 3 19 21 28 15
2 26 6 10
1 25 29
2 28 9 16
2 27 2 21
4 29 24 23 28 14
