30
25 385
4 2 3 19 5 23
7 3 17 20 4 24 10 28 13
10 4 17 20 5 23 8 26 25 10 12 15
8 5 3 19 8 10 28 29 14 16
9 6 18 17 2 24 23 26 11 27 13
9 7 19 4 9 25 10 28 11 30 15
5 8 8 9 25 27 14
5 9 19 23 10 27 14
7 10 20 3 24 8 12 30 29
6 11 17 19 24 25 14 15
3 12 19 5 7
4 13 20 22 24 15
8 14 18 20 19 22 8 12 29 15
4 15 4 25 10 15
10 16 18 2 20 4 6 23 26 9 14 15
5 18 18 26 12 13 29
7 17 2 20 7 23 26 15 16
4 19 23 8 10 28
6 22 19 7 25 28 15 16
7 24 19 4 21 6 9 27 30
4 23 6 9 14 15
2 25 30 14
4 28 18 21 26 15
6 30 6 28 11 12 13 16
5 29 3 22 23 27 29
23 884
5 1 19 23 25 11 12
3 4 17 21 27
6 5 17 23 26 25 28 27
7 6 1 22 6 28 11 12 13
4 7 17 20 4 25
10 8 17 20 24 8 26 25 10 27 30 14
4 9 18 22 8 26
3 10 21 11 16
5 11 20 25 11 27 16
4 14 21 13 29 15
4 15 4 6 13 14
5 16 3 23 25 13 16
6 18 19 22 21 6 8 10
10 20 19 4 22 24 23 9 11 27 30 16
9 19 1 17 3 24 7 23 28 27 15
3 22 8 26 12
8 21 1 17 4 22 23 25 28 11
6 23 18 25 28 30 14 16
8 26 20 19 4 8 26 27 13 14
4 28 19 26 10 30
7 27 3 19 6 24 9 12 16
3 30 17 30 14
6 29 18 17 21 6 8 12
27 284
7 1 18 1 24 8 10 12 13
5 2 19 26 10 27 13
6 4 17 22 21 28 13 16
4 5 6 8 27 12
6 7 18 19 24 7 10 29
7 8 2 7 26 11 30 13 29
7 9 4 23 8 27 12 29 16
6 10 22 24 8 9 10 27
6 11 17 6 8 25 11 27
5 12 1 21 24 9 14
6 13 17 20 5 8 26 27
7 14 18 22 24 28 27 12 29
10 15 20 19 6 23 26 9 10 11 27 12
7 16 18 20 5 26 25 30 13
8 18 1 20 5 21 7 23 27 13
7 17 18 5 8 26 25 13 16
5 20 18 1 22 21 28
5 19 1 22 5 26 16
4 22 18 24 11 29
7 21 1 2 20 4 21 23 14
7 24 18 1 19 5 9 28 13
7 23 18 2 20 9 25 10 11
10 26 17 23 8 26 9 10 11 30 13 15
2 28 20 5
5 27 17 2 9 12 30
5 30 5 8 26 10 15
2 29 17 22
25 533
6 1 1 20 12 14 15 16
8 3 3 6 24 7 23 10 11 30
4 5 24 10 28 16
5 6 19 7 10 29 14
6 7 18 21 7 25 28 11
5 8 8 10 11 13 16
8 10 20 19 5 21 6 26 10 13
4 11 1 23 28 11
4 12 22 10 30 14
7 13 21 23 25 11 12 29 14
8 15 18 20 3 24 7 8 10 14
3 16 18 2 24
7 18 2 3 5 6 24 23 12
8 17 1 20 3 21 6 8 15 16
6 20 22 5 23 25 28 11
7 19 18 5 21 6 7 8 30
9 22 18 2 6 28 11 12 30 13 15
4 21 1 22 25 13
8 24 18 1 20 26 11 13 14 16
7 23 17 19 5 8 28 30 13
7 26 2 6 23 9 28 27 14
9 28 2 22 5 24 8 9 10 28 13
10 27 20 7 26 25 10 27 30 29 14 16
5 30 12 13 29 15 16
8 29 5 7 23 8 9 28 14 16
24 617
5 1 6 23 26 9 13
8 4 20 19 4 26 10 27 29 16
5 6 1 8 11 13 14
6 7 21 6 8 26 30 14
4 8 19 23 13 15
8 9 20 3 21 23 26 10 29 16
3 10 21 7 11
8 11 17 4 24 11 13 29 14 15
9 12 20 19 4 22 25 27 12 30 13
5 13 3 6 30 29 16
6 15 18 21 24 11 14 15
7 16 2 20 4 26 11 30 14
2 18 7 30
7 17 18 9 25 10 11 14 16
5 20 18 1 3 4 28
6 19 17 2 20 3 9 25
9 22 1 2 3 21 6 30 14 15 16
5 21 4 21 24 23 25
8 24 20 3 22 6 7 8 30 16
5 23 2 6 7 26 9
6 25 2 3 7 25 30 29
5 27 17 9 30 13 14
10 30 3 19 4 22 10 28 27 30 29 16
5 29 17 20 23 26 12
26 638
6 1 18 17 2 20 21 12
5 2 17 3 23 28 12
7 3 20 4 5 25 28 11 14
4 4 1 19 24 16
5 5 19 8 26 10 15
5 7 17 3 9 13 15
3 9 1 3 13
6 11 5 21 25 11 30 13
6 12 21 24 23 8 26 15
2 13 5 29
4 14 18 25 11 16
7 15 18 17 2 3 24 25 28
7 16 1 3 4 8 26 9 13
5 18 19 7 10 27 16
8 17 1 17 24 9 10 28 27 16
3 20 2 20 23
4 19 23 10 11 16
8 22 1 3 5 7 23 30 13 16
3 21 3 10 29
7 24 2 9 28 11 29 14 15
2 23 30 13
7 26 3 24 25 27 30 13 15
6 25 17 19 5 23 8 29
7 28 5 23 8 9 11 13 15
6 27 5 21 7 25 11 14
7 30 22 26 25 11 27 12 13
23 945
7 1 17 2 22 24 9 25 10
8 3 20 22 5 21 8 26 13 29
8 5 17 20 3 21 6 23 27 30
5 9 5 23 8 26 29
6 10 3 4 5 9 11 30
7 11 3 19 6 24 26 29 16
3 12 17 9 27
5 13 17 3 22 25 29
4 15 18 2 27 16
3 16 24 25 29
3 18 18 20 3
4 17 1 22 12 15
4 19 17 27 30 14
4 22 1 4 24 13
6 21 3 8 25 27 29 16
2 24 1 22
8 23 4 22 5 10 27 29 14 16
6 26 1 19 22 6 30 15
5 25 18 2 26 12 29
6 28 18 19 4 22 26 10
6 27 3 21 23 11 15 16
7 30 18 20 8 28 27 12 13
2 29 8 27
24 840
7 1 2 20 19 24 23 26 9
3 4 22 23 10
6 5 18 17 3 19 25 13
6 6 3 22 21 26 27 30
2 7 7 11
11 10 18 2 3 21 7 23 26 9 25 28 13
7 12 5 25 27 12 14 15 16
7 13 21 23 26 9 30 13 14
3 14 28 13 29
6 15 3 6 26 9 10 12
5 16 3 6 28 13 14
4 18 1 5 29 15
7 17 22 5 24 9 28 27 29
6 20 17 4 9 27 30 13
9 19 18 1 3 5 21 6 23 9 10
7 22 4 28 11 30 13 29 16
2 21 20 29
7 23 18 2 20 23 25 10 12
2 26 18 30
8 25 2 19 22 21 24 26 11 29
6 28 17 19 9 10 11 13
4 27 22 12 13 16
5 30 1 17 11 27 14
4 29 18 20 24 30
19 374
6 1 1 20 3 21 6 27
2 2 19 4
6 3 18 3 26 11 29 16
3 5 24 8 27
6 6 1 19 4 30 13 14
5 8 3 5 7 23 8
6 11 6 7 23 25 12 29
4 12 1 3 24 16
4 13 17 2 3 4
9 15 18 1 5 24 7 11 12 29 16
4 16 1 22 11 27
6 20 24 23 8 30 29 16
5 19 5 6 10 28 14
4 22 3 4 28 12
5 23 17 4 26 27 29
4 28 5 26 25 10
4 27 6 7 12 29
8 30 1 19 4 26 10 11 30 29
6 29 1 19 5 12 29 14
23 479
5 2 3 4 6 29 16
8 3 1 17 5 6 9 11 30 15
10 4 18 17 20 3 19 4 9 12 30 14
4 6 18 1 4 14
10 7 1 2 22 6 8 28 27 12 13 16
9 9 1 17 20 3 19 4 22 12 30
5 11 2 20 5 9 29
3 12 1 8 12
9 13 20 3 21 24 23 28 29 15 16
2 14 22 14
5 15 1 19 4 23 12
6 16 1 20 24 28 27 16
1 18 4
7 17 20 21 8 9 25 27 15
9 20 18 19 4 22 21 7 26 9 12
6 19 22 21 25 11 27 13
4 22 1 4 26 16
4 21 2 20 6 26
7 23 19 4 24 9 25 13 15
8 26 1 17 5 6 7 23 28 11
8 28 2 22 7 23 26 25 11 16
8 27 18 19 6 7 8 26 13 15
9 30 1 6 27 12 30 13 29 15 16
25 148
5 1 18 1 5 26 9
3 2 17 29 16
9 3 3 19 4 22 26 25 27 12 13
7 5 18 20 5 24 8 28 29
2 6 7 30
7 7 17 2 22 21 6 12 16
6 8 4 24 8 26 10 12
6 9 1 3 21 7 8 14
6 10 18 19 6 24 7 10
12 12 2 3 19 5 21 6 23 8 28 30 29 14
5 13 2 22 25 14 16
7 14 18 3 19 13 29 14 16
6 15 2 3 19 4 28 14
9 16 18 3 4 22 23 8 26 28 16
4 17 2 26 25 30
5 20 4 8 12 30 15
5 19 18 23 27 29 14
4 22 19 24 29 14
5 23 2 22 7 23 27
6 26 2 21 7 27 12 30
8 25 17 20 4 22 6 26 14 16
4 28 17 5 14 16
6 27 20 7 25 10 28 27
7 30 6 8 26 10 12 13 16
3 29 23 28 12
24 72
5 2 20 3 21 7 28
7 3 1 3 23 26 10 11 13
3 4 22 25 30
6 5 18 2 3 19 5 23
5 7 18 1 10 11 30
3 8 19 27 16
4 9 4 21 28 30
3 10 7 25 28
8 11 3 21 7 25 11 27 30 15
5 13 1 17 2 19 30
5 14 18 20 4 22 13
7 15 4 7 25 10 11 27 30
4 16 7 23 10 27
5 17 2 20 24 30 14
5 20 1 9 27 13 29
9 21 4 22 5 21 6 24 25 30 14
4 24 17 23 8 10
6 23 18 17 2 20 3 14
7 26 18 1 17 20 3 8 26
5 25 1 7 10 28 27
5 28 18 21 8 25 29
7 27 18 17 3 28 30 14 16
6 30 22 6 23 8 28 11
8 29 3 5 7 9 10 27 13 29
22 248
5 1 18 3 21 25 29
4 3 20 19 7 27
5 4 22 10 28 29 14
7 5 17 22 24 9 28 12 14
4 6 2 5 8 30
9 7 17 2 20 22 5 7 26 10 12
4 9 4 5 26 9
9 10 1 19 4 5 23 11 27 29 16
4 14 1 17 6 14
7 15 17 3 4 21 6 9 15
5 16 5 26 28 12 15
3 18 23 12 16
6 20 21 24 23 28 14 16
3 19 6 7 11
2 22 21 28
2 21 17 23
2 24 21 25
8 23 17 7 23 25 11 12 29 15
8 26 2 20 6 23 9 10 28 29
6 25 3 4 25 27 12 14
8 27 1 2 19 8 10 28 11 27
4 30 17 21 11 14
25 877
5 1 3 24 23 12 16
7 2 17 19 4 5 26 9 30
6 3 17 5 21 23 25 15
7 5 18 1 20 19 26 12 29
5 7 18 2 19 21 25
10 8 17 4 21 6 7 25 27 12 13 15
8 9 4 22 21 23 10 28 27 12
4 10 18 21 8 15
4 12 6 26 27 12
4 13 17 5 29 16
6 15 1 2 20 19 21 24
6 16 1 2 8 28 11 12
3 18 4 21 12
6 17 2 19 7 23 26 11
10 20 1 17 2 3 4 6 10 11 27 29
4 19 4 5 7 26
6 22 17 4 22 23 30 15
2 24 19 4
6 23 1 3 26 12 13 16
10 26 1 17 22 21 6 24 7 23 11 27
5 25 1 24 7 26 10
8 28 20 19 21 8 10 11 27 30
8 27 21 7 10 11 27 30 13 15
9 30 18 1 19 4 24 9 10 30 13
5 29 20 7 25 28 13
23 700
5 3 2 5 24 9 12
7 4 18 4 23 26 10 28 11
5 5 1 17 4 5 11
5 7 1 24 25 11 29
5 8 18 1 20 3 16
6 10 17 19 24 9 27 13
4 11 18 26 28 12
7 12 4 22 6 23 27 13 16
12 13 18 1 2 4 22 21 6 24 8 10 12 14
7 14 3 22 6 23 26 13 29
6 16 20 9 11 12 29 14
5 17 19 21 23 10 16
4 20 3 8 14 16
3 19 6 23 8
6 22 18 2 20 7 23 30
6 21 19 21 26 25 11 14
5 24 1 22 23 26 10
10 23 2 3 5 7 26 9 25 30 29 16
7 26 17 2 4 22 24 26 28
7 25 18 21 24 7 10 27 29
5 28 4 22 6 24 29
8 27 18 20 7 23 26 12 14 16
6 29 20 6 7 10 13 16
22 338
5 2 2 24 7 11 14
5 3 2 19 22 5 7
9 4 17 2 3 19 6 7 26 9 10
6 5 17 5 25 11 30 13
6 7 19 24 7 10 12 29
4 8 2 5 6 27
7 9 1 3 22 21 8 28 11
9 10 18 17 2 19 21 26 25 10 11
9 11 17 4 21 23 26 28 27 14 15
12 12 17 2 20 4 6 8 9 11 27 12 30 13
7 13 1 24 23 26 9 28 11
6 14 18 20 22 24 23 26
5 15 18 20 23 11 13
6 18 18 1 20 22 27 13
6 17 2 4 21 23 9 29
11 19 1 17 3 5 6 7 23 8 26 11 29
8 22 1 22 6 23 9 10 11 30
8 21 4 24 8 26 11 27 13 14
10 24 17 22 6 7 8 10 30 13 29 15
4 28 3 21 26 13
4 27 24 28 30 14
3 29 22 6 25
24 274
5 1 18 1 20 19 10
4 2 7 23 8 27
5 3 18 1 21 25 16
8 5 18 19 24 23 10 28 11 15
5 6 1 26 10 12 30
2 8 6 27
5 10 20 6 30 13 14
6 12 2 22 24 9 14 16
11 13 20 3 4 6 23 9 25 28 12 13 14
6 14 18 3 10 11 27 15
5 15 1 21 27 14 16
8 16 18 1 21 7 8 12 13 29
2 18 19 7
5 19 4 5 25 13 29
4 22 1 30 13 14
2 21 10 11
8 24 2 6 7 26 25 12 13 16
6 23 18 20 23 8 28 30
6 26 18 22 28 30 15 16
8 25 1 2 3 6 24 11 15 16
4 28 2 4 22 6
6 27 19 26 28 11 12 29
5 30 20 21 25 13 15
9 29 18 2 22 21 23 11 27 13 16
24 402
6 1 2 20 19 26 10 28
6 2 17 2 21 23 25 28
9 3 17 20 4 24 23 28 12 14 15
1 4 27
4 5 23 27 12 15
6 7 4 24 7 26 29 16
7 8 1 20 24 8 25 28 11
4 9 4 21 8 9
7 12 19 5 23 8 26 11 15
11 14 1 20 19 6 23 9 25 11 27 15 16
7 15 1 3 4 24 9 10 28
5 16 17 8 28 12 13
8 17 3 19 21 23 10 11 29 16
5 20 19 23 25 27 30
6 19 3 22 26 25 30 13
6 22 17 20 4 5 25 13
4 21 1 5 10 30
4 24 23 9 28 13
9 23 20 4 26 9 10 12 30 15 16
6 26 4 21 6 26 25 27
7 28 17 4 7 10 13 29 14
4 27 17 19 22 15
7 30 17 4 24 23 10 27 16
2 29 6 16
20 781
2 1 6 9
7 2 18 26 9 25 30 15 16
5 4 1 3 6 29 14
4 5 20 23 26 15
10 7 18 1 17 3 4 7 8 12 30 29
4 10 22 24 26 10
7 11 1 20 4 25 13 14 16
3 12 24 23 15
5 13 18 2 26 28 13
4 14 3 25 10 15
3 16 4 6 27
5 18 1 9 29 14 16
5 17 20 6 24 12 29
8 20 2 4 22 24 8 25 10 15
5 22 1 2 25 10 15
4 21 3 22 10 30
4 23 18 21 30 14
6 25 1 3 22 23 13 29
7 30 18 1 22 23 25 29 16
9 29 1 3 4 22 24 9 30 15 16
23 429
8 1 5 7 10 28 27 12 30 13
10 2 17 2 3 19 4 5 7 26 28 27
4 3 3 25 10 28
9 4 1 17 2 5 23 10 28 13 15
3 5 3 8 15
4 6 21 9 11 16
7 7 2 5 6 7 11 12 16
7 8 1 4 21 7 11 29 14
5 9 18 19 21 24 12
5 10 19 5 6 8 30
2 12 3 26
3 14 9 30 16
6 16 17 19 4 8 10 14
2 18 17 29
3 17 19 5 15
7 22 19 24 8 9 25 27 16
6 21 2 3 19 22 5 7
6 24 19 5 6 11 14 15
5 26 17 19 5 6 13
6 25 5 26 25 11 12 16
5 28 18 2 4 8 14
3 30 3 21 6
5 29 3 8 25 12 14
19 551
4 2 1 19 25 30
8 4 18 2 19 4 7 26 27 16
5 6 2 26 9 12 13
6 7 4 8 25 11 27 12
12 9 1 5 7 23 8 26 25 10 11 13 29 16
7 10 18 7 9 10 12 13 15
5 11 20 3 28 27 30
9 12 20 7 26 9 10 27 13 14 16
4 13 2 24 12 14
3 14 20 3 4
6 15 17 20 3 24 11 14
8 16 18 17 19 4 11 29 15 16
5 18 17 2 24 26 16
5 17 17 3 6 7 13
8 19 1 20 19 22 6 11 27 30
6 22 4 7 8 25 10 14
2 26 23 27
5 25 4 22 6 28 11
5 28 6 7 26 14 16
23 631
1 1 25
7 2 18 1 4 5 7 30 13
11 3 19 4 5 21 24 10 28 11 13 14 16
9 4 19 6 23 10 11 12 29 15 16
8 5 4 7 23 9 10 27 13 16
6 6 17 19 24 8 26 30
4 8 2 5 12 29
5 10 1 24 26 11 29
5 11 20 8 26 9 10
8 12 18 1 4 21 6 24 25 29
7 13 19 4 7 8 9 13 16
5 14 17 2 21 10 27
4 15 1 5 21 16
7 18 2 4 21 10 28 13 16
7 19 2 9 25 30 13 15 16
6 21 1 4 7 9 11 16
3 24 2 9 11
3 23 19 26 13
5 25 2 28 12 29 14
7 28 18 2 24 11 29 14 15
4 27 20 21 23 8
7 30 17 4 21 12 30 13 14
4 29 4 23 10 12
27 967
8 1 3 19 4 5 28 27 12 16
8 2 20 19 4 26 11 12 14 16
7 3 2 20 19 4 5 12 15
7 4 5 21 24 9 11 27 12
6 5 21 24 12 30 13 29
4 6 2 8 10 13
3 7 8 10 11
9 8 18 19 22 5 9 27 12 13 14
8 9 1 22 6 7 9 25 10 28
5 10 17 19 24 25 30
4 11 6 24 7 8
5 12 20 6 25 10 30
6 13 3 21 25 30 15 16
4 14 19 27 14 15
8 15 18 17 20 24 8 27 29 15
8 16 18 2 20 24 25 11 27 15
5 18 7 26 10 11 14
7 17 2 19 21 7 8 25 13
6 20 17 4 24 7 8 10
6 19 2 22 5 11 12 29
8 21 18 1 22 21 7 8 9 12
7 26 19 22 24 10 28 15 16
3 25 1 10 12
8 28 18 17 20 4 21 8 25 11
4 27 6 7 8 11
4 30 20 21 8 9
8 29 2 19 22 26 25 27 15 16
25 850
9 1 1 5 23 8 27 30 13 14 15
5 2 22 21 23 10 15
4 3 5 7 10 15
3 4 5 25 12
5 5 20 19 7 10 29
5 6 18 20 3 19 9
2 7 1 17
8 8 20 19 5 23 30 13 29 14
4 10 1 2 19 29
6 11 2 19 6 11 12 14
7 12 22 5 21 28 11 30 29
6 13 20 21 6 12 13 16
2 14 3 25
9 15 18 17 20 8 26 25 30 14 15
8 16 18 19 22 5 21 23 9 14
3 20 18 2 16
2 19 18 8
7 22 17 2 19 22 7 12 13
6 21 3 19 22 11 12 14
5 23 22 21 23 9 10
3 26 3 8 26
4 28 18 22 9 28
10 27 18 1 17 22 7 23 8 11 30 15
6 30 1 17 21 28 15 16
8 29 2 3 22 6 9 11 27 15
19 935
5 2 18 1 20 3 16
8 3 20 4 5 7 9 28 14 16
5 4 18 17 22 21 23
4 5 18 19 8 28
4 7 2 20 22 9
8 8 17 4 22 5 28 12 30 29
2 9 3 19
5 12 18 1 19 30 14
6 14 5 7 23 10 13 16
8 15 1 20 3 5 28 30 13 16
2 16 19 22
6 17 18 5 23 11 13 14
9 20 18 3 19 5 24 7 26 30 14
6 21 5 6 7 28 15 16
6 26 20 26 9 13 29 14
5 28 3 7 8 12 13
4 27 5 24 8 16
7 30 1 4 27 13 29 14 16
7 29 18 20 10 28 30 13 14
22 197
7 1 18 17 19 22 6 7 15
3 2 19 12 15
7 3 17 2 22 9 11 27 15
7 4 17 2 20 5 24 23 10
7 6 17 2 19 24 7 9 16
4 8 6 27 29 15
9 9 18 2 20 3 21 6 24 30 13
8 11 1 22 24 8 9 29 14 16
3 12 5 9 10
6 14 18 5 21 23 25 14
7 18 17 19 21 7 25 30 13
5 17 17 23 8 28 30
3 20 24 25 12
8 19 18 4 23 8 29 14 15 16
3 21 1 3 28
3 24 20 3 12
4 23 17 3 25 15
11 25 17 4 6 23 25 28 27 30 13 14 16
6 28 6 24 10 11 15 16
6 27 1 2 5 21 6 14
8 30 3 24 7 8 10 28 30 14
7 29 17 2 23 10 28 12 30
22 890
9 1 22 21 25 28 11 12 30 13 15
6 2 8 9 10 12 30 13
7 3 17 3 19 8 10 14 16
6 4 3 19 5 6 24 9
7 6 18 22 24 8 28 14 15
3 7 3 8 14
2 8 3 28
8 10 19 22 8 26 25 10 14 16
8 11 1 3 7 23 12 13 15 16
6 12 18 1 3 19 6 25
6 13 20 19 5 12 14 16
8 14 2 19 21 8 13 14 15 16
5 15 1 17 5 7 10
3 16 24 7 15
8 20 2 3 22 21 6 26 13 14
8 19 1 17 20 9 10 28 30 29
3 22 8 26 25
9 21 18 1 17 2 20 3 19 5 21
5 23 1 7 9 28 12
3 28 17 21 25
6 30 6 23 8 25 28 12
7 29 2 19 7 8 30 13 16
24 547
5 1 17 3 6 27 29
10 2 17 20 3 19 22 7 12 13 29 16
7 4 18 17 2 22 10 30 15
5 5 6 23 8 9 10
8 6 4 22 6 23 25 10 30 29
7 8 18 19 5 10 11 29 16
5 9 18 19 22 9 13
2 10 9 30
6 13 17 2 21 6 12 29
6 14 1 17 7 23 30 29
7 15 17 2 3 22 6 25 14
6 16 5 6 9 12 13 14
2 18 25 11
5 17 20 3 6 9 16
7 20 17 25 27 12 30 29 14
6 19 17 2 19 8 27 30
7 22 4 22 6 8 12 13 15
5 21 6 24 8 30 29
5 24 1 3 24 11 13
5 23 3 22 6 8 29
5 26 20 19 24 23 29
6 25 1 2 22 7 25 30
6 27 22 6 7 25 10 11
8 30 1 20 25 11 27 30 29 16
23 852
5 2 5 26 11 13 15
2 3 26 25
6 6 22 24 26 9 12 16
4 7 1 4 8 9
6 8 1 20 19 21 10 12
7 9 18 19 22 5 6 10 16
7 10 18 2 22 6 28 14 15
3 12 4 21 23
5 13 24 26 25 27 15
10 14 3 22 5 6 24 23 25 11 12 14
8 15 3 5 7 25 11 12 13 15
5 16 19 5 9 25 28
6 18 3 19 5 28 12 13
5 17 19 23 28 27 13
6 19 4 5 21 9 30 16
3 22 24 23 30
8 24 1 4 22 21 6 23 13 16
8 23 17 19 4 21 6 11 30 16
7 26 20 19 22 9 25 28 15
7 25 18 3 6 24 12 14 16
6 28 2 19 5 21 10 16
3 27 19 7 12
4 30 24 14 15 16
24 174
5 2 6 28 12 14 15
5 3 21 24 7 23 12
6 5 1 3 6 12 14 16
4 6 17 20 10 14
5 7 20 7 9 10 11
5 9 4 6 26 29 16
6 10 1 20 5 24 8 10
9 11 17 20 3 4 22 21 9 11 13
3 12 3 25 29
3 13 3 5 27
8 14 1 5 6 24 8 10 14 15
6 15 18 3 24 8 26 25
6 16 17 21 26 25 11 12
6 17 20 19 5 6 11 16
7 20 2 7 23 9 27 14 16
6 19 18 17 20 21 23 26
6 22 20 19 5 24 7 12
6 24 2 19 22 21 26 29
5 23 2 19 24 9 11
6 26 18 1 3 4 27 29
8 25 18 20 5 23 9 28 27 14
6 28 18 17 20 3 11 14
5 27 18 3 19 10 28
5 29 2 19 5 11 13
