30
15 334
9 3 20 3 22 24 7 26 9 11 27
8 4 17 5 21 6 24 7 25 13
4 6 17 6 23 28
4 7 21 7 15 16
12 9 18 17 2 4 24 7 26 25 27 14 15 16
8 11 20 3 22 27 12 30 13 15
12 12 18 20 19 22 7 23 9 25 11 14 15 16
13 16 2 20 4 22 21 6 24 25 10 28 12 13 29
11 19 18 22 5 6 24 28 12 30 13 29 16
10 22 18 2 5 24 8 28 11 12 13 29
7 21 18 17 2 22 11 14 16
7 28 20 19 5 6 8 30 14
10 27 4 22 5 24 8 10 28 30 13 15
8 30 17 5 7 26 28 27 12 16
5 29 20 7 10 29 14
25 573
9 1 18 1 3 22 5 24 25 10 29
12 3 18 1 17 22 5 10 27 12 13 29 15 16
9 4 20 3 22 25 10 28 27 15 16
5 5 20 5 21 13 14
8 6 20 22 24 26 9 25 13 29
8 7 1 20 3 23 8 26 9 11
7 8 18 17 3 4 21 6 11
9 10 3 22 5 7 8 11 27 30 14
10 11 18 3 21 23 8 9 28 27 14 16
7 12 18 17 3 4 22 8 30
11 13 17 3 8 25 28 11 27 12 30 13 14
10 14 17 4 22 5 26 9 25 11 27 13
4 15 3 24 28 15
9 16 20 3 21 24 7 11 13 29 16
7 17 4 23 25 10 27 15 16
12 20 18 19 4 22 5 24 7 23 8 9 11 14
10 19 1 17 20 3 5 24 25 10 28 30
7 22 17 19 4 5 10 14 15
7 24 1 19 6 8 10 28 30
8 23 20 4 21 24 26 9 12 30
8 25 18 4 24 7 23 28 30 16
7 28 22 21 7 26 28 27 15
8 27 1 17 20 23 10 30 13 15
5 30 3 5 6 24 28
6 29 19 4 21 25 10 16
21 521
8 2 20 4 5 24 7 8 9 16
6 4 4 22 21 24 9 29
9 5 22 5 6 7 26 28 12 30 15
8 6 1 6 7 8 11 12 30 29
8 7 18 1 17 22 21 26 13 16
7 9 17 20 22 10 28 30 14
8 10 1 4 21 24 8 9 10 28
8 13 18 4 5 23 8 28 30 14
8 14 18 2 8 28 11 12 15 16
12 16 2 4 5 6 7 8 11 27 12 14 15 16
9 18 1 20 22 21 24 8 9 12 29
10 17 18 17 19 4 21 24 8 11 12 15
9 20 17 20 4 7 8 26 27 29 14
12 22 20 19 5 21 7 23 26 10 30 29 14 16
8 24 18 22 5 7 8 25 30 16
10 23 1 19 23 9 10 11 30 14 15 16
6 26 1 2 4 24 8 25
8 25 19 22 21 7 26 9 13 16
5 28 5 8 9 27 14
6 27 1 20 24 8 9 16
9 30 17 2 4 26 25 10 11 27 30
18 85
7 3 5 23 26 9 28 27 12
11 6 17 2 22 5 23 8 9 10 28 11 14
8 8 20 19 21 24 23 8 15 16
8 9 18 1 19 5 23 9 12 16
8 10 17 6 24 23 10 28 11 30
9 11 20 3 19 22 5 21 26 12 14
7 12 2 5 6 28 11 30 14
8 13 18 2 20 19 7 10 12 15
9 16 18 22 8 26 25 10 11 30 16
6 18 20 22 21 23 9 15
11 20 6 24 7 23 8 26 10 11 27 12 29
10 21 18 1 3 19 5 6 26 9 12 13
8 24 17 22 24 23 8 30 14 16
10 23 19 5 6 7 26 25 10 11 14 15
10 26 18 22 21 23 8 26 9 28 27 15
9 28 17 2 3 21 24 7 23 29 14
7 30 17 20 21 6 8 28 12
3 29 6 8 29
21 274
8 1 17 2 20 24 7 23 9 14
10 3 2 19 22 6 23 9 10 11 13 14
11 4 17 2 20 22 21 6 23 8 9 29 15
10 6 17 20 21 23 26 25 11 27 12 16
5 7 2 8 28 13 14
3 9 20 10 30
10 11 18 1 17 19 22 7 10 12 14 16
11 12 19 4 22 21 7 8 26 10 27 13 16
12 13 18 1 2 20 19 6 9 11 27 30 29 14
6 14 20 22 7 23 9 10
7 15 17 24 9 28 11 12 30
3 16 7 25 11
9 18 1 17 4 8 26 9 27 30 14
9 17 4 22 21 9 25 11 12 29 15
7 20 19 4 24 23 27 30 15
6 19 18 8 25 28 11 29
10 21 18 17 20 3 24 23 8 9 10 11
10 24 1 20 19 4 21 24 9 10 28 30
11 26 1 3 19 22 21 6 24 9 10 12 29
10 25 18 1 3 21 6 26 10 28 12 30
4 29 3 4 22 29
22 393
15 1 3 5 9 11 12 15 18 17 20 21 24 28 27 30 29
11 2 1 17 20 19 4 21 23 26 27 13 14
11 4 1 20 19 22 5 8 9 28 11 13 29
8 8 3 5 23 8 28 27 30 13
7 10 22 7 25 28 27 13 16
12 11 20 19 4 24 8 25 11 27 30 29 14 15
9 12 18 1 19 5 21 24 11 12 13
7 13 1 19 24 25 10 28 12
6 14 18 3 22 24 28 13
8 16 17 3 5 23 28 11 27 13
7 17 7 23 8 26 9 12 16
11 20 18 2 3 19 21 23 26 30 29 15 16
4 19 17 22 5 28
9 22 1 3 19 4 21 23 27 12 16
8 24 2 20 8 26 9 27 30 29
7 23 18 1 20 5 7 11 12
8 26 1 24 7 8 11 12 13 15
6 25 1 2 24 7 23 26
9 28 1 4 7 23 27 13 14 15 16
11 27 18 1 2 22 5 7 11 12 13 14 16
8 30 22 21 24 8 25 27 12 15
10 29 1 3 4 24 8 26 25 10 30 16
16 278
7 2 3 5 21 24 9 13 29
16 3 3 8 10 11 13 14 15 16 18 17 20 22 23 26 28 29
9 4 18 17 2 20 6 8 25 29 15
8 5 17 20 3 4 9 25 10 11
10 6 1 3 4 22 5 23 26 9 27 15
8 8 1 5 26 25 10 28 27 30
9 10 1 17 20 8 9 25 28 30 29
8 11 4 5 21 8 10 27 14 15
9 20 18 20 19 4 21 24 26 10 29
7 19 20 3 19 4 5 11 30
5 21 1 3 4 10 15
10 24 1 2 4 24 26 9 25 27 30 14
10 26 18 1 17 3 4 22 5 21 24 30
9 28 20 19 4 22 24 8 27 12 13
7 27 18 1 21 24 9 28 13
7 30 5 21 8 10 30 15 16
20 270
12 1 17 2 19 4 5 24 23 9 10 13 29 15
5 2 1 2 19 24 12
11 3 2 4 22 5 21 6 23 26 27 13 16
9 5 18 2 19 21 9 10 28 30 16
10 6 3 4 5 24 7 10 27 30 14 15
5 9 4 5 23 9 11
6 11 6 26 9 27 12 14
7 15 19 22 21 28 30 29 14
7 16 2 3 6 7 23 9 12
5 18 1 3 6 7 27
7 17 17 20 4 7 23 25 14
10 20 2 4 5 6 23 25 11 27 14 16
13 19 7 9 10 11 13 15 16 18 19 25 28 30 29
12 22 18 1 17 20 3 4 5 23 11 12 15 16
7 24 18 3 4 6 24 10 14
10 23 1 2 4 21 24 7 11 12 30 13
10 25 1 20 22 21 23 26 28 12 30 29
8 28 2 21 24 7 9 11 12 29
13 30 17 2 3 22 5 6 7 26 30 29 14 15 16
9 29 2 3 6 24 23 26 27 14 15
18 251
10 1 18 2 20 3 6 23 8 10 28 13
8 3 18 1 2 20 24 12 15 16
11 4 1 17 2 19 4 22 7 10 28 15 16
6 5 17 22 6 8 27 16
9 11 1 19 22 5 21 26 11 27 13
8 12 18 2 20 5 21 6 11 16
7 13 18 19 5 6 23 13 15
5 14 1 20 5 23 13
11 16 20 5 21 6 8 25 28 27 30 15 16
8 18 18 21 8 26 25 10 30 14
8 20 1 22 6 24 8 25 27 15
10 19 3 22 5 6 7 10 11 13 15 16
9 22 18 2 20 21 24 7 27 30 14
10 21 1 17 19 6 8 25 27 13 29 16
7 23 18 19 6 7 10 30 29
10 26 1 2 19 22 6 7 8 28 12 16
9 27 1 4 21 6 23 25 10 28 29
7 29 2 3 21 6 7 28 16
23 586
9 1 17 20 4 22 6 24 25 11 16
7 2 18 6 25 11 30 29 15
8 3 1 4 5 21 6 24 25 11
11 5 1 20 3 22 26 27 12 13 29 14 16
7 6 17 2 3 9 27 30 14
11 9 1 2 4 22 24 26 9 28 11 29 15
10 11 20 19 4 6 8 26 25 11 12 15
6 12 20 5 26 27 15 16
9 13 17 22 6 7 26 9 25 13 15
8 14 3 7 8 26 9 11 27 16
10 16 1 2 3 4 6 7 23 28 14 16
6 18 1 17 7 8 9 15
8 17 21 23 8 28 12 14 15 16
10 20 18 19 4 5 21 24 26 28 27 30
8 19 17 20 19 21 28 11 13 14
8 22 18 2 21 9 25 27 12 16
6 21 21 24 23 12 13 16
10 23 18 2 3 6 24 11 27 12 13 15
8 26 1 2 3 7 12 29 14 15
12 25 18 2 20 19 22 24 23 9 27 12 30 13
6 28 2 19 4 6 12 16
10 30 1 2 19 26 25 11 12 29 14 15
5 29 17 5 7 30 14
20 208
10 1 18 1 2 20 19 22 5 6 25 14
10 3 18 17 20 19 6 24 23 26 28 16
11 4 2 19 5 6 24 7 23 10 28 12 30
13 7 18 1 3 5 21 7 8 25 28 12 30 29 15
7 8 3 19 21 23 25 12 15
4 9 17 4 25 16
15 10 2 3 4 7 10 13 14 18 17 22 21 26 25 28 30
9 13 20 19 4 22 21 7 23 28 13
12 14 17 19 24 23 8 26 9 25 10 27 29 16
9 18 17 19 22 6 7 23 9 29 15
16 17 2 4 10 12 13 15 16 18 17 19 22 24 23 26 25 30
11 22 1 17 20 19 4 5 23 8 25 12 29
13 21 3 19 4 21 7 23 26 9 28 27 12 30 15
9 24 20 19 23 8 25 10 27 30 29
10 23 3 19 4 21 6 7 27 13 29 15
7 26 1 20 3 19 10 12 13
12 25 1 2 20 3 19 22 5 24 26 25 30 14
9 27 1 2 3 19 22 24 7 8 29
12 30 18 1 2 22 6 24 9 28 30 13 29 15
10 29 3 6 24 7 26 27 12 30 13 29
18 520
6 1 2 4 6 24 23 28
7 3 18 5 21 24 25 28 13
7 6 2 19 5 26 25 28 29
13 7 1 2 19 22 5 24 7 8 10 11 30 14 15
11 8 1 17 2 20 19 4 25 10 11 13 14
9 10 17 22 21 23 10 28 27 13 16
10 13 18 17 2 20 22 21 9 30 29 15
9 14 18 17 3 22 5 21 10 27 29
10 15 18 2 19 21 7 8 26 11 13 16
7 16 18 1 20 3 27 14 15
7 20 18 2 22 6 9 27 16
11 19 18 3 19 4 5 21 6 26 25 11 27
13 22 1 2 3 19 21 7 26 25 28 11 27 13 29
8 24 18 3 5 25 28 13 14 15
4 23 7 10 27 29
13 26 1 20 22 5 21 24 8 9 10 27 30 14 15
12 28 18 17 2 22 5 21 9 10 11 13 14 16
10 29 3 19 4 5 24 7 23 25 10 11
19 453
11 1 1 20 4 22 24 7 26 9 25 30 29
7 2 18 1 5 10 12 14 16
8 3 2 20 22 21 24 25 12 15
7 5 6 7 23 9 10 11 16
11 6 18 20 19 4 22 6 7 26 9 25 16
7 7 4 22 5 21 6 26 14
10 10 17 19 5 21 6 7 26 25 11 16
8 11 20 3 4 24 26 25 28 11
10 12 18 2 19 5 21 24 8 27 30 29
12 14 1 17 2 20 21 6 24 7 23 8 28 14
12 15 2 3 22 24 7 23 11 27 12 30 29 14
5 17 21 9 10 27 12
12 20 2 19 4 5 21 24 23 26 9 10 29 16
13 19 18 2 20 3 19 4 5 6 24 26 28 30 16
11 21 18 2 24 7 23 8 25 10 11 27 14
4 23 18 3 30 14
6 25 17 4 24 23 27 29
9 30 17 20 3 19 5 7 28 29 14
6 29 22 5 6 9 11 29
21 668
4 1 4 10 28 15
9 2 2 22 6 28 12 30 13 15 16
9 3 18 1 24 23 8 25 13 15 16
8 4 18 19 23 8 10 11 12 30
6 6 17 22 21 10 11 29
6 7 20 4 22 6 8 30
5 8 2 21 8 30 13
7 9 19 4 24 9 25 28 12
11 10 18 21 6 7 23 10 28 11 29 15 16
8 11 2 19 4 22 5 6 13 16
14 12 1 17 2 22 5 7 9 25 10 11 27 30 29 15
14 13 1 20 3 22 21 23 26 25 10 28 12 13 15 16
12 15 18 3 4 21 24 7 26 9 25 28 29 15
9 18 18 1 20 19 24 23 12 29 16
11 20 1 2 19 22 21 7 11 27 12 29 16
7 19 1 17 24 7 9 11 30
10 21 2 22 5 21 7 8 9 25 12 30
9 23 17 2 4 22 9 28 30 13 29
10 25 1 17 4 22 5 24 8 26 12 13
5 27 2 22 6 25 15
8 30 1 2 20 3 5 23 12 16
21 192
7 2 18 4 21 9 25 10 13
6 3 3 4 6 24 12 29
9 4 1 20 19 21 6 23 9 28 14
10 6 1 19 5 7 28 11 12 30 13 14
8 7 17 19 21 23 26 28 27 14
9 8 1 5 6 7 10 11 30 14 16
10 9 18 17 20 4 24 23 28 13 29 16
6 10 3 19 28 12 30 14
6 11 1 3 4 21 9 30
8 12 17 19 4 22 9 27 30 29
10 13 1 2 26 9 27 30 13 29 14 16
11 14 3 4 7 23 26 25 11 27 30 13 29
5 16 18 1 5 21 12
12 18 2 3 4 22 5 21 6 24 23 9 28 11
4 17 6 9 11 12
10 19 17 2 4 21 6 23 25 11 29 14
9 22 2 19 22 21 6 26 12 30 14
7 23 20 24 7 26 9 30 16
9 26 1 17 4 5 21 6 7 10 12
11 25 2 4 5 6 23 26 9 11 12 29 16
9 29 3 4 6 23 8 26 9 11 13
21 359
7 1 2 3 21 6 9 10 30
7 2 17 6 7 8 26 11 29
10 3 1 2 3 22 5 9 25 27 30 13
9 4 17 3 5 25 28 12 30 13 14
5 5 18 5 27 29 15
7 6 20 6 24 26 10 28 27
7 7 5 6 24 8 10 13 29
6 8 1 2 22 7 26 10
11 12 18 1 3 4 24 26 10 11 27 30 15
9 13 18 1 17 20 6 23 9 12 15
5 14 24 8 10 12 14
7 15 18 20 4 24 23 26 11
9 18 2 5 6 7 8 25 11 27 12
7 17 17 20 3 4 6 8 28
6 20 1 8 26 9 10 28
8 19 20 4 22 5 24 25 28 13
10 22 21 8 9 25 10 28 27 30 29 15
9 26 1 17 2 20 3 19 8 30 14
11 25 4 5 6 24 7 26 9 11 12 30 14
5 28 21 6 24 11 30
11 29 20 22 24 23 26 10 28 11 12 13 15
24 844
14 1 1 4 5 6 7 10 11 14 15 16 18 25 28 29
5 2 20 22 21 8 16
6 3 1 2 5 8 11 16
8 4 1 2 4 5 6 8 9 12
14 5 1 3 5 8 9 10 11 18 20 22 24 26 25 27
7 6 1 3 6 7 30 29 14
11 7 1 2 19 5 21 7 26 11 12 29 16
9 8 18 2 3 24 26 12 29 14 15
8 9 19 4 5 6 8 10 12 29
9 10 18 20 5 21 24 23 27 30 29
6 11 1 3 24 23 25 11
8 12 22 24 9 11 12 13 15 16
10 14 18 1 5 21 6 23 26 9 13 14
12 15 18 1 2 20 3 4 6 7 25 10 27 14
8 18 2 4 5 7 23 8 11 14
10 22 1 2 22 24 23 25 10 13 15 16
5 21 4 21 7 8 15
11 24 19 4 22 21 24 8 26 9 10 28 11
8 23 1 20 3 24 7 23 30 29
8 26 1 20 6 24 7 26 30 29
7 25 18 1 2 6 24 7 11
11 28 19 21 24 23 8 26 10 28 13 15 16
12 27 20 3 21 24 7 8 25 10 11 27 13 14
12 29 1 2 3 22 5 21 26 9 11 27 30 14
22 655
8 1 17 22 6 8 26 28 15 16
12 2 17 20 3 19 5 24 25 28 11 27 29 14
7 5 2 3 22 7 23 8 9
8 6 7 8 26 10 28 27 13 29
13 7 2 3 6 10 11 13 17 19 21 24 23 26 30
8 8 2 20 3 4 23 25 10 12
9 11 1 2 19 25 10 28 30 14 16
11 12 1 20 3 22 8 26 27 12 13 29 15
8 14 1 19 5 21 7 30 29 16
7 15 1 4 22 6 8 13 14
10 16 17 5 23 8 26 25 28 11 30 15
6 20 17 4 8 30 29 14
8 19 20 3 8 26 10 11 13 16
8 22 1 4 6 9 27 12 30 14
11 21 20 19 6 7 23 26 9 10 28 27 30
8 24 1 20 19 4 22 6 30 15
15 23 1 4 5 7 13 14 16 20 19 22 21 23 25 28 29
10 25 3 19 6 9 10 11 12 13 29 14
7 28 3 4 22 24 23 26 15
5 27 1 19 21 8 27
8 30 1 17 20 3 23 8 10 14
8 29 17 20 19 4 24 23 28 13
17 820
12 1 18 17 20 4 5 7 9 25 11 27 30 13
9 3 18 2 24 26 10 27 30 13 29
3 6 18 21 28
10 7 18 2 22 24 7 8 26 9 30 29
8 8 3 4 5 24 8 11 12 15
12 9 18 1 17 3 22 5 21 6 24 26 25 16
11 10 1 20 4 26 25 28 11 27 12 14 16
8 11 18 8 10 28 11 27 12 13
10 14 18 1 5 24 23 26 9 27 12 29
9 15 18 17 4 6 24 23 8 9 15
9 18 1 4 26 9 12 30 29 14 16
8 22 17 20 3 4 24 26 30 14
9 26 18 3 4 21 9 10 27 30 13
11 25 1 20 22 21 26 25 27 30 13 14 15
6 27 18 4 21 10 28 16
11 30 2 20 22 21 23 10 27 12 30 14 15
9 29 20 24 8 26 25 10 11 15 16
21 939
10 1 19 23 26 28 11 27 13 29 15 16
8 2 17 2 5 21 23 26 27 16
12 4 18 2 3 4 6 24 25 10 27 13 29 16
14 5 18 17 2 3 19 4 6 23 9 10 28 30 29 15
7 7 18 1 5 24 30 29 15
8 9 18 1 2 3 5 28 27 14
13 10 2 4 5 6 7 10 13 15 16 18 23 26 30
12 12 19 4 22 21 24 25 28 11 12 30 29 15
11 13 18 17 3 19 21 26 25 28 11 27 12
7 14 18 17 3 19 24 27 14
12 15 1 17 2 19 4 5 21 24 28 11 12 30
9 16 18 1 17 2 5 24 23 12 15
8 17 1 17 21 7 23 26 9 25
6 19 18 17 2 8 9 28
9 24 1 17 3 19 5 21 8 10 12
8 23 1 4 22 24 8 25 11 16
11 26 18 1 17 2 19 6 23 9 13 29 14
11 25 1 17 3 19 22 21 6 25 12 13 16
8 28 18 3 19 24 26 28 13 29
11 27 18 3 24 7 8 25 10 11 27 12 30
7 29 17 2 4 22 23 9 30
21 24
5 1 20 7 9 12 29
5 2 2 23 8 25 16
7 4 18 1 17 4 22 7 16
7 6 18 2 20 24 8 13 29
12 7 1 20 19 24 23 8 10 28 11 30 13 16
7 8 24 23 12 30 14 15 16
8 9 18 20 5 9 28 11 29 16
9 10 18 17 3 6 24 26 12 13 14
10 12 17 19 4 9 10 30 13 29 14 15
10 13 3 22 5 7 25 27 12 13 29 14
3 14 3 11 13
8 15 20 6 7 8 25 28 13 29
12 16 18 1 17 19 4 22 8 9 25 10 11 29
12 18 2 20 5 6 23 26 11 27 12 30 29 16
9 17 1 19 22 5 23 8 26 28 15
6 20 22 28 12 30 29 14
6 24 18 5 24 9 10 27
8 23 17 2 24 23 27 12 13 16
9 25 18 17 5 6 9 10 11 13 14
13 27 2 5 7 23 26 9 25 28 27 12 13 29 15
11 29 18 1 4 5 7 8 25 30 13 29 16
24 726
9 1 1 17 4 6 26 9 28 11 29
12 2 17 20 19 21 23 26 9 10 28 30 13 15
11 3 18 1 2 19 4 24 7 9 13 15 16
5 4 18 4 8 30 15
10 5 2 19 6 8 26 10 28 27 30 13
11 6 1 17 20 3 4 21 23 26 9 28 30
8 7 1 17 4 24 26 10 28 13
12 9 1 4 5 21 6 8 10 28 13 29 15 16
8 10 6 8 9 25 27 12 13 14
5 11 20 5 9 30 15
7 12 4 21 6 23 9 10 12
6 14 17 5 8 11 13 29
6 16 24 26 10 28 27 14
12 18 18 17 2 21 23 9 25 11 30 13 29 16
8 17 1 4 24 28 12 29 15 16
10 20 17 20 5 21 24 26 25 29 14 16
4 19 1 6 9 29
7 21 18 6 23 30 13 14 15
11 24 21 24 7 8 26 10 28 12 29 14 15
4 26 1 7 28 12
7 28 17 3 7 11 30 13 15
9 27 19 24 7 9 10 11 12 29 15
8 30 1 17 20 19 5 21 10 30
13 29 18 1 17 2 3 19 4 21 6 25 11 27 14
18 33
4 1 4 8 14 16
9 4 2 19 6 26 10 28 27 15 16
6 5 1 19 5 9 29 16
9 6 1 19 4 21 28 12 13 29 16
7 8 17 7 9 25 29 15 16
9 9 18 1 2 22 7 26 30 14 15
11 10 2 22 21 6 9 25 27 13 29 15 16
12 13 18 1 2 22 5 6 24 7 9 11 12 14
8 14 1 17 21 24 10 28 11 12
6 16 18 3 5 25 30 15
9 18 17 20 3 25 10 27 12 14 15
7 17 18 20 7 11 29 15 16
11 20 1 20 19 24 25 27 30 29 14 15 16
9 19 18 17 21 6 7 28 27 15 16
10 24 18 3 19 21 24 26 28 11 12 30
11 26 2 20 4 6 8 26 25 28 12 30 15
5 30 18 17 7 30 15
10 29 2 19 4 22 24 8 10 11 29 15
17 996
7 2 22 21 7 26 11 12 14
9 3 18 1 2 21 23 8 30 14 15
5 4 1 17 7 11 30
5 5 19 4 7 28 13
10 7 1 17 20 4 21 26 11 27 30 16
8 8 20 22 21 6 9 11 29 16
6 9 2 5 23 9 28 13
7 10 18 2 22 7 23 8 15
9 11 4 8 26 9 28 30 13 14 16
11 16 1 2 4 21 9 25 11 12 13 29 15
8 20 1 19 5 8 25 11 13 14
10 22 22 21 23 9 25 11 30 13 29 14
8 26 18 1 2 5 6 7 8 13
6 25 18 17 5 21 9 27
9 28 17 20 19 7 8 9 28 27 30
10 27 17 20 4 6 8 26 9 25 12 16
7 30 18 2 20 27 13 29 14
18 926
8 2 1 19 4 22 5 7 28 13
9 3 2 20 5 21 24 7 10 27 12
11 4 18 1 2 4 6 7 8 9 10 13 14
8 8 4 24 23 9 10 27 12 30
8 10 20 3 22 7 9 12 30 16
6 11 1 17 2 4 10 29
7 13 18 5 10 12 29 14 15
6 14 5 26 12 30 29 14
10 16 1 17 4 21 26 10 12 13 29 16
8 18 18 24 23 8 26 9 12 14
7 17 3 5 21 6 23 10 15
6 21 3 19 7 26 11 14
8 24 17 20 7 26 10 12 30 16
7 23 17 19 5 21 26 30 14
9 26 2 3 19 22 6 12 30 29 14
8 28 1 2 3 19 6 7 9 11
6 27 18 1 19 4 5 29
6 30 2 26 27 13 29 14
25 340
8 1 18 1 7 23 9 10 30 14
7 2 2 20 3 6 13 29 14
7 3 2 20 23 10 27 12 30
8 4 24 7 10 27 30 13 14 16
5 5 17 3 4 22 25
9 6 20 4 22 21 9 25 10 27 13
5 7 24 10 28 27 13
10 9 18 1 17 20 19 23 25 28 14 16
6 11 17 19 4 21 25 15
5 12 23 25 10 11 16
10 13 17 20 4 21 6 24 23 8 29 14
13 14 2 5 8 10 11 12 14 15 16 17 19 23 29
10 15 20 4 5 8 10 11 27 30 29 15
10 16 18 22 5 6 8 28 12 13 29 16
2 18 4 12
9 17 17 4 5 9 25 10 28 11 12
4 20 6 24 7 27
15 19 2 4 10 11 12 13 15 17 19 22 21 24 28 30 29
13 21 17 2 20 3 22 21 9 10 28 11 30 15 16
6 24 20 22 5 10 29 14
7 25 3 4 22 5 21 25 28
10 28 19 4 5 25 11 27 30 13 29 15
7 27 20 3 19 22 21 6 25
9 30 2 20 22 5 21 6 8 12 16
10 29 18 17 2 7 23 25 11 27 30 29
19 800
9 1 17 3 22 6 24 23 12 14 16
11 2 18 17 2 3 21 24 26 9 13 29 15
4 3 2 24 23 16
10 5 18 17 2 19 6 24 26 9 25 11
9 6 18 1 17 4 7 9 10 12 30
5 7 4 5 23 30 14
8 8 17 3 19 22 6 9 29 15
7 10 7 23 8 9 28 15 16
8 13 1 4 6 7 25 30 29 14
5 16 1 25 12 29 16
13 18 1 3 4 6 7 12 13 15 20 19 21 30 29
8 17 18 1 17 5 21 7 28 11
11 19 18 17 3 4 21 6 26 25 10 12 16
11 22 1 2 20 3 4 21 8 25 11 12 16
13 21 18 17 3 4 21 9 25 10 11 12 30 15 16
8 24 20 19 22 21 8 13 29 16
7 23 18 1 19 6 7 23 8
10 30 17 2 22 24 23 26 25 10 30 15
12 29 18 1 2 20 19 21 6 7 8 25 28 13
20 435
10 1 1 17 19 21 6 25 11 12 15 16
7 2 18 17 19 22 25 13 29
12 4 1 3 4 5 21 24 8 9 25 10 27 16
7 5 2 21 9 27 12 29 16
6 6 18 17 2 4 6 15
17 7 1 4 7 9 10 11 12 14 16 18 20 22 24 23 26 25 27
5 8 22 21 7 25 12
9 9 1 17 3 4 8 10 11 12 15
7 14 20 5 26 10 12 29 14
9 16 18 1 20 24 7 25 10 12 15
9 17 22 6 23 9 25 10 27 30 14
5 20 1 26 25 30 14
7 22 17 5 21 23 9 10 13
10 24 17 20 21 6 7 8 26 11 27 16
8 23 19 22 10 11 30 29 14 15
7 26 18 20 4 7 25 30 15
9 25 18 17 19 22 24 26 29 14 15
8 27 24 23 25 27 12 13 29 15
14 30 2 3 7 8 10 11 12 13 19 22 21 23 26 27
5 29 19 24 23 26 14
21 509
7 1 17 22 23 8 26 9 11
9 2 1 6 9 25 11 27 13 15 16
5 3 17 22 6 7 9
12 4 18 20 3 19 21 7 23 8 12 30 14 15
10 5 20 3 4 6 7 23 8 11 27 14
10 6 1 22 5 21 23 8 9 25 27 15
10 8 17 20 4 21 8 26 25 10 30 13
9 10 1 4 22 23 8 25 10 11 16
10 11 17 2 20 3 22 24 23 9 10 30
7 12 17 20 3 19 8 10 12
13 14 2 3 4 7 9 11 13 20 24 23 26 27 30
11 15 2 3 19 6 7 8 26 9 13 15 16
6 18 2 20 3 22 26 11
8 20 2 22 6 7 9 12 14 16
10 19 18 3 22 5 23 8 26 27 12 16
13 22 2 3 5 6 7 8 9 11 14 18 22 26 28
7 21 18 17 20 3 19 5 30
9 23 1 3 4 22 21 24 8 11 12
9 25 18 3 23 9 25 27 14 15 16
10 27 18 17 20 4 22 5 7 25 28 15
9 30 1 19 4 24 23 25 28 12 13
18 335
10 2 2 20 3 19 4 24 11 29 14 16
3 3 7 26 12
10 4 1 20 19 4 26 9 10 28 27 29
7 6 1 2 23 26 9 15 16
8 7 3 19 5 10 11 27 12 14
10 8 1 20 22 5 6 23 25 28 12 13
12 9 18 20 4 6 24 7 26 25 28 27 12 14
11 12 20 4 5 24 7 23 8 9 27 15 16
8 15 18 19 5 28 11 12 13 16
9 16 6 7 23 8 26 9 12 15 16
14 18 1 2 4 7 8 9 13 14 15 18 19 22 24 26
12 20 17 2 19 4 22 23 8 11 13 29 14 15
12 19 18 1 17 2 4 23 8 26 10 28 13 16
8 23 17 4 6 7 9 10 12 15
8 26 5 6 7 23 11 13 15 16
8 25 17 3 4 6 9 27 29 16
13 27 1 6 9 12 14 18 20 19 23 26 25 27 29
3 29 22 21 29
