30
22 797
13 3 6 8 11 12 13 16 20 19 22 23 25 28 27
15 4 17 2 20 4 22 5 21 24 7 26 25 28 27 13 15
10 5 17 20 19 22 6 24 23 27 30 16
10 7 20 19 22 23 26 9 27 29 14 15
15 11 2 3 4 6 7 9 12 13 14 17 19 24 26 28 27
14 12 2 3 4 5 8 9 13 14 16 17 22 26 27 29
13 13 2 6 7 10 14 15 18 20 19 24 26 28 29
7 14 4 22 6 7 30 29 14
11 15 18 2 20 19 4 24 9 28 11 29 14
12 16 18 17 20 19 4 21 7 23 26 10 28 11
11 18 17 19 7 23 26 25 27 30 13 14 15
10 17 17 4 22 5 8 12 13 29 14 15
15 19 2 3 7 9 11 12 15 16 18 21 23 26 25 30 29
13 22 3 5 21 6 24 26 9 25 10 11 27 13 16
10 21 18 20 3 19 4 8 27 30 29 14
10 24 20 5 26 9 25 28 12 13 14 15
10 26 18 17 2 3 19 4 10 27 15 16
11 25 17 3 19 22 6 24 7 26 10 12 16
14 28 18 17 2 4 22 5 21 23 8 9 28 30 15 16
14 27 3 6 8 9 10 14 17 22 21 23 26 25 27 29
14 30 2 3 8 9 10 11 14 16 19 22 23 26 28 27
13 29 3 9 13 15 16 17 20 19 22 21 23 26 25
18 850
10 3 17 4 24 8 26 9 28 11 30 29
13 4 1 17 19 5 6 24 23 26 25 11 27 29 15
14 5 1 17 3 19 21 6 24 23 9 25 10 28 27 29
8 6 20 3 19 24 7 9 13 14
12 7 17 3 22 5 6 10 28 12 30 13 14 16
12 10 19 4 5 6 7 26 25 11 27 29 15 16
7 11 1 24 8 10 28 11 27
11 12 18 20 4 6 24 23 8 25 28 11 13
15 16 6 7 8 10 13 15 16 18 17 19 22 21 23 26 29
17 20 1 3 5 6 7 8 9 11 12 15 16 18 20 26 25 28 30
13 19 1 20 4 21 23 8 9 10 11 12 30 15 16
7 22 3 7 10 28 13 29 14
9 24 20 4 10 28 11 13 29 14 15
13 23 18 3 19 4 5 21 6 8 26 9 25 28 27
12 25 17 20 4 6 26 9 25 27 12 30 14 16
15 27 1 3 4 5 6 10 12 15 17 21 24 26 27 30 29
11 30 17 20 22 21 24 7 23 26 10 28 27
10 29 1 17 20 22 5 6 8 25 14 15
17 855
14 1 2 4 5 12 13 14 16 18 17 20 24 23 27 29
12 5 1 2 19 21 6 7 23 25 10 11 14 16
9 7 17 2 6 7 26 9 11 13 14
12 13 18 17 20 19 21 6 24 28 11 12 29 15
12 14 18 19 6 7 26 25 10 28 11 13 29 16
14 15 1 2 5 6 7 8 12 13 16 18 19 21 23 27
12 16 18 19 4 7 26 9 25 10 27 30 13 15
7 18 18 2 19 22 24 8 15
13 17 1 8 13 14 16 18 20 19 22 21 23 26 30
11 20 18 17 19 4 5 8 9 12 13 29 14
9 19 17 2 19 8 10 11 30 14 16
14 22 1 4 5 6 8 9 12 13 20 24 26 25 28 30
13 21 2 20 19 22 24 7 23 25 28 12 30 29 16
11 24 18 1 2 20 4 11 27 12 30 13 14
10 28 20 22 24 7 10 28 27 13 15 16
10 27 1 17 2 4 22 23 25 11 13 15
11 30 2 5 21 7 26 9 25 27 12 30 29
22 794
9 1 18 22 6 8 10 28 11 13 15
11 2 2 22 21 6 26 9 28 27 12 13 15
8 5 18 1 22 7 25 30 29 16
10 6 18 17 5 21 6 9 28 11 27 12
7 7 19 6 7 23 10 12 15
14 8 2 3 5 9 10 12 15 17 20 19 22 21 26 28
14 9 1 5 6 7 8 10 11 12 13 14 19 25 30 29
12 11 2 3 5 6 24 7 25 10 11 27 12 15
11 12 18 3 21 24 26 9 11 27 30 13 14
15 13 1 2 3 5 11 12 13 14 16 17 21 23 28 27 30
11 14 1 20 3 22 23 26 25 10 28 12 14
15 15 1 5 8 9 10 14 16 17 19 22 21 24 23 26 27
7 16 18 1 7 9 25 29 15
8 18 1 17 2 20 7 9 28 16
8 17 17 2 22 5 21 6 23 8
13 20 17 20 5 21 24 7 23 26 9 28 12 13 14
12 19 1 22 21 6 7 8 26 9 10 28 29 15
12 22 18 20 5 21 24 7 8 26 28 11 30 29
8 26 19 22 26 9 27 13 29 14
14 28 3 5 7 9 10 11 12 15 18 20 19 24 28 27
10 27 2 5 6 7 23 25 11 27 29 16
12 29 1 17 2 19 21 24 23 8 9 13 15 16
17 49
11 3 18 2 19 22 6 23 9 11 12 30 15
17 6 1 2 3 4 7 8 9 15 18 17 20 19 21 23 26 25 29
7 7 20 3 19 4 8 28 13
11 8 17 2 19 22 21 6 24 25 12 14 16
10 9 18 2 20 4 6 23 8 12 29 16
13 11 1 17 20 4 21 6 7 8 10 11 30 29 14
9 16 1 17 6 24 8 26 9 27 12
14 18 1 2 3 6 8 10 11 12 16 19 22 24 28 29
12 20 17 19 4 6 24 8 25 10 11 12 13 14
17 19 1 6 7 10 11 13 16 18 20 21 24 23 26 28 27 30 29
10 22 18 1 3 22 24 7 9 27 12 13
8 21 1 17 22 23 12 30 29 15
13 23 2 3 4 6 12 13 15 18 22 26 25 28 30
11 26 1 17 2 21 6 8 26 25 28 12 29
9 25 1 2 22 21 24 8 26 28 27
14 28 20 3 22 6 24 7 23 8 26 25 12 30 15 16
11 30 18 2 20 4 22 6 7 25 12 30 29
18 474
9 1 18 1 19 21 10 28 27 30 16
12 2 18 1 17 4 22 5 21 26 28 12 14 15
8 4 1 17 20 19 4 5 26 10
11 5 18 3 22 5 24 23 27 12 13 14 15
11 7 17 3 19 5 21 24 7 26 10 12 13
6 8 1 20 8 25 10 16
11 9 4 22 24 7 8 26 10 12 29 15 16
10 10 20 4 24 7 26 9 28 27 29 14
15 15 2 3 4 7 9 10 13 14 16 18 21 23 26 30 29
14 18 5 9 11 12 15 16 17 20 22 21 23 25 28 30
12 20 18 20 4 21 23 8 10 11 27 30 13 29
13 22 2 19 21 7 23 26 9 25 10 28 30 15 16
15 21 3 7 10 11 13 16 18 20 19 21 24 25 28 27 30
7 23 18 1 21 24 8 13 16
13 26 3 19 22 5 21 23 8 28 11 27 12 13 29
10 25 20 4 9 25 10 27 12 30 13 14
10 28 1 2 4 5 8 28 27 12 30 15
12 30 18 19 5 21 7 8 10 28 11 27 29 15
15 847
12 1 18 20 4 5 23 8 9 25 10 28 12 16
10 3 2 3 4 6 24 11 12 30 29 14
14 5 18 17 4 22 5 21 6 25 28 11 12 30 29 15
12 6 1 2 19 4 5 21 6 23 25 28 15 16
9 12 2 20 4 22 5 21 8 11 29
16 14 1 2 3 4 5 6 8 15 16 18 19 22 23 26 25 27
12 16 18 2 4 22 5 21 24 26 9 10 27 14
8 18 18 1 2 20 24 8 27 29
11 17 1 2 20 3 4 22 6 23 25 11 30
12 20 2 3 4 5 21 6 24 28 12 30 14 15
12 22 1 2 4 21 6 23 8 9 25 28 11 12
15 24 1 2 5 6 10 11 12 18 17 22 21 24 23 26 27
15 26 2 3 5 6 8 11 12 14 18 17 22 21 24 23 25
12 25 1 17 2 22 5 6 26 25 12 30 15 16
10 27 2 5 24 23 25 11 12 13 14 15
16 593
8 1 1 4 5 6 25 30 15 16
7 2 26 28 27 12 30 13 16
11 9 18 3 19 4 5 21 24 7 23 25 13
9 10 18 2 3 4 22 24 28 29 16
13 12 1 20 3 4 22 6 23 26 25 10 28 14 16
15 13 1 2 3 4 5 6 12 15 20 19 22 21 25 27 29
9 14 18 17 21 7 26 12 30 15 16
8 15 18 5 6 24 23 9 27 16
13 16 18 17 2 3 4 21 6 10 28 11 27 30 16
14 18 1 2 4 7 9 10 11 13 14 16 17 21 26 28
12 17 18 17 20 19 22 21 24 23 11 12 30 14
13 20 1 2 20 21 24 7 26 9 28 11 12 29 16
11 19 1 17 2 20 4 22 7 26 9 12 29
12 25 17 19 21 6 7 23 9 10 11 30 13 15
13 28 2 5 7 12 14 16 20 22 21 24 25 28 29
12 27 17 20 19 26 10 28 11 27 13 14 15 16
17 840
16 1 1 2 5 7 8 12 13 17 22 21 24 23 26 28 27 29
10 2 18 1 2 22 21 24 25 10 12 30
8 3 2 26 25 11 29 14 15 16
13 4 1 3 4 6 7 11 14 15 19 22 28 27 29
8 5 20 3 19 23 25 10 13 16
13 7 18 17 4 22 6 24 7 26 25 10 11 14 16
13 8 3 5 6 7 10 11 12 15 16 17 21 24 23
10 10 18 1 5 21 23 28 30 13 29 14
14 13 2 3 10 11 13 15 18 17 21 24 23 28 27 29
14 14 3 4 5 7 8 12 13 14 16 19 21 28 30 29
12 18 18 22 6 24 23 8 10 28 11 12 30 15
11 17 18 19 22 23 8 26 10 12 30 13 29
13 20 1 2 3 6 13 14 19 22 26 25 27 30 29
12 21 18 1 21 24 23 8 26 25 10 28 11 14
13 26 1 17 2 3 22 5 28 11 27 12 30 14 16
11 28 18 20 3 4 5 26 25 28 11 30 15
13 29 18 4 22 5 7 8 25 10 28 27 30 29 15
18 837
14 1 1 2 3 9 11 12 13 15 18 17 19 21 25 30
8 2 18 4 21 23 8 25 27 29
11 4 17 20 22 6 8 26 9 25 11 27 30
12 7 18 1 2 24 23 8 26 25 11 14 15 16
14 8 1 2 3 6 11 16 18 20 19 21 23 25 28 27
13 11 20 3 4 5 6 23 26 9 11 27 12 29 16
5 14 18 21 24 25 13
12 15 1 3 4 6 23 8 26 28 11 29 15 16
10 16 18 17 20 3 22 6 7 23 9 25
8 18 17 4 8 9 25 12 13 29
8 19 18 2 19 8 28 12 29 15
19 21 1 2 3 4 5 6 7 9 11 12 13 14 15 20 22 21 24 23 26
5 24 6 26 25 27 15
11 23 18 17 2 3 19 22 21 23 27 12 14
15 26 17 2 20 19 4 22 5 24 23 8 26 25 11 15 16
7 25 22 21 6 23 9 11 14
15 28 2 5 6 9 11 13 16 18 20 19 22 21 23 26 30
9 27 18 19 22 23 26 25 11 15 16
18 231
14 1 2 3 19 4 24 7 23 8 26 9 28 27 13 14
14 4 2 4 5 9 10 12 13 14 16 19 22 23 25 28
18 5 1 2 3 4 5 9 12 13 16 17 19 21 24 26 25 28 27 29
13 6 2 3 4 5 9 10 12 18 20 19 21 23 27
15 7 18 2 19 5 21 6 24 8 25 28 27 12 30 29 16
6 9 18 17 3 29 14 15
13 14 18 20 4 22 5 6 7 8 25 10 28 29 16
11 18 18 1 19 5 21 6 23 26 25 15 16
7 20 18 1 2 24 7 27 16
12 19 18 20 3 22 5 23 9 25 10 27 13 15
15 22 1 2 3 4 5 10 14 15 17 19 22 21 26 28 29
13 21 4 5 7 12 13 14 18 22 21 23 28 27 30
14 24 2 4 5 6 8 9 15 16 22 21 24 26 25 29
9 23 18 1 17 20 19 21 28 30 16
16 25 2 3 5 7 8 9 12 13 16 17 20 21 26 25 28 29
7 27 1 20 22 21 6 28 27
12 30 18 1 20 22 5 24 8 26 30 13 15 16
10 29 20 3 6 24 9 10 27 30 14 15
12 787
14 17 17 20 3 19 4 22 5 24 23 8 25 27 13 14
6 20 22 5 8 27 13 16
13 19 5 7 8 9 11 14 15 16 18 17 20 25 29
11 4 18 2 3 4 8 26 9 28 11 27 30
14 21 18 2 19 4 22 5 6 23 8 9 28 13 29 15
16 9 1 4 5 6 8 10 13 14 16 18 17 24 23 26 25 28
16 25 4 5 6 7 8 9 10 11 13 15 19 21 24 26 28 29
11 10 18 2 20 3 19 6 24 23 8 29 14
17 27 18 1 17 2 4 22 5 6 7 23 26 10 28 30 29 15 16
13 13 1 20 19 22 5 24 7 8 28 11 30 29 15
10 14 1 3 19 22 8 25 10 28 13 29
8 15 18 1 17 19 4 8 25 13
16 46
16 3 1 2 4 7 8 9 10 11 14 16 18 19 22 24 28 29
12 4 1 3 19 22 5 8 9 10 28 12 14 15
10 5 18 19 5 21 24 7 11 30 29 16
9 6 17 19 4 24 8 25 29 15 16
11 8 1 2 19 5 7 23 8 28 11 27 14
16 10 18 1 17 20 3 19 22 5 21 6 24 23 11 30 29 16
8 12 3 22 24 8 26 9 10 16
21 14 1 2 4 5 6 7 8 9 10 11 12 15 16 17 19 22 24 25 28 27 30
12 17 1 17 2 3 22 24 8 25 10 30 29 15
11 19 20 3 22 21 6 7 26 25 28 12 14
16 22 1 2 7 9 12 15 16 18 19 21 24 26 25 27 30 29
11 21 18 2 20 22 21 24 25 11 30 29 15
9 24 2 4 22 7 28 27 12 14 16
15 26 2 3 5 6 7 9 10 12 14 15 17 20 21 28 30
10 25 1 17 2 3 24 7 23 8 25 27
14 30 18 17 20 3 4 22 5 21 6 7 23 10 28 30
20 764
10 2 18 2 22 6 9 28 11 13 29 15
14 4 18 2 20 19 4 6 24 7 8 26 12 30 15 16
12 5 18 2 4 5 23 26 11 30 13 29 15 16
16 6 1 3 6 8 10 11 12 13 15 18 19 22 21 23 25 30
10 7 20 19 5 24 8 9 10 11 27 15
11 8 1 20 19 4 22 8 25 27 30 15 16
11 10 1 20 3 4 21 24 23 8 28 11 30
14 11 17 3 19 4 22 5 7 26 25 10 28 12 29 16
14 13 18 1 2 20 4 22 6 8 26 25 28 27 15 16
12 18 18 2 4 5 21 6 23 8 11 27 12 30
7 17 20 3 4 6 24 23 13
12 20 18 17 3 24 23 26 25 27 13 29 15 16
9 19 18 5 21 6 9 25 10 28 16
13 22 1 9 10 11 12 13 15 16 18 22 21 28 30
12 21 18 2 3 21 6 24 23 8 9 25 29 16
12 23 2 3 5 21 6 24 7 26 12 30 15 16
14 26 1 3 4 7 8 9 13 18 17 19 23 28 30 29
7 28 2 21 6 24 26 25 27
11 30 17 20 4 5 23 26 25 11 27 12 29
13 29 18 1 17 22 5 21 7 23 26 25 10 11 16
14 757
15 1 1 2 3 5 7 12 14 16 18 20 23 26 25 30 29
11 17 17 2 5 24 23 25 10 27 12 30 14
14 20 1 2 3 19 4 22 21 6 7 23 9 25 27 13
9 3 1 2 19 21 7 11 27 12 30
12 19 18 20 3 4 21 8 9 10 28 11 27 30
11 4 18 2 3 5 9 10 28 11 12 29 14
19 21 1 5 7 8 9 10 12 13 14 18 20 19 21 24 23 26 28 30 29
10 6 18 20 3 19 7 8 26 10 27 14
11 7 18 1 17 3 4 5 7 8 9 25 29
14 26 1 3 4 6 8 9 12 14 17 20 22 23 27 29
12 25 18 17 19 22 5 26 25 28 11 12 13 16
7 11 1 2 22 24 7 27 29
12 27 17 20 4 5 23 26 9 25 28 27 30 13
12 14 18 2 20 19 4 5 7 9 28 11 27 29
22 283
18 1 2 4 5 8 9 11 13 14 15 18 17 22 24 25 28 27 30 29
16 2 1 2 4 5 6 7 10 12 13 14 15 17 19 21 24 30
9 3 18 20 5 26 9 12 30 13 29
8 4 4 6 7 8 26 27 14 15
10 5 18 3 19 5 21 9 25 12 29 15
8 6 18 2 19 7 26 10 28 30
11 7 1 2 3 24 26 9 28 27 30 13 15
14 8 2 3 4 5 6 7 8 9 12 15 22 26 25 29
12 9 1 3 19 4 22 7 23 10 28 27 29 15
17 11 3 5 7 9 10 11 13 18 17 19 22 23 26 25 28 27 30
13 13 5 6 8 13 14 15 17 20 19 21 23 28 29
10 14 20 19 5 24 9 25 11 27 30 14
10 15 18 1 17 22 5 24 9 25 30 13
13 20 1 17 20 5 23 9 25 10 11 27 12 30 15
13 19 1 5 6 7 8 12 14 17 21 24 23 26 27
6 22 18 3 8 25 27 29
9 21 20 7 8 26 10 28 27 13 14
8 26 18 21 23 8 26 25 12 29
9 28 17 2 19 5 6 28 11 30 29
13 27 18 1 17 3 5 6 7 8 25 10 11 12 29
8 30 1 19 4 21 7 23 28 29
13 29 18 1 2 20 6 24 7 23 25 11 30 29 14
18 11
12 2 18 1 20 4 7 23 25 10 27 30 15 16
12 3 1 24 7 23 26 9 25 12 30 29 14 16
11 4 18 19 6 24 8 26 9 25 28 29 16
12 6 2 3 4 22 21 24 7 8 10 14 15 16
10 7 1 3 4 22 7 26 25 10 12 14
11 8 18 3 22 26 9 12 30 13 29 14 15
12 10 1 2 20 3 4 22 6 7 27 30 13 15
11 11 2 20 19 4 21 6 23 8 12 30 29
11 16 18 1 5 21 7 25 28 11 27 12 16
12 18 2 20 4 24 7 25 11 27 30 13 29 16
17 19 2 4 5 6 7 9 11 12 13 14 15 20 19 21 26 27 30
12 21 1 2 3 4 6 8 10 11 27 30 29 14
10 24 1 20 4 6 7 9 25 10 11 12
7 23 1 2 24 8 28 29 14
14 26 1 2 4 8 9 10 12 13 14 15 16 18 25 30
12 28 18 1 20 22 21 24 10 30 13 29 15 16
14 27 18 1 20 3 22 5 24 8 9 10 12 30 29 16
8 29 4 7 8 11 27 30 14 15
19 338
12 1 3 19 21 24 7 23 26 28 27 30 29 16
9 2 1 22 21 6 10 28 11 27 15
12 4 1 20 19 4 7 8 26 28 11 27 30 29
12 6 2 6 24 7 23 26 9 25 30 13 29 15
9 7 20 22 21 25 28 11 12 30 16
11 9 19 4 5 7 23 8 25 27 12 13 14
12 10 1 17 19 4 22 5 6 8 26 25 30 16
9 11 1 2 5 21 7 8 25 12 16
14 13 17 2 4 21 23 8 26 9 10 11 27 30 29 16
12 14 20 3 19 23 28 11 27 12 13 29 14 15
14 17 2 4 5 12 14 16 17 20 19 22 24 23 28 27
14 19 20 3 4 5 21 6 23 26 25 28 27 12 29 16
13 22 17 20 3 4 22 6 24 23 10 28 11 12 29
11 21 19 4 6 8 9 25 10 28 12 30 29
12 23 5 21 6 7 8 26 12 30 13 14 15 16
14 26 1 4 22 5 24 23 8 9 25 10 11 30 29 16
11 25 17 4 5 21 24 8 26 30 14 15 16
9 27 17 3 5 21 26 9 10 27 30
9 29 3 19 5 23 8 27 13 14 15
18 424
13 1 2 4 5 6 9 11 13 18 17 21 27 30 29
13 2 1 3 4 5 6 8 11 12 13 18 20 24 27
15 3 1 2 4 9 12 13 14 16 17 22 24 23 28 27 29
16 5 1 2 6 7 10 12 13 16 18 17 24 23 25 28 27 30
14 9 1 3 4 5 9 10 13 17 22 23 25 28 27 30
8 12 18 17 2 5 9 27 30 29
12 13 18 1 2 3 21 23 8 9 27 14 15 16
13 14 3 7 8 9 12 14 18 20 22 21 24 27 29
8 16 2 20 22 7 8 28 13 15
12 17 18 17 20 4 7 26 9 11 30 13 14 15
14 20 2 3 7 9 10 11 12 13 14 16 17 22 24 23
11 22 20 4 22 24 23 8 28 11 29 15 16
13 21 2 20 3 5 6 23 8 26 9 10 28 30 14
14 23 2 5 6 8 9 11 13 14 18 22 26 28 27 30
16 26 3 4 7 9 11 13 14 15 16 18 24 23 26 28 27 30
16 25 3 4 5 6 7 9 10 14 18 17 20 22 26 25 30 29
10 27 1 4 22 24 8 26 27 30 13 15
10 29 1 2 20 3 4 5 24 7 28 14
17 192
16 2 4 5 8 9 10 11 12 14 16 17 19 22 24 26 25 30
10 4 2 3 4 6 24 23 9 25 11 14
12 5 1 17 2 3 4 22 6 24 23 8 11 14
11 7 1 3 6 7 26 25 27 12 30 13 16
14 8 18 1 17 4 22 5 21 26 25 10 28 12 29 16
11 10 1 17 3 23 8 10 11 12 30 29 16
17 11 1 6 7 8 11 14 16 18 17 19 22 21 24 23 28 27 29
17 12 2 3 4 5 6 8 11 12 13 14 15 18 19 24 23 26 27
13 13 1 17 3 19 22 24 8 26 10 28 30 15 16
9 14 2 3 19 5 23 8 10 14 15
9 15 1 17 3 22 23 9 11 14 15
13 16 1 2 19 4 22 24 23 10 12 30 29 14 15
15 17 1 2 4 6 7 9 11 15 17 19 21 24 25 28 30
17 22 2 3 5 6 7 9 13 15 17 22 24 26 25 28 27 30 29
17 21 1 2 3 4 7 8 10 11 12 13 18 17 19 22 26 25 29
6 27 18 2 19 8 27 13
16 29 3 5 11 12 18 17 19 22 21 24 23 26 25 28 27 29
23 396
12 1 1 20 3 7 8 9 25 28 11 12 13 29
7 4 18 3 5 25 30 13 15
12 6 17 2 4 22 5 7 8 26 9 27 12 16
8 7 18 19 22 6 25 11 12 15
13 8 17 4 6 24 8 9 25 11 27 30 29 14 16
13 9 3 19 5 6 24 23 8 26 28 11 27 30 16
9 10 5 6 24 25 28 11 13 29 16
10 11 1 3 4 24 23 8 9 11 30 16
9 12 2 22 5 24 7 26 25 28 11
11 13 2 20 3 4 22 5 6 8 26 28 30
8 14 19 22 24 8 26 9 10 13
9 18 2 5 6 8 9 25 10 12 16
11 17 1 20 19 4 22 6 7 8 26 9 14
11 20 18 1 2 22 26 28 11 12 30 13 29
12 19 1 3 4 6 8 10 11 12 30 13 29 15
13 24 4 7 10 11 12 13 15 17 19 22 24 30 29
14 23 3 5 6 10 12 13 14 15 18 17 22 23 26 25
10 26 1 2 3 8 9 25 12 30 13 15
14 25 1 2 5 6 8 9 13 14 15 18 17 22 26 28
13 28 18 1 20 3 19 5 7 23 25 28 27 12 14
13 27 18 1 17 3 22 5 6 26 9 27 30 29 15
9 30 18 24 7 8 26 10 28 27 30
11 29 20 3 5 6 26 9 27 12 30 13 14
14 121
16 1 1 2 3 4 6 7 8 10 13 14 16 18 17 21 23 29
12 6 18 17 19 4 7 26 9 11 27 12 29 14
8 7 18 20 5 7 26 25 11 27
11 11 5 21 6 24 7 8 26 9 27 12 29
8 12 18 4 5 26 28 11 13 15
13 13 3 19 4 21 6 24 9 25 10 27 13 29 15
8 17 1 17 20 6 23 10 28 12
14 24 1 2 3 4 6 9 11 12 16 18 17 23 28 27
9 23 20 21 24 7 28 27 30 14 15
11 26 3 5 24 8 26 28 27 13 14 15 16
10 25 18 1 20 5 6 8 9 28 30 15
12 28 17 20 19 4 6 24 7 23 26 9 28 16
13 27 18 1 17 3 5 21 7 23 8 26 28 29 15
6 30 18 17 11 13 29 15
17 721
14 1 4 5 9 11 13 14 18 17 20 19 22 28 27 30
9 3 2 19 21 24 10 28 12 29 15
9 4 1 17 20 22 6 7 9 12 14
9 5 2 7 8 26 9 25 30 13 29
13 6 17 3 6 7 8 26 9 10 28 27 12 30 15
11 7 18 17 2 20 4 5 26 25 28 12 29
14 9 3 4 6 8 10 11 15 18 17 20 22 26 28 27
18 11 2 3 4 7 8 13 14 16 19 22 21 24 26 25 28 27 30 29
13 12 2 3 4 5 8 9 10 11 14 15 22 21 28
7 13 17 2 3 22 24 28 29
12 15 17 4 22 26 9 28 11 27 12 13 29 14
7 20 1 5 24 25 28 11 29
14 21 1 6 8 11 12 13 18 20 19 26 28 27 30 29
11 24 3 24 7 9 25 28 11 30 13 15 16
11 27 18 17 19 22 5 21 6 26 11 13 15
12 30 18 17 2 4 22 8 26 28 30 14 15 16
9 29 1 17 2 22 26 10 11 30 15
18 763
13 2 1 17 2 20 22 21 23 9 28 27 12 30 29
11 3 18 4 6 7 8 26 10 28 27 29 14
10 8 17 19 4 5 7 23 10 27 30 13
12 9 17 2 20 3 19 4 6 8 27 30 29 15
9 10 20 3 5 7 23 26 9 10 29
11 11 18 17 2 20 3 22 5 23 26 9 11
17 13 1 2 3 4 5 6 8 12 14 16 17 20 22 25 27 30 29
9 15 17 20 22 5 21 25 27 13 16
14 16 2 4 5 10 12 13 15 18 17 21 23 25 30 29
10 17 18 17 2 20 19 7 9 30 13 15
12 20 18 17 20 3 19 5 10 27 30 29 14 16
14 19 1 2 4 5 6 10 12 14 15 16 18 20 22 23
9 21 17 3 23 8 9 25 10 15 16
15 23 3 4 5 8 9 10 11 13 14 15 18 17 22 21 29
9 25 1 3 21 23 9 25 10 27 12
10 27 2 3 4 22 5 7 23 9 10 30
13 30 18 1 22 7 23 8 25 11 27 30 29 14 16
11 29 1 3 4 21 23 8 10 27 12 30 13
20 44
12 1 18 2 19 4 22 21 24 7 8 26 9 12
13 2 2 4 5 11 12 13 14 18 22 21 24 26 28
11 3 2 19 4 5 21 6 7 8 30 14 16
14 5 3 5 6 8 9 10 13 16 17 21 23 28 27 30
12 7 18 2 4 5 21 6 7 8 26 11 30 29
13 8 2 20 3 22 5 7 23 26 28 27 13 14 15
6 9 22 24 26 9 11 14
9 11 18 21 7 23 26 9 28 27 12
12 13 18 1 19 4 5 21 6 26 10 28 30 16
5 14 10 11 27 12 30
11 18 1 17 20 19 24 23 9 10 28 13 16
14 17 5 6 8 11 13 14 15 16 20 19 22 21 23 29
12 20 17 20 3 4 22 5 24 7 8 9 28 29
9 21 1 17 19 22 5 21 24 8 16
10 24 17 2 20 19 24 8 9 28 29 16
12 23 18 5 21 6 8 26 9 11 27 13 14 16
12 26 1 17 19 4 22 21 6 7 8 26 10 28
6 27 2 3 19 23 28 29
7 30 4 22 8 10 13 15 16
16 29 1 2 3 4 6 7 8 10 12 13 19 22 21 26 27 30
21 996
10 1 17 2 4 22 5 9 10 11 29 16
12 2 2 20 5 21 24 9 10 11 27 12 29 16
13 3 1 2 20 3 19 4 22 7 23 25 28 13 14
15 4 4 5 6 7 9 12 14 16 17 20 22 21 24 23 27
8 6 2 21 7 9 25 10 27 30
10 7 19 22 24 23 8 9 11 30 14 15
9 8 2 5 7 9 25 10 11 12 13
14 9 1 2 3 4 5 7 8 9 10 28 12 30 14 16
14 10 5 10 12 13 18 20 19 22 21 23 25 28 27 30
14 11 1 20 3 4 21 24 7 23 8 9 25 29 15 16
12 13 18 2 4 5 21 6 7 11 12 30 15 16
12 14 18 17 20 3 22 24 8 27 12 30 29 16
17 15 2 3 5 6 8 13 16 17 20 21 24 23 25 28 27 30 29
15 16 5 7 8 10 11 16 20 19 22 21 24 23 28 30 29
10 18 17 20 3 5 21 8 9 28 12 29
14 17 1 2 4 7 8 9 10 11 14 19 21 23 25 30
10 20 20 3 19 4 22 5 8 28 13 29
11 19 18 3 22 21 6 10 27 30 13 29 14
8 22 1 3 5 24 7 9 10 29
14 25 4 6 7 10 11 12 13 20 22 21 24 28 27 30
9 27 21 6 7 23 8 25 28 11 14
16 568
9 1 2 24 7 23 26 25 11 13 14
8 3 2 3 22 21 6 26 11 30
15 5 2 3 6 7 9 10 14 15 17 19 21 24 23 26 28
9 7 18 1 2 22 24 28 12 30 15
14 9 3 5 7 8 9 11 14 15 16 18 17 25 30 29
15 10 2 3 4 8 11 12 15 16 17 19 23 26 28 30 29
12 12 18 17 2 20 4 22 23 8 26 10 12 14
7 13 1 2 6 24 28 30 16
13 16 4 22 21 24 23 8 25 10 28 11 30 29 15
8 19 1 2 20 19 5 24 28 30
11 22 17 2 5 21 7 23 9 10 11 12 13
8 21 1 3 22 6 11 12 13 14
11 24 18 2 22 23 9 25 28 11 30 29 14
14 26 18 1 2 20 5 21 6 23 25 10 28 29 15 16
12 25 18 1 17 20 19 22 8 26 10 29 14 16
8 29 1 20 3 19 24 30 13 14
18 881
13 2 1 6 7 8 9 10 12 13 14 16 21 26 29
7 3 17 20 21 24 7 14 15
14 4 3 4 7 8 13 14 18 17 20 19 22 24 23 29
14 6 1 2 3 4 7 9 11 13 14 18 17 22 25 29
11 7 17 3 19 4 5 26 11 27 30 29 14
12 8 1 17 20 23 26 25 11 27 12 13 15 16
12 9 17 20 19 7 23 25 11 27 12 13 14 16
9 10 2 20 22 21 11 12 30 15 16
7 12 1 17 20 3 23 27 14
18 13 2 3 5 6 8 12 13 14 15 16 18 17 19 22 23 26 27 30
14 15 1 2 8 10 11 13 14 15 20 23 26 27 30 29
13 17 1 2 5 6 7 8 10 12 15 17 21 24 25
13 20 18 1 17 19 5 21 24 7 23 26 30 15 16
13 21 1 4 6 7 8 9 11 12 15 22 21 26 25
14 24 18 1 17 2 20 3 19 5 23 8 9 25 30 14
16 23 1 2 3 4 5 8 9 11 12 13 15 16 18 22 25 29
11 25 2 20 3 19 5 6 8 10 12 29 14
9 29 18 1 3 4 5 7 8 15 16
18 781
15 1 2 3 5 6 9 12 13 15 16 18 17 21 23 25 27
13 3 1 3 5 7 11 13 17 22 21 24 23 25 30
12 5 18 4 22 5 24 7 25 28 11 27 14 15
11 6 1 19 4 6 24 7 26 9 28 11 27
12 7 1 17 3 21 23 26 9 25 10 11 27 12
11 8 2 20 3 22 21 6 23 8 26 25 10
5 13 17 4 5 7 23
11 14 18 20 3 4 21 24 23 26 10 13 16
10 15 18 1 2 3 5 23 26 30 13 14
6 16 2 5 24 7 9 10
8 18 18 3 5 6 8 9 11 14
13 19 2 20 22 5 6 24 7 8 26 25 28 12 16
12 22 18 17 2 19 4 21 9 25 10 11 27 16
11 21 18 17 3 19 22 5 9 28 11 30 13
12 26 17 19 4 22 21 24 23 8 27 30 13 14
12 25 18 1 17 19 22 5 6 23 10 11 30 16
16 27 2 3 6 7 10 11 13 15 16 18 17 19 22 24 23 28
16 30 1 3 5 9 12 13 18 17 20 22 24 23 26 25 28 27
19 278
13 2 2 4 6 7 8 11 12 16 18 17 26 25 28
10 3 17 4 23 9 25 11 27 12 13 29
11 5 18 1 2 20 3 21 24 25 10 28 16
13 7 1 17 19 4 22 6 23 8 25 11 14 15 16
13 8 1 17 2 20 3 19 4 23 26 9 27 15 16
12 11 1 17 4 22 21 7 23 26 11 14 15 16
13 12 2 19 22 21 24 8 26 25 10 27 13 29 15
12 13 18 1 20 3 5 21 8 9 25 10 11 27
11 14 1 2 20 19 21 6 8 25 27 13 15
11 15 18 3 19 5 7 10 11 27 12 29 14
7 16 18 6 8 11 27 12 13
13 17 18 17 2 4 22 24 7 8 26 28 12 29 15
11 20 18 2 20 22 7 23 10 11 27 13 16
14 19 1 2 5 6 7 9 12 15 22 24 23 26 25 28
12 21 1 3 19 4 22 6 26 25 11 29 14 16
8 23 18 2 4 23 8 9 11 16
9 26 18 17 4 7 26 11 12 14 15
17 28 1 2 4 7 8 10 11 12 15 16 18 20 19 24 28 27 29
9 29 1 20 5 21 24 26 27 13 29
