30
13 436
10 3 3 4 6 24 26 9 10 13 29 15
14 5 2 4 12 13 16 18 17 22 21 24 28 27 30 29
9 6 17 4 21 23 8 27 30 13 29
14 11 3 6 8 11 12 13 15 22 21 26 25 28 27 30
17 12 2 3 5 8 9 10 11 13 15 17 20 24 23 26 25 27 30
14 13 5 6 8 10 11 12 13 16 17 20 19 22 25 27
11 17 17 2 3 22 24 23 9 10 30 14 16
11 22 18 2 20 3 24 23 25 28 11 30 13
19 24 2 3 4 6 8 10 11 13 16 18 17 20 19 22 21 24 23 27 29
11 23 17 22 5 21 6 7 26 9 25 10 27
15 26 3 4 7 8 9 10 13 14 15 16 20 21 24 27 29
12 25 18 19 4 21 24 26 9 25 28 27 30 29
20 28 2 5 6 7 8 9 10 12 14 15 16 18 17 20 19 26 25 28 27 30
20 650
15 1 3 4 5 6 8 9 12 14 16 22 24 23 28 27 30
14 3 18 1 4 22 21 6 24 7 23 8 26 25 11 12
14 4 18 1 17 20 3 21 6 8 9 10 28 12 29 15
13 7 6 7 9 11 13 14 15 22 24 26 25 28 27
15 8 1 7 8 9 13 15 16 20 19 22 24 26 28 30 29
15 9 3 5 6 9 14 16 18 17 22 21 23 25 27 30 29
11 11 19 4 21 6 7 8 9 25 11 27 30
12 13 1 20 19 5 6 24 9 25 11 13 14 16
15 15 1 3 6 8 9 11 12 18 22 21 24 26 28 27 29
17 16 1 3 4 5 6 7 9 10 11 13 14 18 22 24 27 30 29
12 18 4 21 6 23 8 25 10 28 27 12 30 29
12 20 18 1 3 19 21 24 26 9 27 13 29 15
15 19 1 5 6 7 8 9 10 16 18 17 20 22 23 27 30
15 21 5 6 7 8 11 12 15 17 20 19 21 23 26 28 29
15 24 1 3 5 7 9 10 11 16 18 17 20 23 28 27 29
13 26 20 4 24 23 8 26 9 25 11 27 12 30 14
12 28 18 17 3 19 4 24 9 25 13 29 14 15
13 27 20 3 4 21 6 24 7 23 8 9 25 13 16
17 30 4 6 7 8 11 12 14 16 17 20 19 22 23 25 27 30 29
11 29 1 20 7 23 26 25 10 28 12 29 15
13 376
15 17 2 6 7 8 9 11 12 15 18 17 19 24 23 27 29
10 19 18 2 6 8 9 25 28 30 29 15
14 4 1 2 4 7 8 9 11 14 15 19 24 23 28 27
14 22 1 2 4 5 6 7 11 13 14 15 16 22 24 30
16 5 2 6 7 9 10 11 12 14 16 17 19 22 21 26 25 28
12 24 18 2 22 21 8 9 25 27 12 30 15 16
11 23 18 20 4 21 24 8 26 9 28 30 29
11 9 18 1 2 19 4 7 8 26 12 30 15
16 28 1 6 7 10 11 12 13 17 20 22 24 26 25 28 30 29
18 27 1 4 5 6 8 9 12 14 15 16 18 20 19 22 23 25 27 29
15 13 1 5 6 7 9 10 13 15 16 17 19 22 26 25 28
11 29 18 17 5 6 24 7 9 10 27 12 29
16 16 1 2 7 9 10 11 13 15 18 20 22 23 25 28 27 30
14 44
10 18 2 5 6 7 26 10 11 30 13 15
18 1 2 3 6 9 10 11 12 13 14 16 17 20 23 26 25 27 30 29
10 17 18 1 2 19 5 6 26 9 25 12
17 2 1 2 3 6 8 14 15 16 18 20 19 22 26 25 28 30 29
17 20 1 3 5 7 11 12 13 15 16 18 19 21 24 26 28 27 30
18 19 3 5 6 7 8 9 11 12 14 16 17 20 21 24 23 26 30 29
17 22 1 5 8 9 10 12 13 15 18 20 19 21 24 23 25 28 27
13 7 3 5 9 12 14 15 17 20 19 23 28 27 29
20 23 1 2 3 5 7 8 10 12 13 14 15 16 18 17 22 21 25 27 30 29
8 26 20 22 21 6 24 23 11 12
16 11 1 3 5 6 7 11 12 13 14 15 16 21 23 25 28 27
18 13 2 3 6 7 8 9 10 11 14 16 18 22 24 26 25 28 27 29
17 29 1 3 6 8 9 11 12 16 18 17 20 19 22 24 23 30 29
17 16 5 6 7 9 14 15 18 17 20 22 24 26 25 28 27 30 29
18 323
11 1 18 17 2 22 21 23 8 25 28 12 13
16 2 1 2 3 4 8 10 11 12 14 15 16 19 23 25 28 29
15 3 1 2 4 7 8 9 11 12 17 20 21 24 26 28 29
13 6 2 10 13 15 16 17 21 24 23 26 28 27 30
13 10 2 8 9 13 16 18 21 24 26 25 28 30 29
16 13 1 3 6 7 8 9 12 13 17 20 19 22 21 24 26 27
11 14 1 2 20 22 21 6 27 12 30 13 16
14 16 3 19 4 22 21 23 8 9 10 27 12 30 29 15
11 18 17 2 20 3 19 21 23 8 9 27 30
15 20 1 6 7 8 10 12 13 14 16 17 20 19 24 28 27
16 19 1 2 3 4 9 10 11 14 20 19 21 24 23 26 28 30
16 21 1 3 6 7 8 10 11 12 16 20 19 22 23 25 28 29
17 24 3 6 7 9 10 11 12 14 20 22 21 24 23 26 27 30 29
16 23 3 8 13 14 15 18 17 20 19 21 24 26 25 28 27 29
13 26 18 1 2 20 19 4 22 6 24 23 10 14 16
18 25 1 2 4 6 7 8 12 13 18 17 19 23 26 25 28 27 30 29
15 28 3 19 4 6 7 23 8 26 9 28 12 30 29 15 16
11 29 18 3 4 22 6 7 8 25 10 11 13
15 864
14 1 3 4 5 7 12 15 16 18 17 19 24 26 28 27
16 17 3 4 5 10 11 13 15 18 19 22 24 23 26 25 27 29
20 20 1 2 3 4 5 9 11 12 13 15 18 17 19 22 26 25 28 27 30 29
14 3 1 2 5 9 10 11 17 20 19 21 23 26 25 30
11 19 18 2 5 24 23 8 26 11 27 30 16
14 4 17 19 22 5 24 7 23 9 28 27 13 29 15 16
16 22 2 3 4 5 11 15 16 18 20 22 23 26 25 28 30 29
13 21 18 2 20 3 4 5 21 23 8 26 25 10 28
11 7 19 24 7 23 26 9 28 11 27 30 14
15 26 1 5 10 11 13 14 16 18 17 22 24 23 26 28 30
10 10 20 3 19 5 7 26 11 27 14 15
13 11 17 19 5 21 24 7 23 10 28 12 30 14 16
20 27 1 4 5 7 8 12 14 15 16 18 17 20 19 22 21 26 25 28 30 29
16 14 2 3 4 5 10 11 12 14 15 16 17 24 26 25 27 30
15 16 2 4 8 14 15 16 18 20 19 21 24 23 27 30 29
19 318
11 1 2 3 19 22 21 24 23 8 10 12 30
13 2 3 21 6 24 23 25 10 11 30 29 14 15 16
18 5 1 2 3 5 6 10 11 14 15 16 18 17 21 24 23 25 28 27
12 6 18 17 20 3 22 21 26 25 11 27 12 14
11 8 17 2 19 4 23 8 9 28 27 13 29
14 10 3 4 6 8 9 10 11 13 20 19 21 24 23 30
13 11 18 2 20 19 4 24 26 25 27 12 29 15 16
18 12 1 2 4 5 6 8 13 14 15 16 18 17 20 22 21 23 25 29
16 13 2 3 5 6 8 12 14 18 17 19 24 23 26 28 30 29
13 15 20 4 22 5 21 24 8 26 9 25 10 27 30
17 18 1 2 3 5 6 8 9 10 11 13 18 17 20 19 21 25 30
10 20 1 20 22 5 24 11 30 13 14 16
16 19 1 4 5 8 9 10 11 12 13 14 15 18 20 21 26 25
16 22 2 3 5 6 9 11 12 13 14 18 19 26 25 28 27 29
16 21 1 2 4 5 6 12 13 14 15 18 17 24 23 27 30 29
14 24 1 2 3 5 6 12 14 15 17 22 21 25 27 30
15 26 2 3 4 6 12 13 14 15 18 20 19 22 26 28 27
17 28 2 3 4 5 6 8 9 10 11 13 14 18 19 24 23 28 30
15 27 2 5 8 10 11 13 14 15 16 19 22 21 24 23 30
16 528
18 1 2 3 5 6 7 9 10 12 13 15 18 20 19 21 24 23 26 27
13 2 1 17 2 3 4 21 6 7 10 28 12 14 16
14 4 17 3 19 4 6 24 7 23 26 25 10 28 29 16
14 7 1 3 4 5 6 13 14 18 20 19 21 26 28 30
16 9 2 3 5 6 7 11 13 14 15 17 22 21 26 27 30 29
13 11 18 3 5 21 23 25 11 27 30 29 14 15 16
16 13 1 2 5 7 9 10 12 13 16 17 20 19 21 26 25 28
17 14 1 4 5 6 9 12 13 14 18 17 20 19 21 23 28 30 29
13 15 18 17 20 22 5 6 24 7 25 12 13 29 16
17 18 2 3 5 6 7 10 13 14 15 18 19 21 23 28 27 30 29
16 20 1 3 4 7 10 15 16 18 17 20 19 22 24 28 30 29
20 22 1 2 3 6 9 10 11 13 14 15 16 17 20 21 24 23 25 28 27 29
17 24 1 4 5 6 9 10 11 12 13 14 17 20 22 21 26 25 28
13 23 18 1 3 19 21 7 9 10 28 11 29 15 16
15 26 18 1 17 20 3 19 21 6 7 26 25 12 13 29 16
19 29 1 4 5 7 9 10 11 12 13 16 18 17 19 22 24 25 27 30 29
21 92
13 2 4 6 8 13 15 20 22 21 24 23 28 27 30
14 4 18 17 2 20 4 24 7 23 25 28 27 12 29 16
12 5 2 20 3 4 22 21 6 7 23 26 13 14
14 6 17 2 3 19 4 22 21 6 8 26 10 11 27 29
16 7 2 3 4 5 7 10 11 12 17 20 19 24 23 25 28 29
11 8 2 4 22 24 23 10 28 11 30 14 16
16 10 1 3 4 6 8 10 11 12 14 15 18 22 21 23 26 28
17 12 2 3 11 12 13 14 15 16 17 20 19 22 21 23 26 25 29
15 13 1 4 5 8 10 12 15 20 22 24 23 25 28 27 29
9 15 1 2 20 19 21 24 27 12 13
13 16 18 4 5 6 23 8 26 10 27 12 13 29 16
10 18 2 20 3 21 7 8 26 28 11 29
14 19 2 3 19 4 22 8 26 25 28 12 30 14 15 16
17 22 2 3 4 5 6 7 13 14 16 20 21 24 23 26 28 27 29
13 21 1 2 5 6 24 23 8 26 25 11 12 13 16
13 24 1 17 2 3 4 21 10 28 11 30 14 15 16
16 26 1 2 6 8 10 11 13 14 18 19 22 21 26 28 27 30
15 25 1 3 5 6 7 8 10 12 13 18 17 20 19 26 28
22 27 2 3 4 5 6 8 10 12 13 14 15 16 17 20 19 22 21 24 26 25 28 30
18 30 2 3 5 6 8 13 14 15 16 18 17 19 22 24 28 27 30 29
11 29 2 4 22 6 24 23 26 28 27 12 29
11 446
14 2 1 3 4 8 11 13 15 18 17 19 21 24 23 28
19 20 3 5 6 8 9 11 12 13 14 15 16 18 20 19 22 24 25 28 30
18 3 3 6 8 9 11 12 14 15 16 18 17 22 23 26 28 27 30 29
15 5 1 2 3 4 7 8 9 11 13 14 19 23 25 27 29
15 21 1 2 6 9 11 12 13 15 16 17 20 22 25 28 27
13 8 18 1 3 19 4 5 6 7 23 25 28 27 14
12 26 18 1 2 3 22 5 21 6 9 28 12 30
12 9 4 5 21 6 7 8 26 9 11 12 13 29
13 29 2 3 6 7 9 11 12 14 18 17 23 28 27
18 14 1 2 3 4 5 7 8 9 12 13 14 18 22 23 26 25 27 30
17 15 1 2 3 5 6 8 9 11 12 16 18 22 21 25 27 30 29
15 555
13 2 1 17 20 3 19 6 24 26 25 10 29 15 16
16 3 2 4 7 8 9 10 12 13 14 15 16 17 21 23 25 28
14 5 1 2 3 5 13 16 18 19 24 23 26 25 27 30
15 7 18 1 2 20 4 22 5 6 23 8 25 28 27 14 15
12 8 3 19 22 5 21 8 25 10 27 12 14 16
13 13 18 1 2 20 3 21 6 7 23 28 27 12 13
11 14 3 5 6 24 7 23 25 28 12 29 16
13 15 1 20 3 5 21 24 23 25 10 28 12 30 14
10 16 18 2 20 19 22 21 6 9 27 29
13 20 18 17 22 5 6 24 7 8 26 28 29 15 16
16 19 3 5 6 7 8 9 10 14 15 18 17 19 22 26 25 28
12 21 17 19 21 23 8 26 25 10 27 13 29 14
13 25 2 4 6 7 10 13 20 19 24 23 27 30 29
14 28 4 13 14 18 17 20 19 21 24 23 26 25 27 30
21 30 1 2 3 4 5 6 7 8 9 10 17 20 21 24 23 26 25 28 27 30 29
13 125
8 1 1 4 22 6 7 8 9 25
10 4 18 1 17 2 3 6 8 28 30 13
17 5 1 2 6 7 9 11 13 14 16 22 23 26 25 28 27 30 29
16 6 1 3 4 5 6 8 10 13 14 15 16 18 22 26 27 30
14 11 1 2 5 7 8 11 13 16 17 20 24 25 27 30
10 16 18 1 17 21 26 28 27 30 13 15
16 18 2 3 4 7 8 9 11 16 18 17 20 24 26 25 27 29
11 17 18 20 3 5 6 24 26 9 28 27 15
18 20 1 2 3 5 7 9 10 11 13 14 17 20 19 21 24 28 30 29
13 22 18 1 2 5 24 7 8 26 25 10 11 29 16
14 21 5 8 9 10 11 14 15 16 17 20 19 22 26 29
13 25 1 17 2 3 19 4 22 24 7 26 9 28 15
15 28 1 3 9 10 14 18 20 19 21 24 23 26 25 27 29
17 616
16 1 3 4 7 10 11 14 16 18 17 20 24 23 26 27 30 29
15 2 1 17 2 3 19 5 6 24 8 9 25 28 29 15 16
17 4 2 3 4 5 6 7 8 10 11 12 14 18 24 23 26 27 29
13 5 2 4 22 5 6 23 26 10 11 30 29 14 16
18 7 1 2 4 6 8 9 10 11 12 14 15 16 19 22 21 25 27 30
14 9 18 1 2 20 3 19 4 22 5 24 8 27 30 14
15 10 2 3 4 6 7 11 15 16 19 22 21 26 25 28 27
18 11 1 2 3 5 6 7 8 9 10 11 12 15 16 19 21 23 26 29
12 14 19 22 5 6 9 25 10 30 29 14 15 16
16 18 1 4 7 9 10 12 15 16 18 19 21 24 23 28 30 29
17 17 1 2 3 4 5 6 7 8 12 14 18 17 20 21 25 28 30
14 21 1 2 3 4 7 9 11 12 14 18 20 21 24 28
13 24 1 3 6 8 11 12 14 15 16 19 21 23 29
19 23 1 2 4 5 6 7 8 10 14 15 17 20 19 21 26 28 27 30 29
12 28 1 20 3 19 5 6 7 8 10 28 27 12
13 27 1 2 3 5 6 7 9 10 18 20 19 23 26
11 30 18 17 4 5 24 7 23 26 11 27 12
16 181
13 1 18 1 17 2 3 4 21 6 7 27 30 29 15
21 2 1 2 3 4 5 6 7 10 12 13 16 18 17 22 21 23 26 25 28 30 29
14 3 1 4 7 9 10 11 13 16 17 22 23 25 28 27
13 5 1 17 20 3 22 5 6 7 10 28 27 15 16
17 6 1 4 5 6 7 8 10 12 13 15 16 18 17 24 23 26 25
13 8 20 4 5 21 6 24 7 23 8 28 11 12 29
13 9 3 5 7 9 10 11 12 16 22 24 26 25 27
17 10 1 2 5 7 10 11 13 16 18 17 20 21 23 26 25 27 29
14 13 1 2 3 5 11 12 13 17 20 21 24 28 30 29
12 16 17 20 3 19 4 23 8 26 9 12 29 16
15 18 1 3 4 6 8 9 10 12 17 20 22 23 26 27 30
15 19 4 5 6 7 8 10 11 12 13 22 21 23 28 27 29
10 25 18 1 3 21 24 8 10 30 29 16
14 27 1 2 20 19 5 23 8 26 10 12 13 29 15 16
14 30 2 4 5 6 8 9 12 13 15 16 18 24 28 27
10 29 2 20 3 4 6 7 8 12 13 16
13 475
16 18 3 7 9 11 12 13 14 16 18 19 23 25 28 27 30 29
14 1 17 2 20 3 22 7 9 25 10 11 27 30 14 16
14 20 1 4 5 6 7 9 11 13 14 16 26 25 30 29
12 3 1 4 22 21 6 7 26 25 10 11 13 14
10 21 1 17 21 24 23 26 9 25 10 29
20 6 1 2 4 6 7 8 9 10 12 13 18 17 20 19 22 24 25 28 30 29
13 23 18 19 22 21 6 24 7 9 10 11 27 13 29
14 25 1 2 3 22 7 23 8 26 9 25 28 11 30 29
13 10 18 1 20 19 5 6 24 7 9 11 27 29 16
19 11 1 2 3 4 5 8 9 11 13 14 16 17 19 22 21 24 28 27 29
14 30 2 5 7 9 10 13 14 18 21 26 28 27 30 29
16 29 5 6 7 9 10 13 16 18 17 20 22 24 23 28 27 29
16 16 1 2 5 6 7 8 9 11 12 13 16 17 19 21 24 27
11 713
9 2 22 6 25 10 28 11 12 13 14
15 20 2 9 10 11 12 14 15 22 21 24 23 26 27 30 29
16 22 17 20 3 19 4 22 21 6 7 23 26 25 27 13 14 15
17 21 2 4 5 6 7 9 10 12 13 14 17 20 21 23 25 27 30
17 7 3 5 8 9 10 11 12 14 18 17 20 19 22 21 28 27 29
13 23 2 19 4 22 5 6 24 7 8 25 10 11 29
15 26 2 3 4 5 8 12 13 14 17 20 25 28 27 30 29
19 25 3 5 7 8 9 11 13 14 15 17 20 19 21 24 23 26 28 27 29
12 11 1 17 19 4 22 5 26 25 12 30 13 14
11 27 18 2 20 19 4 21 11 12 30 13 29
12 30 18 1 20 3 21 8 10 28 27 30 29 14
18 191
13 1 18 19 4 22 21 7 23 8 9 10 28 11 30
9 2 1 2 4 21 6 25 27 14 15
10 3 18 20 4 22 5 24 7 25 10 12
13 4 1 20 3 5 21 24 7 26 9 28 13 14 15
11 5 18 3 4 22 21 26 25 28 12 30 29
18 6 1 2 5 8 9 12 13 14 15 18 20 19 22 21 24 26 28 30
11 7 1 3 6 23 26 25 10 27 30 13 16
13 10 2 19 4 5 24 7 9 11 12 30 29 14 15
14 13 1 2 5 7 8 9 12 13 14 20 22 21 23 26
16 14 1 2 4 7 9 10 13 15 16 18 19 22 21 26 27 29
14 15 5 7 8 9 10 11 13 15 16 18 19 22 24 23
17 18 2 3 4 8 9 10 11 12 13 14 15 19 24 25 28 27 29
18 21 3 4 6 7 9 11 13 14 15 16 18 20 19 22 24 26 25 27
20 24 3 5 7 9 10 12 13 14 15 16 18 20 22 21 24 23 26 25 27 30
14 23 1 3 6 8 11 13 15 18 19 22 21 23 30 29
14 25 18 1 20 3 5 6 7 23 26 25 11 29 15 16
16 28 18 1 2 20 3 19 4 22 7 26 25 28 27 30 14 16
12 27 18 1 20 3 19 4 23 25 11 13 29 14
18 675
12 4 1 4 5 6 8 28 11 27 13 29 14 15
14 6 1 20 19 22 5 24 8 9 25 28 27 12 30 29
11 10 2 20 23 26 9 25 12 30 13 29 14
16 11 2 3 4 5 9 10 11 14 16 17 20 24 23 26 28 27
13 13 20 4 21 6 24 26 25 10 11 12 13 29 16
13 14 17 2 19 4 6 24 7 8 9 25 27 12 29
20 15 2 5 7 8 9 10 11 12 13 14 15 16 20 19 24 26 25 28 27 29
18 17 1 3 4 5 7 8 9 10 11 14 15 16 17 19 22 24 23 30
17 20 2 3 7 9 14 15 16 20 19 22 21 23 26 25 28 27 29
14 22 3 4 7 8 9 11 12 16 17 20 22 21 24 23
21 21 1 2 3 4 5 7 8 9 11 12 13 15 16 17 19 22 21 24 28 27 29
13 24 1 3 19 5 21 6 7 8 26 9 10 30 29
16 23 2 3 6 7 8 9 14 19 22 21 24 23 26 25 30 29
17 26 1 2 3 5 6 8 9 12 13 14 15 16 20 21 24 26 25
19 25 3 4 7 8 9 10 11 13 15 16 20 22 24 23 26 25 28 27 30
14 28 3 6 7 9 14 16 17 19 21 24 23 26 25 28
14 27 1 2 3 5 7 8 9 12 13 19 22 21 26 30
13 29 17 20 19 4 24 23 8 25 27 13 14 15 16
12 663
16 18 3 4 6 8 9 10 11 13 17 22 23 26 25 27 30 29
12 1 18 22 24 7 9 25 28 11 27 29 14 15
14 17 1 2 3 6 8 11 16 18 17 21 23 26 28 29
17 20 1 3 4 5 6 9 10 11 13 14 16 18 17 20 22 26 25
11 4 3 4 22 8 26 28 11 12 30 14 16
15 6 2 3 6 9 11 12 13 14 15 18 20 24 23 26 30
11 24 2 3 5 24 7 8 11 27 30 13 15
14 7 1 4 5 7 10 11 13 14 22 21 24 25 28 27
14 10 1 12 13 14 20 22 21 24 23 25 28 27 30 29
13 28 18 1 20 4 22 21 6 7 25 28 13 29 15
17 27 3 5 6 9 11 12 13 14 16 18 17 20 22 21 24 30 29
14 14 18 1 2 20 5 21 6 23 8 9 25 28 30 15
16 925
15 2 2 3 6 8 10 11 12 15 16 17 21 25 28 27 29
13 4 18 3 19 22 5 6 23 25 10 28 13 15 16
17 7 1 2 3 4 5 8 9 10 11 12 15 18 21 24 25 30 29
15 8 2 7 9 10 11 12 13 14 15 17 19 21 24 23 25
15 9 1 2 7 9 12 13 14 18 19 22 21 26 25 27 29
17 15 1 2 3 4 5 6 8 9 11 16 18 17 22 21 23 25 28
15 16 1 2 5 7 9 10 11 13 16 18 17 22 24 25 30
12 18 1 17 3 4 5 7 9 10 12 30 13 14
15 19 1 2 3 4 5 6 7 9 10 14 15 19 21 24 23
13 22 2 9 10 11 12 13 14 15 16 18 21 23 29
17 21 1 4 5 7 8 9 12 14 15 18 17 19 22 21 23 26 28
8 23 3 19 7 23 8 26 10 27
14 26 1 5 8 9 11 12 15 18 19 22 21 23 27 29
17 28 1 3 4 5 6 7 12 13 14 15 16 18 17 21 23 30 29
15 27 3 4 5 6 8 9 10 13 14 15 16 22 21 24 26
13 30 1 2 3 5 9 11 12 13 14 16 18 21 30
15 702
20 3 1 2 3 4 6 9 11 13 14 15 17 20 19 24 23 26 25 28 27 29
10 5 17 2 20 4 5 23 9 25 10 13
15 6 2 4 8 9 11 12 16 18 20 22 24 23 26 25 29
13 8 2 4 5 6 8 10 11 12 15 18 19 23 28
20 9 1 2 5 6 7 11 12 13 16 17 20 19 22 24 23 26 25 28 30 29
14 11 18 1 20 3 22 24 7 9 25 28 11 12 30 29
10 12 1 20 19 4 5 23 26 25 12 13
13 18 6 7 9 11 12 13 15 20 24 23 26 27 30
15 17 1 4 5 9 10 12 13 16 17 20 19 22 24 30 29
13 22 18 1 17 2 20 22 6 24 7 8 25 13 29
18 23 1 3 4 5 6 7 11 12 14 15 16 18 17 19 24 25 27 29
15 25 1 4 5 7 8 10 11 12 14 18 19 24 23 26 25
13 28 17 2 20 5 24 23 26 9 25 28 30 14 15
15 27 2 4 6 7 10 12 13 18 20 24 23 26 25 27 29
10 29 4 22 6 24 9 25 28 29 14 15
15 181
16 1 2 3 4 5 7 8 10 11 13 15 18 19 21 24 23 25
12 3 18 1 2 20 5 6 26 25 27 12 29 16
12 7 1 17 3 4 23 26 25 27 12 30 29 14
14 8 3 5 9 10 11 14 15 16 17 19 21 25 28 27
13 10 2 20 3 21 6 24 23 8 26 11 12 13 16
12 11 18 1 3 5 21 6 7 26 25 28 12 29
12 12 2 19 4 5 6 24 8 26 9 10 13 15
18 15 2 3 7 9 11 12 13 14 15 16 18 20 19 24 23 25 30 29
20 16 1 2 3 4 5 6 7 8 11 12 13 18 20 19 21 24 26 25 27 30
15 18 1 4 9 10 11 16 17 20 19 21 24 23 26 30 29
18 21 3 4 6 7 8 9 12 13 15 16 18 17 20 21 25 28 27 29
16 23 1 2 6 7 8 9 11 12 13 14 15 19 26 28 27 30
11 26 18 1 17 20 4 8 26 9 10 14 16
14 25 18 1 17 20 3 19 21 24 26 25 27 30 14 15
17 27 3 4 6 7 11 12 13 16 18 19 21 24 23 26 25 28 30
17 839
12 1 18 17 4 24 7 9 25 10 11 29 15 16
18 2 1 3 6 7 8 10 11 16 18 20 19 22 21 24 26 25 28 29
20 3 2 3 5 7 8 9 10 11 12 13 14 15 20 19 24 26 28 27 30 29
14 5 1 2 5 7 9 11 13 14 16 18 17 20 19 30
14 7 1 4 5 8 12 13 14 15 16 18 26 28 30 29
13 10 1 4 22 6 24 7 26 9 25 11 30 29 16
18 11 2 5 6 7 9 10 11 12 15 16 18 17 20 22 26 25 27 30
15 13 2 3 6 9 10 12 14 15 16 19 22 26 25 28 29
13 16 4 5 6 7 8 13 16 17 20 22 24 25 30
13 18 2 3 4 8 9 10 13 14 15 19 26 27 30
12 17 1 19 24 7 8 26 28 27 30 13 29 16
16 20 1 4 8 10 11 12 13 14 16 18 20 19 24 26 25 28
20 19 1 3 4 6 7 11 13 14 15 18 17 20 19 22 21 24 26 25 28 29
15 22 1 2 3 4 5 6 8 10 13 18 17 26 25 30 29
12 24 18 17 2 22 21 24 8 9 11 27 29 14
13 25 20 3 4 22 21 6 24 7 8 9 25 29 15
16 28 1 3 4 5 8 9 11 15 16 18 17 19 21 28 27 30
18 655
13 1 3 4 7 13 15 16 17 20 19 22 28 27 30
12 3 18 1 3 4 5 21 8 26 25 10 28 30
21 7 2 3 4 5 7 8 10 11 12 14 15 16 17 21 23 26 25 28 27 30 29
17 8 2 3 6 7 8 9 13 16 19 22 21 23 26 28 27 30 29
17 9 2 5 7 8 10 11 12 13 15 16 18 22 23 25 28 27 29
13 10 17 2 20 22 6 7 23 26 9 27 14 15 16
14 11 7 9 10 12 14 18 20 19 22 23 28 27 30 29
14 12 4 6 7 8 9 13 17 20 23 26 25 27 30 29
11 13 18 1 3 19 4 21 6 23 28 11 14
18 14 1 2 3 4 5 6 7 9 10 12 15 18 20 21 26 28 27 30
15 15 2 3 8 9 10 12 14 18 20 22 21 26 28 27 29
15 20 2 4 7 8 12 13 14 16 18 19 21 26 28 27 29
15 19 4 6 8 9 10 12 13 14 18 20 23 26 28 27 30
13 22 2 3 5 6 23 26 9 25 28 11 27 13 29
13 21 6 7 8 9 11 12 15 16 18 22 21 26 28
11 26 19 4 5 7 26 9 25 11 13 15 16
16 25 3 4 6 7 9 10 12 14 15 17 22 23 26 25 30 29
19 28 1 2 3 4 5 6 7 10 11 12 13 14 15 18 17 19 21 25 30
15 118
13 18 5 6 10 11 13 14 18 17 20 22 23 30 29
17 17 1 2 4 7 8 10 12 13 15 16 18 20 21 24 23 26 29
12 3 1 17 3 19 7 8 28 11 27 30 14 16
18 4 4 5 6 8 13 14 15 17 20 19 22 21 23 26 28 27 30 29
11 22 20 3 5 6 24 7 8 26 30 14 15
14 21 1 2 7 14 16 17 20 19 22 24 23 26 28 29
17 6 1 2 3 4 6 7 8 9 12 13 15 20 19 23 28 30 29
10 7 19 5 6 24 8 9 28 27 30 13
15 23 1 2 3 5 6 9 11 12 13 16 17 20 23 28 27
11 26 18 17 2 20 22 24 7 8 10 11 15
15 10 3 4 7 9 11 12 14 16 18 20 19 22 28 27 29
16 12 2 3 6 7 9 10 12 15 18 20 19 22 24 23 28 29
15 13 2 5 6 8 11 13 16 17 21 24 23 26 28 27 30
15 29 8 9 10 11 14 15 20 19 22 24 26 28 27 30 29
10 16 17 19 4 22 8 26 9 10 11 27
17 141
12 1 18 1 17 20 3 19 22 6 9 10 12 16
19 2 4 5 6 7 8 10 11 12 13 14 16 18 17 20 21 23 25 30 29
17 4 1 2 5 6 10 11 16 18 17 20 22 21 25 28 27 30 29
14 6 3 7 8 13 20 19 22 21 24 23 28 27 30 29
14 9 18 20 3 4 22 5 24 25 11 27 30 14 15 16
15 12 1 2 4 6 8 10 14 16 17 22 21 23 25 27 29
16 13 3 5 7 8 10 11 14 15 17 20 19 21 24 25 28 29
10 14 17 4 22 5 6 23 8 29 14 15
16 18 4 5 8 9 12 14 15 16 18 17 19 22 23 28 30 29
12 20 17 20 3 19 5 24 9 10 28 12 29 16
12 22 17 2 3 19 4 22 8 28 12 29 14 16
16 21 1 2 3 4 8 9 10 11 14 15 16 20 19 25 27 30
15 24 2 3 5 6 10 12 14 15 16 19 21 24 23 28 29
17 23 1 2 4 5 8 11 12 13 18 17 20 19 24 25 27 30 29
16 27 1 3 4 5 7 8 9 11 14 15 16 18 24 25 28 30
14 30 18 1 2 19 5 23 9 25 28 11 12 30 29 16
16 29 1 2 3 4 7 10 13 15 18 17 19 22 21 25 28 30
15 77
12 2 17 2 19 22 24 7 23 25 10 12 29 14
15 3 2 3 5 6 7 8 10 14 18 19 22 24 23 26 25
17 5 1 2 3 5 6 7 8 9 10 11 13 17 19 21 23 25 29
16 9 4 7 8 10 14 15 17 20 19 22 21 24 23 25 28 29
12 11 1 17 2 4 24 25 10 28 11 30 29 16
12 12 2 3 4 22 21 6 23 8 26 28 12 13
14 15 18 17 2 20 3 19 22 6 7 9 30 29 15 16
15 18 1 17 2 20 3 4 5 21 7 23 9 25 13 15 16
16 22 3 4 5 6 7 9 11 14 15 16 18 17 20 19 21 26
18 21 2 3 4 7 8 9 10 11 12 13 16 17 20 24 23 25 28 30
12 24 1 17 2 20 5 6 8 26 25 30 14 16
14 23 18 1 2 19 4 22 21 6 7 23 9 28 30 15
15 28 5 6 7 8 9 11 12 15 16 18 17 19 22 28 30
14 30 1 2 4 8 13 15 18 20 22 24 23 28 30 29
17 29 2 4 6 8 10 11 12 15 18 17 20 22 24 23 25 28 30
18 845
14 1 1 2 4 5 7 10 14 15 16 18 19 24 30 29
14 3 18 17 20 19 22 5 21 6 23 9 12 30 15 16
17 4 1 4 6 7 8 10 11 12 14 15 20 19 22 21 23 26 29
12 5 17 20 19 22 5 26 9 25 10 11 12 29
14 7 1 3 4 6 7 8 13 15 18 20 19 22 21 30
20 10 2 4 7 8 10 11 12 14 15 16 20 19 22 24 23 26 25 27 30 29
11 11 17 2 22 21 7 23 8 9 11 12 14
14 12 2 3 7 11 12 13 15 18 17 20 21 26 27 29
15 14 1 2 7 8 9 11 12 14 18 17 19 23 27 30 29
16 15 3 4 7 8 9 10 11 13 14 17 20 19 24 25 30 29
12 16 18 17 20 19 22 21 6 25 10 13 29 16
15 17 1 2 3 5 8 9 11 14 15 16 20 19 21 26 30
17 20 1 4 5 6 7 8 9 11 12 15 17 20 21 24 23 27 30
16 22 5 8 10 11 13 14 15 16 18 17 20 19 21 24 25 30
12 21 20 3 21 23 8 9 25 10 27 14 15 16
15 23 17 2 19 5 24 23 8 26 25 11 12 13 29 15 16
13 25 3 12 13 14 17 20 22 21 24 26 25 27 29
16 27 1 3 4 5 8 9 10 11 16 18 17 22 24 26 30 29
13 197
13 2 1 2 3 4 5 7 11 12 14 21 26 25 28
14 20 1 3 4 6 10 11 12 15 18 17 21 23 25 28
12 19 1 3 5 21 8 9 28 11 27 12 13 14
12 5 18 2 20 3 5 7 26 10 12 30 13 15
17 21 1 2 3 4 5 7 9 14 16 17 20 19 21 26 28 27 30
17 24 1 2 3 4 9 10 13 18 20 22 21 24 23 26 25 28 27
13 8 4 5 6 8 9 10 14 18 19 22 21 24 25
14 9 1 2 4 6 7 8 9 13 14 16 21 24 23 30
18 25 1 3 4 6 7 9 11 14 15 18 17 20 22 23 26 25 27 30
13 28 3 4 7 9 10 13 14 18 17 21 26 28 30
14 12 1 17 3 4 5 6 7 8 9 10 11 12 13 16
11 30 20 19 4 22 5 7 10 28 27 14 15
12 15 1 17 2 20 19 22 6 24 28 14 15 16
14 101
14 1 3 5 7 8 10 11 15 16 18 19 21 23 28 29
18 2 2 3 4 5 9 10 12 14 15 16 20 19 22 21 24 26 25 27
16 6 1 3 5 6 7 9 10 11 12 13 16 19 22 21 28 27
16 7 1 2 3 5 7 8 9 12 13 14 20 22 21 24 26 27
8 10 2 21 7 25 10 28 12 29
16 13 1 6 10 11 12 13 15 16 18 19 22 24 26 25 28 29
15 14 1 3 5 6 8 9 13 14 18 20 21 24 28 27 29
14 16 1 2 4 5 9 15 16 18 17 21 23 26 25 28
20 18 1 2 5 7 8 9 10 11 13 14 15 16 18 20 22 21 24 23 26 29
9 20 1 3 19 22 5 24 23 26 25
16 23 1 3 6 10 11 14 15 16 18 17 20 22 26 28 27 29
14 25 2 3 4 5 8 12 14 15 24 23 26 25 28 29
18 27 3 4 6 7 9 11 12 18 17 20 22 24 23 26 25 28 27 29
10 29 18 1 19 10 28 11 27 12 14 15
