30
13 180
15 3 2 8 9 10 12 13 18 17 20 19 24 23 26 25 30
16 5 2 3 5 7 9 10 12 13 14 17 19 22 21 23 26 30
16 6 3 4 6 7 9 12 13 14 15 18 22 21 24 26 27 29
22 7 2 4 5 6 7 8 9 10 11 12 15 16 18 17 20 19 21 24 26 25 28 30
20 10 2 4 6 7 9 10 11 12 13 14 15 16 17 19 22 24 26 28 27 30
16 14 2 3 5 10 11 13 15 16 17 19 22 21 24 23 28 27
15 15 2 3 4 6 8 9 13 14 15 19 21 26 25 28 27
18 17 4 7 8 9 10 11 12 14 17 20 19 22 24 26 25 27 30 29
16 19 3 4 5 6 7 8 9 14 18 17 22 23 25 28 30 29
21 25 2 3 5 6 7 8 9 10 11 13 15 18 17 20 19 21 24 23 26 28 30
20 28 2 3 5 6 7 8 9 10 11 12 14 18 19 24 23 26 25 28 30 29
22 27 2 3 4 5 6 7 8 9 11 12 13 14 15 16 17 20 19 21 24 25 27 29
17 29 3 4 8 9 10 12 15 16 18 17 20 19 22 24 23 30 29
14 44
17 9 1 4 5 9 13 15 18 20 19 22 24 23 26 25 28 27 29
15 10 1 4 5 7 8 10 12 13 15 16 17 21 23 25 28
22 11 1 5 6 7 8 9 11 12 13 14 15 18 17 20 19 22 23 26 25 27 30 29
13 14 18 1 17 19 4 21 7 23 8 10 28 12 29
18 15 1 3 4 5 6 7 10 13 14 18 19 22 21 24 23 28 30 29
21 16 3 4 5 6 9 10 11 12 14 15 16 18 20 19 22 21 23 26 27 30 29
16 18 3 4 5 8 9 12 13 16 18 17 19 21 26 28 27 29
17 20 1 3 6 9 10 13 16 17 20 19 22 21 23 25 28 30 29
18 19 3 7 8 9 10 11 12 13 15 16 18 22 21 23 26 25 28 27
12 22 18 1 17 3 4 6 8 10 28 13 29 15
12 21 1 17 20 3 4 23 26 28 11 27 12 16
18 23 1 3 5 7 9 10 12 13 14 15 16 19 22 21 24 25 27 30
14 26 1 3 4 8 13 16 18 20 22 23 26 28 30 29
17 29 3 4 6 8 10 11 14 16 18 19 21 24 23 26 28 30 29
8 442
16 1 1 4 5 6 7 11 13 14 15 18 17 19 24 25 30 29
13 17 1 17 20 19 4 21 24 9 10 28 27 29 15
19 2 1 4 5 7 8 11 13 14 16 18 17 20 22 24 23 25 28 27 29
15 20 1 4 7 9 10 12 13 14 17 20 19 22 23 26 25
18 24 4 5 6 7 8 10 11 12 13 14 15 16 18 17 19 21 24 27
17 9 1 8 10 13 14 16 18 20 19 21 24 23 26 25 28 27 30
22 11 1 4 5 6 8 9 10 12 13 14 15 18 17 20 19 21 24 23 26 25 28 30
18 15 1 2 5 6 7 8 10 12 13 18 19 22 21 23 28 27 30 29
6 883
18 18 1 6 7 8 10 12 13 14 16 19 21 24 23 25 28 27 30 29
16 2 1 2 5 10 12 13 15 18 17 20 19 22 21 24 25 30
19 7 1 2 3 5 6 7 9 10 12 14 15 16 20 22 24 23 28 27 29
19 27 3 5 7 9 13 14 15 16 18 20 19 22 21 24 26 25 27 30 29
15 14 3 5 6 7 10 11 13 14 17 22 21 25 28 27 30
16 15 1 2 7 8 10 12 14 18 17 24 23 26 25 28 27 30
12 708
19 1 1 2 6 7 8 9 10 11 12 13 14 15 20 21 24 26 25 27 30
14 17 2 3 4 8 9 11 12 15 18 17 21 26 28 29
11 20 1 17 3 6 23 8 26 11 12 15 16
17 7 1 2 3 8 9 11 15 16 17 20 19 21 23 26 27 30 29
21 23 1 2 3 4 7 8 9 10 12 16 18 20 19 21 23 26 25 28 27 30 29
19 8 3 4 6 7 8 9 10 11 13 14 18 20 21 24 23 26 25 30 29
22 9 1 3 4 6 7 8 9 10 11 12 13 14 15 17 20 19 22 21 24 25 28 30
19 25 1 2 3 6 8 9 11 12 13 14 16 18 20 22 24 23 25 30 29
12 28 17 2 3 19 4 21 6 9 25 11 15 16
19 11 2 3 6 8 9 10 11 12 13 14 15 17 20 19 24 25 28 27 30
17 27 1 4 6 9 10 11 12 14 16 18 17 19 21 23 27 30 29
16 16 3 4 6 8 11 14 15 18 20 22 21 24 23 27 30 29
10 239
17 2 1 4 7 8 9 10 11 12 14 18 22 21 23 28 27 30 29
18 19 1 2 5 7 8 10 12 13 14 16 17 20 19 21 26 25 30 29
18 7 1 2 3 7 9 10 11 12 13 14 16 18 20 19 24 23 25 30
17 26 4 5 7 8 9 10 11 12 13 14 15 16 17 19 23 25 29
20 10 1 2 3 7 8 9 10 11 13 14 15 16 18 20 19 24 26 25 27 29
16 28 4 5 8 11 12 13 14 18 19 21 24 23 26 28 30 29
16 12 1 2 4 7 9 10 11 13 14 15 16 17 19 22 21 24
17 13 1 3 4 5 9 10 12 14 16 18 17 20 19 23 26 28 29
13 29 1 4 7 9 13 14 15 18 19 25 28 27 30
19 16 1 3 4 5 9 10 11 12 13 15 16 18 20 19 22 24 23 28 27
13 646
17 1 1 4 5 8 9 11 12 13 14 16 17 20 19 21 26 25 29
18 2 1 2 3 4 5 6 9 11 14 16 18 19 21 24 23 28 27 30
19 6 1 2 4 6 10 11 12 13 14 15 16 17 19 24 23 26 28 27 30
18 9 1 2 3 6 11 12 13 15 16 18 19 22 21 24 23 26 25 30
16 10 3 4 8 9 11 13 16 18 17 20 19 23 26 28 30 29
16 12 1 3 8 13 14 15 16 18 17 19 22 21 26 25 27 29
18 14 2 4 5 6 8 10 11 12 13 16 18 19 22 21 24 25 30 29
21 15 1 2 4 6 10 11 13 14 15 16 18 17 20 19 22 21 23 26 28 27 30
19 18 2 5 6 8 9 10 11 14 15 16 18 20 19 22 24 23 25 27 29
20 21 1 2 3 4 5 8 10 12 14 16 18 17 20 19 21 24 23 28 27 30
14 24 1 2 3 4 6 10 11 13 18 20 22 24 25 30
20 23 1 2 4 5 6 10 11 14 15 16 17 20 19 22 21 26 25 28 27 30
16 27 2 3 4 10 12 13 14 16 17 20 19 22 24 27 30 29
15 980
17 1 1 5 6 7 9 11 12 14 15 22 21 23 26 25 28 27 29
20 4 1 2 4 5 6 9 11 13 14 15 18 17 19 22 21 23 25 28 27 30
17 6 1 2 3 5 7 9 10 15 18 20 21 24 26 25 28 27 29
19 7 2 4 6 7 9 10 12 13 15 16 18 19 22 24 23 26 25 30 29
17 9 1 2 4 5 9 11 12 15 18 17 20 21 24 26 25 28 27
12 11 18 1 17 19 22 5 21 7 9 11 29 15
17 12 1 4 6 9 10 11 12 13 14 15 18 20 19 22 23 26 30
17 13 1 3 4 5 6 7 10 11 16 18 20 19 26 28 27 30 29
17 14 1 2 3 4 5 6 10 12 16 18 17 20 22 21 23 30 29
15 16 1 4 5 6 7 9 12 13 15 19 23 26 28 30 29
18 17 1 3 4 7 11 13 14 16 18 17 20 22 21 23 26 28 30 29
14 24 2 3 4 11 12 14 17 20 22 21 23 28 27 30
19 28 1 2 5 6 10 11 13 14 16 18 17 19 22 21 26 28 27 30 29
19 30 1 4 5 7 10 11 13 15 18 17 20 19 22 21 24 26 25 28 30
13 29 18 2 20 3 19 4 22 21 7 23 10 11 14
11 588
20 1 2 3 6 8 10 11 13 14 15 16 17 20 19 22 21 23 26 25 28 29
12 2 18 19 5 21 24 23 25 10 11 30 29 16
18 22 1 4 5 6 7 10 13 15 16 18 17 19 21 24 23 26 30 29
15 6 18 2 20 19 4 6 24 23 8 26 25 28 13 29 16
20 24 3 5 6 8 11 13 15 16 17 20 19 22 21 24 23 26 25 28 30 29
16 7 1 17 2 20 3 22 21 7 23 26 25 11 27 14 15 16
20 8 1 2 3 4 6 7 12 13 14 16 18 17 20 19 24 23 25 27 30 29
17 10 1 3 4 7 8 10 11 13 18 17 19 22 21 26 25 27 30
15 28 1 3 4 10 11 12 13 14 16 17 20 24 25 30 29
17 30 3 5 6 7 10 12 13 15 16 18 22 21 24 23 25 28 30
19 13 1 2 3 5 6 7 8 12 13 14 16 17 22 21 23 26 25 30 29
13 748
17 17 1 2 3 4 5 6 8 9 11 12 15 20 19 24 26 25 27
17 19 2 3 4 5 7 11 12 13 17 19 22 23 26 25 28 30 29
14 6 1 3 5 6 9 12 13 15 16 21 23 25 27 30
14 24 2 4 6 12 14 16 17 19 21 26 25 28 30 29
16 7 2 3 4 5 6 7 9 16 20 24 23 26 25 28 27 29
17 23 1 3 4 6 8 9 11 13 14 15 16 19 21 23 28 30 29
14 8 18 1 17 3 19 22 21 6 24 23 25 30 29 16
15 25 1 3 8 9 14 18 20 19 22 21 23 25 28 30 29
15 12 2 3 4 5 7 8 11 14 15 17 20 19 28 27 30
20 30 3 4 5 7 8 9 11 12 13 15 16 18 19 22 21 26 25 28 30 29
15 14 2 3 4 11 12 13 15 17 19 22 21 24 23 26 30
14 15 2 9 11 12 13 14 16 18 17 19 21 26 25 29
20 16 2 3 4 5 6 8 9 11 12 16 18 20 19 21 23 26 28 27 30 29
7 845
18 17 1 2 3 4 5 7 9 10 13 15 18 19 22 21 24 25 28 30
16 6 1 2 3 6 12 14 15 18 17 19 22 26 25 28 27 30
19 24 1 2 3 5 7 8 9 13 14 15 16 18 17 20 19 22 24 28 27
19 7 1 2 3 4 5 7 8 9 12 13 14 15 16 18 20 22 23 25 30
14 23 1 2 3 7 8 9 12 14 17 23 26 25 28 27
16 8 2 3 4 5 6 7 10 15 16 17 20 19 22 24 23 29
18 26 1 2 3 4 8 10 12 13 14 16 17 20 19 21 26 25 30 29
11 352
19 1 1 4 5 6 7 8 9 10 13 14 17 22 21 23 26 25 27 30 29
19 2 2 3 5 6 8 9 10 11 14 15 17 19 21 24 23 26 28 27 29
17 20 4 5 6 10 11 15 16 18 17 20 19 24 26 25 28 27 30
24 3 1 2 3 4 5 6 7 8 9 14 15 18 17 20 22 21 24 23 26 25 28 27 30 29
18 19 2 4 5 6 8 9 10 14 15 16 18 19 22 21 26 25 27 30
19 8 1 3 4 5 6 8 9 14 15 18 17 20 19 22 21 23 25 27 29
21 10 2 3 5 7 9 10 14 15 16 18 17 20 22 21 24 23 26 25 28 27 29
17 27 1 17 2 22 5 21 6 24 23 26 25 28 27 13 14 15 16
12 29 1 2 20 5 21 24 7 23 8 25 30 13
11 14 1 17 3 19 5 21 6 27 30 15 16
21 15 1 2 3 4 7 8 9 10 16 17 20 19 22 21 24 23 25 28 27 30 29
11 400
16 18 2 3 4 5 9 11 12 16 18 20 21 24 23 25 28 29
18 2 1 2 3 5 6 8 10 11 12 14 15 20 19 21 24 23 30 29
19 3 2 3 5 6 7 8 9 10 11 12 16 17 20 22 24 23 28 30 29
19 4 1 2 4 5 8 10 11 12 14 15 16 18 17 20 19 22 21 23 30
18 22 2 3 5 7 8 9 10 11 12 14 16 18 17 19 22 21 28 27
19 6 1 2 5 7 9 10 11 12 16 17 20 22 24 23 26 25 28 27 30
17 24 1 2 3 7 8 12 15 16 17 20 19 21 23 25 28 27 29
15 7 1 3 4 6 8 11 12 14 15 16 17 22 21 24 27
16 26 1 6 7 8 9 10 11 12 15 16 17 20 22 24 23 27
21 30 2 3 5 6 7 9 11 14 15 16 17 20 19 22 24 23 26 25 28 27 29
16 14 1 2 3 6 7 9 12 15 16 17 20 22 23 25 27 29
13 362
17 1 1 3 4 5 6 7 8 12 16 17 19 21 24 23 26 25 29
15 3 3 4 5 6 7 8 9 11 12 13 15 17 21 26 28
19 4 1 4 6 8 9 10 11 12 13 15 16 17 20 19 22 21 24 28 27
17 22 1 2 3 7 10 11 13 15 16 18 20 21 24 26 28 30 29
17 7 1 2 6 7 10 11 12 13 16 17 20 19 24 23 26 28 27
17 23 1 2 3 4 6 7 11 15 16 20 19 22 21 23 28 30 29
20 8 1 2 3 4 6 7 8 9 10 11 13 15 16 18 17 20 22 21 28 27
17 25 2 6 8 9 12 13 16 18 17 20 22 21 24 25 27 30 29
19 28 2 4 6 7 8 9 12 13 15 18 20 19 22 24 23 26 27 30 29
22 12 2 3 4 6 8 9 10 13 15 16 18 17 20 19 21 24 23 26 28 27 30 29
14 30 1 3 4 5 7 11 13 17 19 21 23 28 27 30
15 29 1 4 5 8 10 12 13 15 16 20 22 21 24 23 29
15 16 5 7 9 10 11 12 16 17 20 19 23 26 25 30 29
10 325
18 18 1 2 3 4 5 7 10 11 12 14 16 18 19 21 26 25 28 30
13 17 3 4 7 9 10 12 13 14 17 20 23 27 29
17 3 3 4 7 8 10 11 12 13 14 18 17 20 26 25 27 30 29
19 22 1 2 3 5 6 7 8 9 10 11 13 14 16 19 22 21 24 23 29
17 24 1 3 4 6 7 8 9 12 13 14 16 20 19 22 23 26 30
14 23 18 1 2 20 5 7 23 26 10 28 12 30 29 16
16 9 3 5 6 7 9 13 14 16 18 17 20 19 21 24 26 29
12 10 1 20 3 19 24 8 26 10 28 11 12 14
18 11 3 4 5 6 7 8 9 10 11 12 14 16 17 19 21 23 26 28
17 16 1 9 10 11 12 13 14 19 22 24 23 26 25 28 27 30 29
10 254
15 3 3 4 5 6 8 9 11 13 15 18 19 23 26 28 30
20 19 1 3 4 5 6 7 8 9 10 12 14 15 20 19 22 24 28 27 30 29
18 21 1 3 4 6 8 9 11 12 14 15 20 22 24 23 25 28 30 29
17 8 1 3 4 6 9 10 11 12 13 14 15 20 19 24 26 27 30
14 25 1 4 7 8 10 12 13 15 18 17 20 19 25 30
13 27 1 3 6 8 9 10 12 14 18 20 21 26 29
20 30 1 2 4 6 7 8 9 10 12 13 14 15 20 19 22 23 26 25 30 29
17 13 2 5 7 9 10 11 12 13 14 15 17 22 21 23 26 25 27
10 14 17 2 22 24 23 8 9 10 28 12
15 15 9 10 11 12 14 15 18 19 22 24 23 26 25 28 29
7 558
19 20 1 2 3 4 5 6 10 11 12 13 14 16 20 21 24 23 25 28 30
20 6 1 2 3 4 7 8 10 11 13 14 15 16 18 20 23 26 25 28 27 30
17 26 1 2 4 6 9 10 11 12 13 14 16 20 19 22 24 28 30
17 9 1 2 3 4 10 11 12 13 15 16 19 21 23 26 25 30 29
16 25 1 2 3 4 5 6 7 8 10 13 16 18 22 23 27 30
15 14 1 3 5 8 10 11 12 13 16 20 19 21 24 23 28
14 15 18 1 20 3 22 5 21 6 9 25 11 27 13 29
9 422
15 1 2 4 5 8 11 12 14 16 20 19 23 26 25 27 29
18 17 2 4 5 7 10 12 13 14 15 17 19 21 24 23 26 27 30 29
19 2 1 3 5 6 9 10 12 14 15 16 17 19 22 21 24 26 25 28 30
17 19 1 3 4 7 8 10 11 12 13 20 19 23 26 25 27 30 29
20 26 2 3 4 5 7 8 9 11 12 13 17 20 19 21 23 25 28 27 30 29
18 28 1 2 3 4 6 7 8 9 11 13 20 21 24 23 26 28 27 29
13 27 17 2 5 21 7 23 26 9 10 28 27 30 16
19 12 1 3 4 7 8 9 10 12 13 14 17 19 22 24 26 25 27 30 29
13 13 20 3 19 22 5 24 26 10 27 30 29 14 16
7 873
22 1 1 2 3 4 5 6 7 8 9 11 12 14 15 20 22 21 26 25 28 27 30 29
19 17 1 2 4 5 9 10 11 12 13 15 18 22 21 23 26 25 28 27 29
16 3 1 4 5 6 7 8 9 11 12 13 15 18 17 21 25 28
17 5 1 2 4 5 6 8 9 10 13 14 15 18 22 23 28 27 30
13 21 20 3 4 22 5 21 6 25 28 27 12 14 16
18 24 1 2 3 4 5 6 10 11 14 15 16 21 24 23 25 28 30 29
20 12 1 2 4 5 6 7 8 9 13 15 16 18 17 20 22 24 23 27 30 29
13 446
13 2 6 7 8 9 11 13 15 16 18 19 21 24 30
17 5 1 2 4 5 6 7 8 9 11 12 14 16 21 24 23 26 29
23 7 1 2 3 4 6 7 8 9 11 12 13 14 15 16 18 17 19 22 21 23 26 25 27
20 8 2 3 4 5 6 7 9 10 13 14 15 17 19 22 21 23 26 27 30 29
19 9 1 4 5 7 8 10 12 13 14 16 18 17 19 22 24 26 28 27 29
18 13 4 6 7 11 13 14 15 16 18 17 19 21 24 23 25 28 30 29
19 15 3 5 6 8 10 11 12 13 15 16 18 19 22 21 25 28 27 30 29
19 16 1 5 6 9 11 12 13 14 15 16 17 19 22 21 24 23 25 27 29
22 22 2 3 4 5 7 8 9 10 11 13 14 15 17 22 21 24 23 25 28 27 30 29
18 21 1 2 3 6 7 8 9 12 14 15 16 18 17 24 23 26 25 29
17 24 2 4 5 7 10 11 13 15 19 21 24 23 26 25 28 27 30
21 30 2 3 8 9 10 12 13 15 18 17 19 22 21 24 23 26 25 28 27 30 29
18 29 1 3 4 5 8 9 11 12 13 14 15 16 17 22 24 23 28 30
8 474
12 17 1 17 20 3 19 22 5 30 29 14 15 16
16 3 18 1 2 20 19 4 22 5 23 25 10 28 27 30 29 16
19 23 1 2 4 5 6 7 8 9 10 13 15 16 18 17 20 23 25 30 29
17 25 3 4 10 11 12 15 16 18 17 19 22 24 23 26 28 30 29
17 27 1 2 4 6 8 10 12 18 17 20 22 23 26 25 28 27 29
17 12 2 5 6 7 9 10 11 14 16 18 19 22 24 25 28 27 29
12 14 18 17 2 3 19 5 8 28 27 13 14 16
17 16 1 3 5 6 8 9 13 15 18 17 24 23 26 25 28 27 30
10 552
17 18 1 2 3 4 6 7 8 10 12 17 20 19 21 24 23 26 25
18 19 1 2 4 5 6 7 14 15 16 18 17 19 21 24 26 28 27 30
20 5 1 2 3 5 8 9 10 11 14 15 16 17 20 19 24 25 28 27 30 29
15 7 1 2 3 4 5 8 10 14 18 20 19 21 23 26 25
16 27 1 3 6 8 10 13 14 17 20 19 21 24 23 25 30 29
16 30 18 2 20 4 21 6 24 8 26 25 10 27 30 29 15 16
15 13 1 2 3 4 6 7 9 10 11 14 15 18 23 25 28
17 29 2 3 4 9 11 14 15 16 18 20 21 24 23 28 27 30 29
19 15 3 4 5 6 8 9 10 11 12 13 14 18 20 19 24 23 25 27 29
17 16 2 5 6 7 10 12 13 16 18 20 21 24 23 26 27 30 29
13 431
18 18 1 2 3 4 5 7 8 9 10 11 12 13 14 16 18 22 25 30
13 1 1 2 3 4 7 9 12 13 15 20 28 27 30
21 17 1 2 4 6 7 8 9 11 12 13 16 18 17 20 19 24 26 25 28 27 29
17 3 1 3 4 5 6 7 9 11 12 13 14 16 17 21 28 27 29
15 5 1 2 4 5 7 8 10 11 15 17 20 19 24 26 28
22 24 1 2 3 4 6 8 9 10 11 13 14 15 18 17 19 22 21 26 25 28 27 30
17 9 1 4 5 6 7 9 10 11 14 16 18 17 21 24 25 28 30
23 25 2 3 4 6 7 9 10 12 13 14 16 18 17 20 19 22 21 24 26 25 27 30 29
19 10 4 7 9 10 11 12 13 16 18 17 20 22 24 26 25 28 27 30 29
20 11 2 5 7 9 10 11 12 13 14 15 16 18 17 20 19 24 26 25 28 29
20 30 2 4 5 6 7 10 14 16 18 17 20 19 22 21 26 25 28 27 30 29
13 29 3 6 10 11 13 14 15 17 20 25 27 30 29
17 16 2 3 4 6 7 9 10 12 13 14 15 18 22 26 25 27 29
11 915
17 19 4 5 7 8 9 10 14 15 16 18 17 19 22 21 26 25 29
21 5 1 4 6 7 9 11 12 13 15 16 17 20 19 22 21 23 26 25 28 27 29
19 6 5 6 7 8 10 11 12 13 14 16 18 17 20 19 21 26 28 27 30
13 7 1 20 22 21 23 26 28 11 27 12 30 29 15
13 8 1 17 20 3 4 22 5 9 25 10 28 30 15
15 9 1 2 3 4 7 9 10 12 14 15 16 22 26 30 29
14 10 1 4 6 7 8 9 11 12 15 18 19 26 25 27
15 28 1 2 7 8 12 13 14 15 17 20 19 21 23 26 28
19 13 4 6 7 8 9 10 13 14 15 16 18 20 19 21 23 26 28 30 29
16 14 3 5 6 9 10 11 12 13 18 20 22 21 26 25 30 29
18 15 1 2 3 5 6 8 9 10 11 12 13 14 18 20 26 28 27 29
9 244
19 18 1 2 8 9 10 11 12 13 15 16 18 17 20 19 22 26 27 30 29
15 20 2 19 4 22 5 21 6 8 10 28 27 12 30 29 16
17 6 3 4 6 8 12 14 16 17 20 19 22 21 24 26 28 27 30
19 8 1 3 4 5 9 10 12 13 15 16 18 20 19 21 24 26 28 30 29
15 28 18 17 20 3 19 22 6 24 23 9 11 27 30 15 16
18 11 2 5 6 7 8 9 10 13 15 18 17 20 19 22 21 23 30 29
17 29 2 3 5 7 8 9 10 11 13 14 18 17 21 23 26 28 27
17 15 1 2 3 5 6 9 12 15 16 18 20 19 22 21 24 23 30
18 16 1 2 3 4 6 7 8 9 11 13 14 15 18 17 20 22 28 27
11 822
17 2 2 3 4 5 6 7 10 12 14 15 18 20 22 24 23 27 29
16 19 1 2 6 8 10 11 12 14 17 20 19 22 21 24 28 27
17 4 1 2 5 8 10 12 13 15 17 20 19 22 21 24 25 28 30
15 22 3 5 7 8 9 10 13 16 18 22 21 23 28 30 29
13 21 18 1 2 19 21 9 10 28 27 12 13 29 15
17 6 1 2 3 4 7 13 14 16 17 20 19 24 23 25 27 30 29
18 23 1 2 4 5 6 7 8 9 10 12 13 14 17 20 19 25 28 27
20 10 1 3 4 5 6 7 8 10 13 14 15 16 17 20 22 21 23 25 27 29
15 11 2 8 9 10 12 13 14 15 20 21 24 25 28 27 29
19 12 2 4 5 6 7 10 11 13 14 15 18 17 19 22 21 24 25 28 30
15 30 2 5 8 9 12 13 14 16 17 20 22 24 23 25 29
11 122
17 1 3 4 5 9 10 11 12 14 15 18 17 19 21 23 25 28 29
25 3 1 2 3 4 5 6 7 8 9 11 12 13 14 16 18 17 20 22 21 24 26 25 28 30 29
19 19 1 2 4 5 6 7 8 9 10 12 15 18 21 24 23 26 25 28 29
18 5 2 6 9 12 14 16 18 17 20 19 22 21 24 23 26 25 28 29
24 7 2 3 4 6 7 8 10 11 12 13 14 15 16 18 20 19 22 21 24 23 26 25 28 29
17 23 3 4 6 7 8 9 11 12 14 16 17 20 22 24 23 28 29
20 26 1 4 6 7 8 9 10 11 14 16 18 17 20 19 22 21 26 25 28 29
13 28 4 7 9 10 11 14 16 17 20 22 24 26 29
15 12 1 2 3 6 9 10 13 15 16 17 20 19 22 25 28
11 30 18 2 20 19 4 24 23 8 26 9 25
19 15 1 2 3 4 7 8 9 10 11 12 13 20 22 21 23 25 28 30 29
13 260
14 18 2 3 4 10 11 13 14 17 20 19 21 24 25 30
18 3 1 2 3 4 5 6 9 10 11 13 15 18 19 22 21 25 30 29
17 19 3 6 7 8 9 10 13 14 15 18 17 19 22 21 24 25 30
18 22 1 2 3 4 5 7 10 11 12 13 18 20 19 22 21 23 25 29
14 24 3 4 6 7 8 10 12 13 15 20 21 23 25 29
15 26 2 4 5 6 9 11 12 14 15 16 18 21 24 23 29
18 25 1 2 3 4 6 7 8 9 10 13 14 18 17 20 26 25 27 30
16 11 18 1 20 3 19 22 5 21 6 24 23 10 27 30 14 16
14 12 2 3 4 5 7 9 11 13 14 18 22 21 24 27
20 13 1 3 4 5 6 9 11 12 13 15 16 18 17 19 22 24 26 25 27 30
18 14 1 4 5 6 9 10 11 14 16 18 17 20 22 21 24 25 30 29
19 15 2 5 7 9 11 12 13 14 15 16 18 17 20 22 21 26 27 30 29
15 16 2 4 6 7 8 10 11 13 15 18 17 24 27 30 29
7 419
16 18 4 5 6 7 8 9 11 12 16 17 20 22 24 23 26 27
20 1 1 4 5 6 7 8 11 13 14 16 17 19 21 24 23 26 25 28 27 30
19 2 1 3 5 6 9 10 12 14 15 16 17 20 22 24 23 25 28 27 30
18 3 3 4 5 6 9 12 14 15 18 17 20 19 24 23 26 25 28 30
14 23 2 4 6 8 9 10 11 16 18 19 22 24 26 30
17 10 1 4 5 8 10 12 14 15 18 20 19 22 24 23 26 27 30
15 28 1 3 6 7 10 12 16 18 21 24 23 26 28 27 30
9 524
20 2 1 2 4 7 8 9 10 12 13 15 18 17 20 22 21 23 26 25 27 29
16 22 3 6 7 8 10 12 16 18 17 19 21 24 23 28 27 29
17 7 1 3 4 5 8 9 10 11 12 15 18 17 20 21 24 25 28
18 23 2 3 5 6 8 13 14 15 16 17 19 22 21 24 23 26 28 27
19 26 2 3 7 8 10 11 12 14 15 18 20 19 22 21 23 26 28 27 29
21 25 1 2 4 5 6 7 8 9 10 11 13 15 18 20 22 21 24 26 25 28 27
16 28 3 4 5 8 9 12 14 15 17 19 21 24 23 25 27 29
16 11 1 4 7 9 11 12 15 16 18 17 19 22 21 23 26 28
16 15 2 3 6 8 11 12 13 14 15 16 17 19 21 24 23 26
