30
8 129
21 17 2 3 4 5 8 10 13 14 15 18 17 20 19 22 24 23 25 28 27 30 29
18 22 3 6 9 11 12 14 15 16 18 17 20 19 21 23 26 25 30 29
22 8 2 4 5 6 7 8 9 10 13 14 15 18 20 19 22 21 24 26 25 28 27 29
25 25 2 3 4 5 6 7 8 10 11 12 13 14 15 16 17 20 19 21 24 23 25 28 27 30 29
23 10 2 3 4 7 8 9 10 11 12 13 14 18 17 20 19 22 21 24 23 26 25 28 27
18 28 2 4 6 8 9 11 12 13 14 15 16 17 20 19 21 24 23 30
20 30 2 3 6 7 8 9 10 11 14 16 18 17 19 22 21 23 26 25 30 29
22 16 2 3 4 6 7 8 9 10 11 12 14 16 18 17 22 21 24 23 26 28 27 30
9 168
17 1 5 6 7 8 10 11 14 15 20 19 21 24 26 28 27 30 29
19 3 3 4 5 7 8 9 10 12 13 14 15 18 20 22 24 26 28 27 29
20 7 3 4 5 7 8 11 14 15 16 18 20 19 22 21 24 26 25 28 27 29
22 9 1 3 4 8 9 10 12 13 14 15 18 17 20 19 22 21 24 26 25 27 30 29
20 25 1 3 5 7 8 9 10 12 13 14 15 16 18 20 19 21 23 27 30 29
14 10 1 3 9 11 13 15 18 20 22 21 24 23 26 28
18 27 1 3 4 5 6 7 8 9 10 13 15 18 20 19 24 26 28 30
25 12 1 3 4 6 7 8 9 10 11 12 13 14 15 16 17 20 19 22 21 24 23 25 28 30 29
21 29 4 6 7 8 10 11 14 15 16 18 17 20 19 21 24 26 25 28 27 30 29
7 192
19 6 1 5 6 7 8 9 10 11 12 13 14 15 17 20 19 22 24 28 29
18 24 2 4 7 8 9 10 11 13 16 18 20 22 21 24 23 26 28 27
16 7 1 2 5 6 7 8 10 12 13 14 15 17 22 23 25 29
20 8 1 2 5 8 11 14 16 18 17 20 19 22 21 24 23 26 25 28 27 30
19 9 1 5 6 8 9 11 12 13 14 18 17 20 19 22 24 26 27 30 29
19 10 1 2 4 5 6 9 10 11 13 14 15 17 21 24 23 28 27 30 29
20 13 1 2 5 6 7 9 10 11 12 13 15 18 17 20 22 21 23 25 28 27
9 36
16 18 6 7 8 11 12 14 16 18 17 19 22 21 25 28 27 30
20 1 1 3 6 7 8 9 10 11 12 13 14 16 18 20 24 23 26 25 28 30
23 19 1 3 5 6 8 9 10 11 12 13 14 15 16 18 20 19 22 21 24 26 25 30 29
21 22 2 3 5 6 8 9 10 11 12 13 14 15 18 17 21 24 23 25 28 27 29
19 6 2 5 7 8 10 12 15 16 18 17 20 19 22 21 23 26 25 28 27
22 26 1 3 5 6 7 10 11 12 13 15 16 18 17 19 22 21 24 23 26 25 27 30
23 12 1 2 3 7 9 10 11 12 13 14 15 16 17 20 19 22 21 24 23 28 27 30 29
23 14 1 2 3 5 7 8 9 10 11 14 15 16 18 17 20 19 22 21 25 28 27 30 29
20 15 1 2 5 9 10 11 12 16 17 19 22 21 24 23 26 25 28 27 30 29
13 99
21 18 1 2 3 4 6 8 9 10 11 13 15 16 18 17 20 24 25 28 27 30 29
24 17 1 2 3 4 6 8 11 12 13 14 15 16 18 17 20 19 21 24 23 25 28 27 30 29
25 21 1 2 3 4 6 7 8 9 10 11 12 13 14 16 18 17 20 19 22 21 26 25 28 27 29
20 6 1 2 3 4 7 8 9 10 11 12 15 16 17 20 21 24 26 27 30 29
19 9 1 2 3 7 8 9 10 14 15 16 18 20 19 21 26 25 28 27 29
23 10 1 2 3 6 7 8 9 10 11 12 14 18 17 19 21 24 23 26 25 28 27 30 29
20 28 2 3 4 6 7 8 9 12 14 15 16 18 20 19 22 21 24 26 25 28
22 11 1 2 3 4 6 8 9 10 11 13 14 15 16 17 19 21 24 23 25 27 30 29
19 12 1 2 7 8 9 10 11 12 13 14 18 17 22 21 24 23 25 28 27
21 30 1 2 4 7 8 9 10 11 13 14 15 16 18 17 19 24 23 25 27 30 29
23 29 1 2 4 7 8 9 10 11 12 14 15 16 18 20 19 22 21 24 23 26 28 27 29
18 14 2 4 6 12 14 15 16 18 17 20 19 24 23 25 28 27 30 29
19 15 1 3 4 8 9 10 11 12 13 15 18 20 19 21 24 26 25 27 29
8 887
20 18 1 2 4 5 7 8 9 10 11 12 13 14 15 16 17 19 26 25 27 29
19 24 1 2 3 4 5 8 11 13 14 15 16 18 17 20 22 26 25 30 29
20 8 1 2 3 7 8 10 11 12 13 17 20 19 22 21 23 26 25 28 27 29
24 9 1 2 3 5 7 8 9 10 11 13 15 16 18 17 20 19 21 24 23 26 25 28 27 29
21 25 1 2 3 4 7 8 9 10 11 13 14 18 17 20 22 23 25 28 27 30 29
23 30 1 2 3 5 7 8 9 10 12 14 15 18 17 20 22 24 23 26 25 28 27 30 29
14 13 1 2 3 4 7 12 15 16 19 21 26 25 27 29
19 15 1 2 4 8 9 11 13 15 18 20 22 21 23 26 25 28 27 30 29
7 617
25 20 1 2 3 4 5 6 8 9 10 11 13 14 15 16 17 20 22 21 24 23 26 25 28 27 30
23 3 3 4 5 6 8 9 10 11 12 13 14 15 18 17 20 19 21 24 23 26 25 27 29
17 22 1 3 4 5 10 14 15 16 17 19 22 24 23 26 25 28 29
23 5 1 2 3 5 6 8 9 10 11 12 13 15 17 20 19 22 21 24 26 25 28 27 30
20 8 2 3 4 5 6 8 10 13 15 16 18 17 20 19 22 21 24 27 30 29
25 9 1 2 3 6 9 10 11 12 13 14 15 16 18 17 20 19 22 21 24 23 25 28 27 30 29
22 15 1 2 3 4 5 6 8 10 11 12 14 15 19 22 21 24 23 26 25 28 30 29
9 375
15 17 4 6 7 10 11 12 13 18 20 22 21 24 26 25 27
21 3 1 3 5 7 9 10 11 12 15 18 17 20 19 22 21 23 26 28 27 30 29
21 22 1 2 3 4 5 6 7 9 10 11 12 13 14 15 18 20 19 22 23 28 30
19 5 1 2 4 6 7 10 11 13 15 16 17 20 21 24 26 25 27 30 29
23 24 1 2 4 7 10 11 12 13 14 15 18 17 20 19 22 21 24 23 26 25 28 27 30
20 28 2 4 6 9 10 11 12 13 16 18 20 19 22 21 24 23 25 28 30 29
18 30 1 2 3 4 7 10 11 12 13 14 15 16 21 24 23 26 27 30
23 29 1 3 4 5 6 7 9 10 11 13 15 16 18 17 20 19 22 21 23 26 25 27 29
15 14 3 4 5 7 10 12 13 14 15 16 20 19 21 24 26
5 743
19 17 1 2 3 4 6 7 10 11 13 14 15 20 23 26 25 28 27 30 29
20 19 1 2 3 4 6 7 10 11 12 13 16 18 17 21 24 26 25 27 30 29
19 6 3 5 7 8 11 12 14 15 16 18 17 19 22 21 24 23 26 27 30
25 8 1 2 3 4 5 6 7 8 11 12 13 15 18 17 19 22 21 24 23 26 25 28 27 30 29
20 16 1 2 3 5 6 7 8 10 11 12 14 15 17 21 24 23 26 25 27 30
13 691
20 4 1 2 3 4 6 7 8 9 11 13 15 16 17 24 23 26 28 27 30 29
20 6 1 2 3 7 8 12 13 14 15 16 18 20 19 21 24 23 25 28 30 29
21 8 1 4 5 6 7 8 9 13 14 15 16 18 19 21 24 23 25 28 27 30 29
22 9 1 2 5 6 7 8 9 11 12 14 16 18 20 19 22 24 23 26 25 28 30 29
22 13 2 3 4 8 9 11 12 13 14 15 18 20 19 22 21 24 26 25 28 27 30 29
22 14 1 4 5 6 7 11 12 13 15 16 18 17 19 22 21 24 23 26 28 27 30 29
21 15 1 4 5 6 7 8 9 11 12 13 14 15 16 20 19 22 21 24 25 30 29
22 18 1 2 3 5 8 9 11 12 13 14 15 18 17 20 22 24 23 25 28 27 30 29
21 17 4 5 6 8 9 11 12 18 17 20 19 22 21 24 23 26 25 28 27 30 29
27 20 1 2 3 4 5 6 7 8 11 12 13 14 15 16 18 17 20 19 22 21 24 23 26 25 28 30 29
18 19 1 2 3 4 5 6 8 12 13 14 15 20 21 23 26 25 28 30
22 26 2 3 4 5 6 7 8 12 13 15 16 18 17 19 22 21 26 25 28 27 30 29
21 29 1 3 4 5 7 9 11 12 13 15 18 17 20 22 21 24 23 25 28 27 29
6 895
25 18 1 2 5 6 7 8 9 10 12 13 14 15 16 18 20 19 22 24 23 26 25 28 27 30 29
21 1 1 2 4 7 8 9 10 12 14 17 20 19 22 21 24 26 25 28 27 30 29
25 17 1 2 3 4 5 6 7 9 10 12 13 15 16 18 17 20 19 21 24 23 25 28 27 30 29
22 3 1 2 3 4 5 6 8 10 12 13 16 18 20 19 22 21 24 23 25 27 30 29
22 5 3 4 5 6 8 9 10 12 13 14 15 16 18 19 22 21 24 23 26 25 28 30
21 23 3 5 6 7 9 10 12 13 15 16 18 20 22 21 24 23 26 28 27 30 29
8 52
21 1 1 2 3 7 8 9 11 13 15 16 18 17 20 19 22 21 24 23 26 25 27
21 17 1 3 5 6 7 8 9 10 11 13 18 17 20 19 22 24 26 25 28 27 30
19 20 2 3 4 10 11 13 14 16 18 17 20 19 22 21 23 28 27 30 29
16 4 3 4 5 6 7 9 10 11 13 16 18 17 19 26 28 27
20 24 2 3 4 5 6 8 11 13 14 15 16 18 20 21 23 26 28 27 30 29
20 26 3 4 5 6 7 9 10 11 13 18 19 22 21 24 23 26 25 28 27 30
19 11 2 3 6 9 10 13 14 18 17 20 19 22 21 23 26 25 27 30 29
18 14 2 3 4 5 6 7 9 10 13 15 16 20 19 23 26 28 27 29
8 201
18 17 1 2 4 5 6 7 8 9 14 15 16 20 22 21 24 26 30 29
17 2 1 3 5 9 10 11 12 14 15 16 20 22 24 23 25 28 29
22 20 1 2 5 6 7 8 9 10 12 14 15 18 17 20 21 23 26 25 28 27 30 29
22 4 1 2 3 4 6 7 9 10 11 14 16 18 17 20 22 21 24 23 28 27 30 29
22 26 3 5 6 7 8 9 10 11 12 15 16 18 17 20 19 22 21 23 25 28 27 29
20 11 1 3 4 5 6 7 8 9 11 14 15 20 19 22 24 23 25 28 27 30
22 27 1 2 3 4 5 6 7 8 11 12 15 18 17 20 19 22 21 23 26 28 27 29
20 15 3 4 5 7 8 11 12 14 16 18 20 19 22 21 23 26 25 28 30 29
7 485
23 1 2 5 6 7 8 9 10 11 12 13 15 16 18 17 20 22 21 24 23 26 25 27 30
14 17 17 2 20 22 5 6 24 23 9 28 27 29 15 16
20 19 2 3 4 5 6 8 10 12 13 15 18 17 20 19 22 21 24 23 27 30
23 4 2 4 6 7 9 11 12 13 15 16 18 17 19 22 21 24 23 26 25 28 27 30 29
18 24 1 2 6 9 13 16 18 20 19 21 24 23 26 25 28 27 30 29
21 13 1 3 6 7 9 11 12 13 15 16 18 17 20 22 24 23 26 25 28 27 29
20 29 1 2 4 5 6 9 10 11 12 13 15 17 22 21 24 23 26 25 27 29
8 434
24 19 1 2 3 4 6 7 8 11 12 13 14 16 18 20 19 22 21 24 23 26 25 28 27 29
17 22 2 6 7 8 9 10 14 16 18 17 20 22 21 23 25 27 30
23 6 1 2 3 4 5 6 9 11 12 13 14 18 17 19 22 21 24 26 25 28 27 30 29
21 7 1 5 6 7 8 9 10 11 12 13 14 16 17 20 19 22 24 23 26 27 30
20 30 1 2 3 4 6 7 9 10 11 12 13 14 16 18 17 22 24 23 30 29
22 13 2 3 4 5 6 8 10 11 12 13 16 17 20 19 22 21 24 26 25 28 30 29
20 29 1 2 3 4 5 6 8 9 10 11 12 14 18 17 20 21 26 25 28 29
17 16 1 2 3 4 7 10 11 14 16 18 17 19 22 21 24 25 30
12 16
15 2 2 4 8 11 12 13 14 18 19 22 21 23 25 27 30
17 20 1 3 5 7 8 9 10 11 12 13 14 19 26 25 28 30 29
26 19 1 2 3 4 5 7 8 9 10 11 12 13 14 15 18 17 20 22 21 24 23 26 25 28 30 29
17 23 1 5 6 7 10 11 13 14 17 20 21 23 26 25 27 30 29
20 26 1 3 4 5 6 7 8 11 12 14 15 18 17 22 21 24 23 27 30 29
22 28 1 2 3 4 5 6 7 8 10 11 12 13 14 15 18 19 24 26 25 28 30 29
16 11 2 3 4 5 7 8 12 14 18 20 19 22 21 24 26 29
18 27 2 3 4 5 7 8 9 11 13 17 20 19 22 24 28 27 30 29
18 12 1 3 4 5 7 8 9 12 18 17 20 19 22 21 24 26 28 27
18 13 1 2 3 4 5 8 9 10 11 12 14 22 21 23 26 28 27 29
21 29 1 2 4 5 6 8 9 11 12 13 14 15 17 20 19 22 24 23 25 27 29
18 15 1 4 7 8 9 11 12 13 14 15 20 19 21 24 26 28 27 29
9 111
22 1 2 4 5 6 7 8 11 12 13 14 15 16 20 19 22 21 23 26 25 28 27 29
24 21 1 2 3 4 5 6 7 8 9 10 11 12 13 14 15 18 20 22 21 24 23 25 28 29
18 7 2 5 6 7 8 9 10 12 18 22 21 24 26 25 28 27 30 29
21 26 1 2 4 5 7 8 9 10 12 13 14 16 18 19 24 23 26 28 27 30 29
23 9 3 6 7 8 9 10 11 12 13 14 15 16 19 22 21 24 23 26 25 28 27 30 29
19 10 1 2 4 7 8 9 10 12 13 16 18 20 21 24 26 28 27 30 29
20 13 1 2 5 6 7 9 11 13 14 15 16 20 19 22 23 25 28 27 30 29
19 14 2 3 5 6 7 8 9 10 13 14 15 16 24 23 26 28 27 30 29
22 15 2 4 6 7 8 9 10 11 12 15 18 20 19 22 21 24 23 26 25 28 30 29
8 106
18 17 2 3 5 6 7 9 12 13 14 16 17 20 19 22 21 24 26 27
23 19 1 2 3 5 6 7 8 10 11 12 13 14 15 16 20 22 21 24 25 28 27 30 29
21 23 1 3 6 7 8 9 10 11 12 13 15 17 19 22 21 24 26 25 28 27 29
24 25 2 3 4 5 6 7 9 10 11 12 13 15 16 20 22 21 24 23 26 25 28 27 30 29
21 27 1 3 5 7 8 9 11 13 14 15 17 20 19 22 24 23 26 25 27 30 29
20 14 2 4 5 7 8 9 10 12 13 14 17 20 22 21 23 26 25 27 30 29
23 15 1 2 4 6 7 8 9 10 11 12 13 15 16 20 19 22 24 23 26 25 28 27 29
20 16 1 2 3 4 5 6 8 9 10 11 14 15 20 19 21 23 26 25 27 29
8 357
18 18 2 3 7 8 10 13 14 15 18 17 20 22 21 26 25 28 30 29
19 17 1 2 3 4 5 7 8 11 13 15 16 18 21 24 23 26 25 30 29
20 4 1 2 6 7 9 11 12 13 14 15 16 18 20 22 21 24 25 28 27 29
26 21 1 2 3 5 6 7 8 9 10 12 13 14 15 16 17 20 22 21 24 23 26 25 28 27 30 29
21 7 1 2 3 5 7 8 10 12 13 14 15 18 17 20 21 24 23 26 27 30 29
19 26 1 2 4 5 6 7 9 10 12 13 14 16 20 24 23 25 28 27 30
22 13 1 2 3 4 6 7 8 9 10 11 12 13 14 18 20 21 23 26 25 28 30 29
21 15 1 2 4 5 6 7 8 9 12 15 16 18 17 20 21 24 23 26 25 28 30
11 947
12 2 17 4 5 21 24 26 10 28 11 27 29 14
21 4 1 2 3 4 5 6 7 8 10 11 12 15 19 21 23 26 25 28 27 30 29
21 5 3 4 5 6 7 8 9 10 11 14 16 18 17 19 22 26 25 28 27 30 29
20 21 1 4 5 6 7 8 9 11 12 14 15 16 18 17 21 26 25 28 30 29
16 6 1 2 3 5 6 8 9 12 13 15 16 22 28 27 30 29
24 24 1 2 3 4 5 6 7 8 10 11 12 13 14 15 18 17 21 24 23 26 25 28 27 30
20 23 2 4 5 6 7 8 9 10 11 12 14 15 16 19 22 21 26 25 28 29
20 10 1 2 3 4 5 6 7 10 12 14 16 18 17 21 23 26 25 28 27 29
20 11 3 4 5 6 7 8 9 10 12 13 14 15 16 18 19 22 24 23 25 28
21 12 5 6 7 9 10 11 13 14 15 16 18 17 19 21 24 23 26 25 28 27 30
22 29 1 3 5 6 7 8 11 12 13 14 15 16 18 19 22 24 26 25 28 27 30 29
6 9
21 2 2 3 4 6 7 9 11 12 13 14 18 17 20 19 22 23 26 25 27 30 29
24 19 1 3 4 6 7 8 9 10 11 12 13 14 15 18 17 20 19 24 23 26 25 27 30 29
19 5 2 3 6 7 8 9 10 11 12 14 15 16 17 19 22 24 26 30 29
21 24 2 3 4 6 7 8 9 14 15 16 18 17 20 19 24 23 26 25 28 27 29
24 10 1 2 3 4 5 6 7 8 9 11 12 14 15 16 18 17 20 19 24 23 25 28 27 29
22 14 1 2 3 4 5 6 8 9 10 11 12 13 14 15 16 18 22 23 26 25 30 29
9 804
21 1 1 2 3 6 7 8 9 10 13 14 15 16 17 20 23 26 25 28 27 30 29
23 17 1 2 3 4 6 7 8 10 11 12 14 15 18 17 19 21 24 23 25 28 27 30 29
20 2 1 2 4 5 7 8 9 10 11 14 15 18 20 19 21 24 23 26 25 30
21 3 1 3 4 5 6 7 9 11 12 14 15 16 20 21 24 23 26 25 28 27 29
19 21 2 3 4 5 7 11 12 14 15 18 17 20 19 24 23 26 25 27 29
23 26 4 5 6 7 8 9 10 11 12 13 14 15 16 17 20 19 21 24 23 25 28 27 29
18 30 1 2 3 4 5 8 9 11 16 20 19 21 24 23 26 28 27 30
17 13 2 3 4 5 7 8 11 13 18 17 19 23 26 25 27 30 29
22 16 1 3 4 6 8 9 11 12 15 16 18 17 20 19 21 24 26 25 28 27 30 29
11 171
21 18 1 2 3 4 5 6 7 8 10 11 13 14 15 18 17 20 19 22 24 30 29
21 20 2 4 5 7 8 9 10 11 12 13 16 18 17 20 19 22 21 25 28 27 30
24 3 1 2 3 4 5 6 7 8 9 11 12 13 14 16 18 17 20 21 26 25 28 27 30 29
18 5 1 2 3 5 6 7 11 12 13 14 15 17 20 19 21 26 25 29
21 21 1 3 4 7 8 9 11 13 14 15 16 18 17 20 21 24 26 25 28 27 29
25 7 1 2 3 4 7 8 9 10 11 12 13 14 15 16 17 20 19 22 21 24 26 25 28 30 29
18 26 1 3 4 5 6 9 10 13 16 18 17 20 19 22 21 26 27 30
21 30 1 2 4 5 6 7 8 9 10 12 14 15 16 20 19 22 21 25 28 27 29
15 29 1 2 4 7 8 10 12 13 14 15 16 19 24 26 28
21 15 1 3 5 9 10 11 12 14 18 17 20 19 22 21 24 26 25 28 27 30 29
21 16 2 3 4 5 6 7 8 9 10 14 15 18 17 20 19 22 21 26 28 30 29
5 39
21 22 1 2 4 6 8 9 10 12 13 16 18 17 20 19 22 21 26 25 28 30 29
19 21 1 2 3 4 5 7 9 13 14 16 18 19 22 21 26 25 28 30 29
21 30 2 3 4 6 8 9 10 11 12 13 14 16 18 19 22 21 23 26 25 27 29
26 13 1 2 3 5 6 8 9 10 11 12 13 14 15 16 18 17 20 19 22 21 23 25 28 27 30 29
20 16 1 3 5 6 10 12 13 14 15 16 18 17 20 19 22 26 28 27 30 29
8 444
21 1 1 2 3 4 5 6 7 8 10 11 12 14 15 16 17 22 21 23 27 30 29
19 27 3 4 5 6 7 8 9 10 15 16 18 20 19 22 24 23 26 28 30
17 30 3 4 5 6 10 12 14 15 16 18 17 19 21 26 28 27 29
19 13 2 3 4 5 6 9 10 11 14 15 16 17 20 19 21 26 28 27 30
23 29 1 4 5 6 7 8 9 10 11 12 13 15 17 20 19 22 21 24 23 26 27 30 29
17 14 1 2 3 4 5 6 8 9 10 11 13 15 20 19 22 27 30
18 15 1 2 5 8 9 10 11 12 13 14 15 16 18 19 21 24 23 30
23 16 1 2 3 4 6 7 8 9 11 12 13 14 15 18 17 20 19 23 26 28 27 30 29
10 418
23 18 1 2 3 4 5 7 8 9 10 12 13 14 16 18 20 19 22 21 24 23 25 28 30
18 17 1 2 5 6 8 9 10 11 12 15 16 18 17 20 21 25 27 30
23 20 1 2 3 4 5 6 8 9 11 12 14 15 16 18 20 19 22 21 24 23 28 27 30
20 19 2 6 8 10 11 12 13 14 15 16 17 20 19 22 21 24 25 28 27 29
18 22 2 6 8 10 11 13 14 16 18 17 22 21 24 23 28 27 30 29
18 6 1 3 6 10 11 12 14 15 16 17 22 21 24 23 28 27 30 29
22 10 1 2 3 7 8 9 10 11 12 13 14 15 16 20 22 21 24 23 28 27 30 29
19 28 2 3 4 7 8 9 10 12 13 15 17 20 22 21 24 25 27 30 29
19 12 1 2 3 4 6 10 12 16 18 20 19 22 21 24 23 25 27 30 29
20 29 1 3 4 6 9 12 13 14 15 16 17 20 19 22 23 25 28 27 30 29
10 567
20 20 1 2 3 4 5 8 9 10 12 13 14 15 16 17 20 19 22 26 28 29
24 3 1 2 3 4 5 6 8 10 12 13 14 15 16 17 20 22 21 24 23 26 25 28 30 29
23 5 1 2 3 4 5 6 9 10 12 13 14 15 16 18 20 22 21 24 23 26 25 28 30
22 21 2 3 4 5 6 8 12 14 15 18 17 20 19 22 21 24 23 26 25 28 30 29
20 8 2 3 4 5 7 9 10 11 12 13 16 18 17 19 22 21 26 25 30 29
23 26 1 2 3 4 6 8 11 12 13 14 15 18 20 19 22 21 24 23 26 25 28 30 29
23 25 2 3 5 6 7 8 9 10 12 13 14 15 16 18 17 22 21 24 23 26 28 30 29
26 28 2 3 4 5 6 7 8 9 10 11 12 13 14 15 16 18 17 19 22 24 23 26 25 28 30 29
19 30 1 2 3 4 6 9 10 11 12 14 15 16 18 22 21 24 23 30 29
23 29 1 2 3 4 5 6 7 8 9 10 11 13 14 15 16 17 20 24 23 26 25 28 30
8 865
22 17 1 2 3 4 6 7 8 9 11 13 15 16 18 17 20 22 21 24 23 26 27 29
23 4 1 2 4 7 8 9 10 11 13 14 15 16 17 20 19 22 21 24 26 25 27 30 29
18 5 1 2 3 4 5 8 9 15 18 17 19 21 24 23 26 25 27 29
18 8 2 3 5 6 8 9 10 11 12 13 16 18 20 19 21 23 26 30
21 9 2 3 5 7 8 11 13 15 16 18 17 20 19 22 21 24 23 26 27 30 29
19 25 1 3 4 5 7 9 10 11 14 16 17 20 19 21 24 23 27 30 29
22 29 1 2 3 4 5 6 7 8 9 10 12 13 14 18 17 20 21 24 23 27 30 29
17 14 1 3 4 6 8 9 10 12 13 15 18 17 20 21 24 23 25
6 837
17 19 2 4 5 7 8 9 11 12 13 14 15 17 20 21 26 28 30
20 24 2 4 6 7 9 10 12 13 14 16 18 20 19 21 24 23 25 28 27 30
21 23 1 3 4 6 7 8 9 10 12 13 14 15 16 17 20 19 23 25 28 27 30
17 8 1 3 5 6 7 8 12 14 15 16 17 19 21 24 26 25 27
20 10 1 2 4 5 6 7 10 12 14 15 18 17 20 22 24 26 25 28 27 30
21 28 1 2 3 5 6 7 8 10 11 13 14 15 16 18 20 19 21 24 25 28 27
8 692
15 4 1 2 5 7 8 10 15 16 18 17 20 19 24 23 29
22 5 2 4 5 6 7 8 9 10 13 14 15 18 17 20 22 21 24 23 26 28 27 29
21 23 1 2 4 5 7 8 9 10 14 15 16 18 17 19 22 21 23 26 25 27 29
24 25 1 3 4 5 6 7 8 10 11 12 13 14 15 16 20 19 21 24 23 26 25 28 27 29
24 10 2 4 5 6 7 8 9 10 11 12 13 14 15 16 18 20 19 22 23 26 25 28 27 29
19 11 1 2 6 7 9 10 12 13 14 18 17 20 19 22 21 23 25 28 29
21 13 2 3 5 6 7 9 10 11 12 14 15 16 18 17 20 21 24 23 25 27 29
22 14 1 2 4 7 8 9 10 11 12 13 14 15 16 17 20 19 22 21 26 25 27 29
