30
7 282
24 19 4 5 6 7 8 9 10 11 12 14 15 18 17 20 19 22 21 24 23 26 25 28 27 29
22 22 2 3 6 7 8 9 11 12 13 14 15 16 18 17 19 22 21 23 26 25 27 30
24 24 2 3 4 5 7 8 9 10 12 13 14 15 16 18 17 20 19 22 24 26 25 28 30 29
23 23 2 3 4 7 8 9 10 12 13 15 16 18 17 20 19 22 21 24 23 26 25 28 27
23 28 2 4 5 6 7 8 11 12 13 15 16 18 17 20 19 22 21 24 23 26 28 27 30
22 13 2 5 6 7 8 10 11 12 13 14 15 20 19 21 24 23 26 25 28 27 30 29
26 14 2 3 4 5 6 7 8 9 11 12 13 14 16 18 17 20 19 22 21 24 23 26 25 28 30 29
7 428
22 18 1 3 4 7 9 10 11 12 13 14 16 18 17 20 19 22 21 23 25 28 27 30
20 19 1 3 4 6 7 8 9 11 15 16 18 19 22 21 24 23 26 25 30 29
26 21 1 3 4 5 6 7 8 9 10 11 13 14 15 16 18 17 20 19 22 21 24 26 25 28 27 30
20 10 3 4 5 6 8 9 10 13 14 15 16 18 20 19 22 24 23 25 27 30
22 11 1 3 4 5 6 8 9 10 13 14 16 17 20 19 22 23 26 25 28 27 30 29
19 12 3 4 7 8 9 11 12 13 14 15 20 19 22 21 24 23 25 28 30
22 13 1 3 4 5 7 8 9 11 13 15 18 20 19 21 24 23 26 25 28 27 30 29
7 169
22 20 1 2 4 6 8 9 12 13 15 16 18 20 19 22 21 24 23 26 25 28 27 29
27 5 1 2 4 5 6 7 8 10 11 12 13 14 15 16 18 17 20 22 21 24 23 26 25 28 27 30 29
23 8 1 2 4 5 6 7 8 9 11 12 16 18 17 22 21 24 23 26 25 28 27 30 29
24 10 1 4 5 6 7 8 9 10 11 13 14 15 16 18 17 20 19 22 21 23 26 25 30 29
21 28 1 2 4 5 6 7 11 12 15 16 18 20 22 21 24 23 26 25 28 30 29
23 11 1 2 6 7 8 9 11 12 13 14 15 16 18 17 20 19 21 23 26 25 28 27 29
24 30 1 2 4 5 6 7 8 9 10 11 13 14 16 18 17 20 19 21 23 26 25 28 30 29
7 885
19 18 1 2 5 8 10 11 12 16 18 17 19 22 24 26 25 28 27 30 29
23 20 1 2 3 6 7 9 10 11 12 13 16 18 17 20 22 21 24 26 25 28 27 30 29
24 21 2 3 5 6 8 9 10 11 13 14 15 16 17 20 19 22 21 24 23 26 28 27 30 29
23 7 1 2 3 5 6 7 8 9 10 11 12 13 15 18 20 22 21 24 23 26 28 27 29
21 27 1 2 3 5 6 7 8 9 11 12 13 14 15 16 18 20 19 22 23 28 27
24 29 1 2 3 5 7 8 9 10 11 12 13 14 15 18 17 20 21 24 23 25 28 27 30 29
24 14 2 5 6 7 8 9 10 11 12 13 14 15 16 18 17 20 19 21 24 23 25 28 27 30
7 166
24 4 2 3 4 6 7 8 9 10 12 13 14 15 16 20 19 21 24 23 26 25 28 27 30 29
25 22 1 2 3 4 6 7 8 9 10 12 14 16 18 17 20 19 22 21 24 23 26 25 28 27 29
25 6 1 2 3 4 6 7 8 9 10 12 13 14 15 16 17 20 19 22 21 23 25 28 27 30 29
24 7 1 2 3 4 6 7 8 9 10 11 12 16 18 17 20 19 22 21 23 26 25 28 30 29
19 25 1 2 3 4 6 7 8 12 13 16 18 17 20 19 23 25 28 27 30
28 10 1 2 3 4 6 7 8 9 10 11 12 14 15 16 18 17 20 19 22 21 24 23 26 25 28 27 30 29
24 28 1 2 7 8 9 10 11 12 13 14 15 16 18 20 19 22 21 24 23 25 28 27 30 29
7 339
26 24 1 3 4 5 7 9 10 11 12 13 14 15 16 18 17 20 19 22 21 23 26 25 28 27 30 29
24 7 1 2 3 4 5 7 9 10 11 12 13 14 15 16 18 17 19 22 24 23 28 27 30 29
22 10 2 3 5 7 8 9 10 11 13 14 15 16 18 20 22 21 24 23 26 25 28 30
22 27 1 3 4 5 7 8 10 12 13 14 15 16 18 17 20 19 21 24 25 28 27 29
21 29 1 2 4 5 7 9 10 13 14 17 20 22 21 24 23 26 25 28 27 30 29
22 14 3 4 5 7 10 11 12 13 14 15 16 18 17 20 22 21 24 26 28 27 30 29
24 15 2 4 7 9 10 11 12 14 15 16 18 17 20 19 22 21 24 23 26 25 28 27 30 29
2 310
22 19 2 3 4 5 6 9 10 12 13 14 15 16 18 17 19 22 21 25 28 27 30 29
23 6 1 3 6 8 9 10 11 12 13 14 15 16 17 20 19 22 21 24 23 26 25 27 29
4 373
22 18 1 2 3 4 6 7 10 11 15 16 17 20 19 22 21 24 23 26 25 28 30 29
25 2 1 2 3 4 5 6 7 9 10 11 12 14 15 16 18 17 20 19 22 21 26 25 28 27 30
24 23 1 2 3 4 5 9 10 11 12 14 15 16 18 17 20 19 22 24 23 26 25 28 27 30
26 28 2 3 4 5 6 7 9 10 11 12 13 14 15 16 18 17 20 19 22 21 24 23 25 28 27 30
9 311
26 18 1 2 3 4 5 6 7 8 10 11 12 13 15 16 18 17 20 19 22 21 23 26 25 27 30 29
26 3 1 2 3 4 6 7 8 11 12 13 14 15 16 18 17 20 19 22 21 24 23 26 28 27 30 29
24 19 1 2 4 5 6 7 8 10 11 12 13 14 15 18 17 19 22 24 23 25 28 27 30 29
22 22 1 2 3 4 5 6 7 8 11 12 13 14 15 18 22 21 24 23 25 28 27 29
22 6 1 3 4 7 8 10 11 13 14 15 16 18 17 22 21 24 23 26 28 27 30 29
25 23 1 2 3 4 5 8 11 12 13 14 15 16 18 17 20 19 22 21 24 26 25 28 27 30 29
23 28 1 2 3 4 5 7 8 10 11 13 14 15 18 17 20 19 22 21 26 25 28 27 29
24 11 1 2 3 4 5 6 7 8 11 12 14 15 16 18 17 20 21 24 23 26 28 27 30 29
23 12 1 2 3 4 5 6 8 11 12 14 15 16 18 17 20 19 22 24 23 25 28 27 29
5 916
24 19 1 2 3 4 5 6 8 9 12 13 14 15 16 18 17 20 19 24 23 26 25 28 27 29
25 5 1 2 3 4 5 6 8 11 12 13 14 15 18 17 20 19 22 21 24 23 26 28 27 30 29
27 7 1 2 3 4 5 6 8 9 11 12 13 14 15 16 18 17 20 19 22 24 23 26 25 28 27 30 29
23 13 1 2 3 4 5 6 8 9 11 13 15 16 18 17 20 22 21 24 23 26 25 28 30
22 16 1 2 3 4 5 6 8 9 11 13 14 15 18 17 19 22 24 23 25 28 30 29
3 716
21 18 1 2 3 4 7 8 9 10 12 13 14 15 16 18 17 21 24 23 25 27 29
23 2 1 3 4 6 7 8 9 12 13 14 15 16 18 20 19 22 21 23 26 25 28 27 29
19 15 2 4 5 6 8 9 10 12 13 14 15 16 18 20 22 28 27 30 29
4 367
21 2 2 3 4 5 6 7 8 9 11 14 15 18 17 20 22 24 23 26 25 28 29
25 6 1 2 4 6 7 8 9 10 11 13 14 15 16 18 17 20 22 21 23 26 25 28 27 30 29
24 11 2 3 4 5 6 7 8 9 10 15 16 18 17 20 19 22 21 24 26 25 28 27 30 29
21 29 1 2 3 4 7 8 9 10 11 13 14 18 17 20 22 23 26 28 27 30 29
4 184
25 21 1 4 5 6 7 8 9 10 11 12 14 15 16 18 17 20 22 21 24 23 26 25 28 30 29
22 10 1 2 3 4 5 7 8 9 10 11 12 14 15 16 17 20 21 24 28 27 30 29
26 27 1 2 3 4 5 6 7 8 9 10 11 12 14 15 16 18 17 20 22 24 23 26 25 27 30 29
23 16 1 2 3 5 6 7 9 11 14 15 16 17 20 19 22 21 24 26 25 28 27 30 29
4 333
22 22 1 2 3 4 6 7 8 10 11 12 13 15 16 18 17 22 24 26 25 28 30 29
26 7 1 2 4 5 6 7 8 9 10 11 12 13 15 16 18 20 19 22 21 24 23 26 25 28 27 30
21 12 2 3 4 6 7 9 11 12 13 15 17 20 19 22 21 24 23 26 25 28 30
20 29 3 4 6 9 10 11 12 13 15 16 18 20 22 21 23 26 25 28 27 30
4 440
26 17 1 2 3 4 5 6 7 8 9 11 12 13 14 16 18 17 20 19 22 24 23 26 25 28 30 29
23 4 2 4 5 6 7 9 11 12 13 14 16 18 17 22 21 24 23 26 25 28 27 30 29
22 23 1 3 4 5 7 8 9 10 11 12 13 14 18 17 19 21 24 23 26 25 30 29
23 11 3 4 5 6 7 8 9 11 12 13 16 18 20 19 22 21 24 23 26 25 28 27 29
6 960
19 18 1 2 3 6 7 8 9 13 15 17 20 19 24 23 26 25 28 27 29
22 19 1 2 3 4 5 6 8 9 10 11 13 14 15 18 17 20 19 22 24 25 30 29
22 23 1 2 3 4 5 6 9 11 12 13 14 15 18 20 19 22 21 24 23 26 28 30
24 9 1 2 3 5 6 7 8 10 11 13 14 15 18 17 20 19 22 21 23 25 28 27 30 29
26 27 1 2 4 5 6 7 8 9 10 12 13 14 15 18 17 20 19 21 24 23 26 25 28 27 30 29
26 29 1 2 3 4 5 6 7 8 9 11 12 13 14 15 18 17 19 22 21 24 26 25 28 27 30 29
4 77
22 3 1 3 4 5 6 7 8 9 12 13 16 20 19 22 21 24 23 26 28 27 30 29
21 10 1 3 4 6 7 8 10 11 12 13 15 16 18 20 22 24 23 26 28 27 29
22 13 1 2 3 4 5 6 7 8 9 10 12 13 15 18 20 22 21 24 23 25 28 29
25 16 2 3 4 5 6 8 9 11 12 13 14 15 16 18 20 19 22 21 24 23 25 28 27 30 29
6 985
25 7 1 2 3 4 5 6 8 9 10 11 12 13 14 16 17 20 22 21 23 26 25 28 27 30 29
25 9 1 2 3 4 7 8 9 10 11 12 13 14 15 16 17 20 19 22 21 24 23 26 25 28 27
24 12 1 3 4 5 6 7 8 9 10 11 14 15 16 17 20 19 22 21 24 26 28 27 30 29
24 13 2 3 5 6 7 10 11 12 13 14 15 16 17 20 19 21 24 23 26 25 28 27 30 29
23 29 1 3 4 5 6 7 8 9 10 11 13 14 15 16 20 19 21 23 25 28 27 30 29
24 14 1 2 3 4 5 7 8 10 11 12 13 14 15 16 19 22 21 24 23 26 28 27 30 29
5 489
25 1 1 3 4 5 6 8 9 10 11 14 15 16 18 17 20 22 21 24 23 26 25 28 27 30 29
27 17 1 2 3 4 6 7 8 9 10 11 12 14 15 16 18 17 20 22 21 24 23 26 25 28 27 30 29
21 10 1 3 4 5 6 7 8 9 10 12 14 15 18 17 20 22 21 24 28 27 29
26 13 1 2 3 4 5 6 7 8 9 10 11 12 13 14 15 16 18 20 22 24 23 26 25 27 30 29
22 16 1 2 3 4 6 7 10 11 12 14 15 18 17 20 22 21 26 25 28 27 30 29
3 524
24 24 1 2 3 4 7 8 9 10 11 12 13 14 15 16 18 17 22 21 24 23 25 28 27 30
24 28 1 2 3 4 5 7 8 9 10 12 13 14 15 16 18 17 19 22 21 23 25 28 27 30
23 16 2 3 5 6 8 9 10 11 12 13 14 15 16 18 17 19 22 21 24 23 25 28 27
5 452
23 3 1 2 3 4 5 6 7 9 10 11 12 13 14 15 18 17 20 22 24 23 26 28 27
25 19 1 2 3 4 5 6 7 8 9 11 13 14 15 16 17 20 19 22 24 23 26 28 27 30 29
21 8 1 2 3 7 8 9 10 11 12 16 17 20 19 22 23 26 25 28 27 30 29
25 13 1 2 3 4 5 7 8 10 11 12 13 14 15 16 18 17 20 19 22 24 23 25 28 30 29
22 29 4 5 6 7 8 9 10 11 12 13 14 15 16 18 17 20 19 23 26 25 28 27
5 886
24 4 1 3 4 5 7 8 9 10 13 14 15 16 18 17 19 21 24 23 26 25 28 27 30 29
22 25 1 3 4 5 6 7 9 10 12 15 16 18 20 19 21 24 23 26 25 28 27 30
23 28 1 2 3 4 5 6 7 8 9 11 12 13 14 16 17 19 21 24 23 26 25 28 30
25 27 1 2 3 4 5 6 8 9 10 11 13 15 16 18 17 20 19 21 24 23 26 25 27 30 29
22 13 1 2 3 5 7 9 10 11 12 13 14 15 16 18 20 19 21 24 23 26 25 27
5 637
24 1 2 3 4 5 6 7 8 9 10 11 12 13 14 15 16 18 17 20 22 26 25 28 27 29
27 7 1 2 3 4 5 6 7 8 9 10 11 12 13 14 15 18 17 20 19 22 21 24 26 25 27 30 29
24 10 1 2 3 4 5 6 7 8 9 10 12 13 14 18 17 20 19 21 24 26 25 27 30 29
22 28 1 3 4 5 6 7 8 12 13 14 15 16 18 17 22 21 26 25 28 27 30 29
26 15 1 2 3 4 5 6 7 8 9 10 11 12 13 15 16 18 17 19 22 21 24 25 28 27 30 29
5 635
23 17 2 3 4 5 6 8 9 10 11 13 14 15 18 17 20 19 21 26 25 28 27 30 29
23 6 1 2 3 4 5 6 7 8 11 12 13 14 15 16 18 17 19 21 23 26 25 28 30
24 26 1 2 3 4 5 6 8 10 12 13 15 16 18 17 19 22 21 23 26 25 28 27 30 29
25 28 1 2 4 5 6 7 8 9 11 12 14 16 18 17 20 19 22 21 23 26 25 28 27 30 29
21 13 1 2 3 5 7 8 9 10 11 13 14 18 17 20 22 23 26 25 28 27 30
4 988
22 20 1 2 5 6 7 8 9 10 12 13 14 18 17 20 19 22 24 23 26 28 27 30
23 8 2 3 4 5 6 7 8 9 10 13 14 15 16 18 20 22 21 24 23 26 27 30 29
25 10 1 2 3 4 5 6 7 8 9 10 12 13 14 15 16 18 17 20 19 22 21 24 23 28 29
23 13 1 2 3 4 5 6 7 8 9 11 12 13 14 15 16 17 20 19 26 28 27 30 29
2 89
20 25 1 3 5 7 10 12 13 14 15 16 17 19 22 24 23 25 28 27 30 29
23 15 1 2 3 4 5 6 7 10 11 12 13 14 16 18 17 20 19 22 24 23 28 27 30
7 394
23 4 1 2 3 4 5 6 7 8 9 10 11 14 15 16 18 17 20 21 24 26 25 28 30
23 6 1 2 3 4 5 6 7 8 9 10 12 13 14 15 18 17 19 22 21 23 26 25 29
24 24 1 3 5 6 8 9 11 12 13 14 16 18 17 20 19 22 21 24 23 26 25 28 30 29
20 25 1 2 3 5 6 7 8 10 11 12 14 15 16 18 17 20 19 21 24 23
22 10 1 2 3 4 5 6 9 10 11 13 14 15 17 20 19 22 24 23 26 25 30 29
24 15 1 3 4 5 6 7 8 9 10 11 12 13 14 15 16 17 20 19 22 24 23 26 25 30
20 16 1 2 3 5 6 7 8 9 11 12 15 16 20 22 21 24 26 25 30 29
7 537
24 20 1 2 4 5 6 7 9 10 12 13 14 15 16 18 20 19 22 21 24 26 25 27 30 29
23 3 1 2 4 5 6 7 9 10 12 13 14 15 18 17 19 22 21 23 26 25 27 30 29
24 22 1 2 3 4 5 6 9 10 12 13 14 15 16 18 17 20 19 21 24 23 26 25 27 29
24 23 1 2 3 5 7 9 10 11 12 13 14 15 16 17 20 19 21 24 23 26 25 27 30 29
26 8 1 2 3 4 5 7 8 9 10 11 12 13 14 15 18 17 20 19 21 24 23 26 25 27 30 29
26 27 1 2 3 4 5 6 7 8 9 10 11 13 14 15 16 18 17 20 19 22 21 26 25 27 30 29
25 16 1 2 3 4 5 6 7 8 9 10 11 13 14 16 18 17 20 19 22 21 23 25 27 30 29
7 607
22 17 1 2 3 8 9 10 11 12 15 16 18 20 19 22 21 24 23 26 25 28 27 30
21 19 3 4 5 6 7 8 9 10 12 13 14 16 18 17 20 19 22 21 23 25 30
22 6 1 2 3 4 5 6 7 8 9 11 12 13 14 15 16 18 20 19 21 24 26 30
28 7 1 2 3 4 5 6 7 8 9 10 11 12 13 14 15 16 18 17 20 19 21 24 23 26 25 28 27 30
27 27 1 2 3 4 5 6 7 8 9 10 11 12 13 16 18 17 20 19 22 21 24 23 26 25 28 27 30
20 13 1 2 3 5 6 8 9 10 11 13 14 18 17 20 19 24 23 26 25 27
27 16 1 2 3 4 5 6 7 8 9 10 11 12 13 14 15 16 18 17 20 19 22 21 24 26 28 27 30
4 378
25 18 1 2 3 4 6 8 9 10 11 12 13 15 16 18 20 19 22 21 24 23 26 25 28 27 29
25 21 1 2 3 5 6 7 8 9 10 11 12 14 15 16 18 17 22 21 24 23 26 25 28 27 29
24 8 1 2 3 4 6 8 9 10 11 12 13 14 18 17 20 19 22 21 24 23 26 28 27 29
24 15 1 3 6 7 8 9 10 11 12 13 14 15 16 18 17 20 19 22 21 24 26 25 27 29
