30
2 231
22 3 2 3 4 5 6 7 8 10 11 12 13 14 15 16 18 17 22 21 24 28 27 29
25 21 2 3 4 5 6 8 9 10 11 12 13 14 15 18 17 20 19 22 21 24 23 26 25 27 29
8 171
24 18 4 5 6 7 8 9 10 11 12 13 14 15 18 17 20 22 21 24 26 25 28 27 30 29
26 17 1 3 5 6 7 8 9 10 11 12 13 14 15 16 17 20 22 21 24 23 26 25 28 27 30 29
22 19 4 5 6 8 9 12 13 14 15 16 18 17 20 19 22 21 24 23 26 28 27 30
24 22 1 3 4 5 6 9 10 12 13 14 15 16 18 17 20 19 22 21 24 23 26 25 28 30
26 25 1 3 4 5 6 7 8 9 10 11 12 13 14 15 16 18 17 20 19 22 21 24 23 28 30 29
24 10 1 3 4 5 6 7 8 9 10 11 12 13 16 18 17 19 22 24 23 26 25 28 27 30
24 27 1 3 4 5 6 8 10 11 12 13 14 15 16 17 19 22 21 24 23 26 25 28 27 30
24 12 1 3 4 5 6 7 8 9 10 11 12 14 15 16 17 20 19 22 21 24 23 25 28 29
4 792
29 22 1 2 4 5 6 7 8 9 10 11 12 13 14 15 16 18 17 20 19 22 21 24 23 26 25 28 27 30 29
27 21 1 2 4 5 6 7 9 10 11 12 13 14 15 16 18 17 20 19 22 21 24 23 26 25 28 30 29
23 8 1 2 4 5 6 9 10 11 12 13 14 15 17 20 19 22 21 24 26 25 28 30 29
23 11 1 2 4 7 8 9 11 12 13 14 16 18 17 20 19 22 24 23 26 25 28 27 30
1 250
24 17 2 3 5 6 7 8 9 10 11 13 14 15 16 18 17 20 19 22 24 26 25 28 27 29
3 94
28 3 1 2 3 4 6 7 8 9 10 11 12 13 14 15 16 18 17 20 19 22 21 24 23 26 25 27 30 29
27 21 1 2 3 4 6 7 8 9 10 11 12 13 14 15 16 18 17 19 22 21 24 23 26 25 28 30 29
27 15 1 2 3 4 6 8 9 10 11 12 13 14 15 16 18 17 20 19 22 21 24 23 26 25 28 27 30
3 742
28 4 1 2 3 4 5 7 8 9 10 11 12 13 14 15 16 18 17 20 19 22 21 24 23 26 25 27 30 29
27 28 1 2 3 4 5 7 8 9 10 11 12 13 14 16 18 17 20 19 22 21 24 23 25 28 27 30 29
28 12 1 2 3 4 5 7 8 9 10 11 12 13 14 15 16 17 20 19 22 21 24 23 26 25 28 27 30 29
1 719
26 29 1 2 3 4 5 6 8 9 10 11 12 13 15 18 17 20 19 22 21 24 26 25 28 27 30 29
3 298
24 19 1 2 3 4 6 7 10 11 12 13 15 16 18 17 20 22 21 24 26 25 28 27 30 29
27 4 2 3 4 5 6 7 9 10 11 12 13 14 15 16 18 17 20 19 22 21 24 23 26 25 27 30 29
29 29 1 2 3 4 5 6 7 9 10 11 12 13 14 15 16 18 17 20 19 22 21 24 23 26 25 28 27 30 29
3 681
28 2 1 2 3 4 5 6 7 8 10 11 12 13 14 15 16 18 17 20 19 22 21 24 23 25 28 27 30 29
24 27 1 2 3 4 5 6 7 8 10 11 12 13 14 15 17 20 19 22 23 26 25 27 30 29
25 13 2 3 5 6 7 8 11 12 13 14 15 18 17 20 19 22 21 24 23 26 25 28 27 30 29
5 973
26 2 1 2 3 4 5 6 7 8 9 11 12 14 15 16 18 17 20 19 22 21 24 26 28 27 30 29
27 19 1 2 3 4 6 7 8 9 11 12 13 14 15 16 18 17 20 19 22 21 23 26 25 28 27 30 29
27 5 1 2 3 4 6 7 8 9 11 12 13 14 15 16 18 17 19 22 21 24 23 26 25 28 27 30 29
24 24 1 2 4 5 6 7 8 9 12 13 15 16 18 17 20 19 22 21 24 23 26 27 30 29
27 25 1 2 3 4 5 6 7 8 9 11 13 14 15 16 18 17 20 19 22 21 24 23 26 25 28 27 29
2 858
28 1 1 2 3 4 5 6 7 8 9 10 12 13 14 15 16 17 20 19 22 21 24 23 26 25 28 27 30 29
27 27 1 2 3 4 5 6 7 8 9 10 12 13 14 15 16 18 17 19 22 21 23 26 25 28 27 30 29
3 298
24 18 1 2 5 6 7 8 9 10 11 13 14 16 18 17 19 22 21 24 23 26 28 27 30 29
28 2 1 2 3 4 5 6 7 8 9 10 11 13 14 15 16 18 17 20 19 22 21 23 26 25 28 27 30 29
25 9 1 3 4 5 6 7 8 10 11 13 14 15 16 17 20 19 22 21 24 23 26 25 28 27 29
4 120
24 17 1 2 3 4 6 7 9 10 12 14 16 18 17 20 19 22 21 24 23 26 25 28 30 29
29 12 1 2 3 4 5 6 7 8 9 10 11 12 14 15 16 18 17 20 19 22 21 24 23 26 25 28 27 30 29
26 30 1 2 3 4 5 8 9 10 11 12 14 15 16 18 17 20 19 22 21 24 23 26 28 27 30 29
27 29 1 2 4 5 6 7 8 9 10 11 12 14 15 16 18 17 20 19 22 21 24 23 26 25 28 30 29
7 974
24 18 1 2 3 4 6 7 8 10 12 13 15 16 18 17 19 22 21 24 23 26 25 27 30 29
25 1 1 2 3 4 6 7 8 9 11 12 13 15 16 18 17 20 19 22 21 24 23 26 27 30 29
25 3 1 2 3 4 5 6 7 8 9 10 11 12 13 15 16 18 19 22 21 23 25 28 27 30 29
25 21 1 2 4 5 6 7 8 9 10 11 12 13 16 18 17 20 19 21 24 23 26 25 28 27 29
29 24 1 2 3 4 5 6 7 8 9 10 11 12 13 15 16 18 17 20 19 22 21 24 23 26 25 28 27 30 29
25 8 1 2 3 4 6 7 8 9 10 11 12 13 15 16 18 17 20 19 21 24 23 26 25 30 29
28 15 1 2 3 4 5 6 7 8 9 10 11 12 13 16 18 17 20 19 22 21 24 23 26 25 28 27 30 29
4 560
26 18 1 2 3 5 6 7 8 9 11 13 14 16 18 17 20 19 22 21 24 23 26 25 28 27 30 29
27 17 1 2 3 4 6 7 8 9 10 11 12 13 14 16 18 17 20 22 21 24 23 26 25 28 27 30 29
28 20 1 2 3 4 5 6 7 8 9 10 11 12 13 14 16 18 17 20 19 22 24 23 26 25 28 27 30 29
27 19 1 2 3 4 5 6 7 8 9 10 11 12 13 14 18 20 19 22 21 24 23 26 25 28 27 30 29
4 835
26 4 1 2 3 4 6 7 8 9 10 11 12 13 14 18 17 19 22 21 24 23 26 25 28 27 30 29
28 5 1 2 3 4 5 6 7 8 9 10 11 12 13 14 15 18 17 20 19 22 21 24 26 25 28 27 30 29
28 30 1 2 3 4 5 6 7 8 9 10 11 12 13 14 15 18 17 20 19 22 21 24 23 26 25 27 30 29
27 13 1 2 3 4 5 6 7 8 9 10 11 12 13 14 15 18 17 20 19 22 21 24 23 28 27 30 29
4 881
26 3 1 2 3 4 5 6 7 8 9 10 11 12 13 14 15 16 18 20 19 21 23 25 28 27 30 29
23 4 1 2 3 4 5 8 9 10 11 13 14 15 16 18 20 19 21 23 25 28 27 30 29
23 5 1 2 3 5 6 9 10 12 13 14 15 16 18 19 22 24 23 26 25 28 27 30 29
27 12 1 2 3 4 5 7 8 9 10 12 13 14 15 16 18 20 19 22 21 24 23 26 25 28 27 30 29
2 233
27 17 1 2 3 4 5 6 7 8 9 10 12 13 14 15 16 17 20 19 22 21 24 23 26 28 27 30 29
26 29 2 3 4 5 6 7 8 10 12 13 14 15 16 17 20 19 22 21 24 23 26 25 28 27 30 29
0 365
4 972
24 17 1 2 3 5 6 8 9 10 11 14 15 16 18 17 19 22 21 24 23 26 25 28 27 30
28 26 1 2 3 4 5 6 7 8 9 10 11 12 13 14 15 16 18 17 19 22 21 24 23 26 25 28 27 29
27 11 1 2 3 4 5 6 7 8 9 10 11 12 15 16 18 17 19 22 21 24 23 26 25 28 27 30 29
26 27 1 3 4 5 6 7 8 9 10 12 13 14 15 16 18 17 19 21 24 23 26 25 28 27 30 29
4 853
29 2 1 2 3 4 5 6 7 8 9 10 11 12 13 14 15 16 18 17 20 19 22 24 23 26 25 28 27 30 29
22 3 1 3 4 5 6 7 8 9 10 11 13 14 15 17 20 19 24 23 26 28 27 30
28 7 1 2 3 4 5 6 7 8 9 10 11 12 13 14 15 16 18 17 20 19 22 23 26 25 28 27 30 29
23 14 1 2 4 5 6 7 8 9 11 12 13 15 18 17 20 19 22 26 25 28 27 30 29
2 876
26 25 1 2 3 4 5 6 8 9 10 11 12 13 14 15 16 18 17 20 19 24 23 26 25 28 27 30
28 15 1 2 3 4 5 6 7 8 9 10 11 12 13 14 15 16 18 17 20 19 24 23 26 25 28 27 30 29
2 217
26 27 1 2 3 4 5 6 7 8 9 10 12 13 14 15 16 18 17 20 21 24 26 25 28 27 30 29
28 14 1 2 3 4 5 6 7 8 9 10 11 13 14 15 16 18 17 20 19 22 21 24 26 25 28 27 30 29
5 74
23 5 1 2 3 6 7 8 9 10 11 13 14 15 16 18 20 19 22 21 23 25 27 30 29
25 26 1 2 3 5 6 7 8 9 10 12 13 14 15 16 18 19 22 21 23 26 25 28 27 30 29
25 28 3 4 5 6 7 9 10 11 12 13 14 15 16 18 17 20 19 22 21 23 26 25 28 27 29
27 30 1 2 3 4 5 6 7 8 9 10 11 12 13 14 16 17 20 19 22 21 23 26 25 28 27 30 29
26 15 1 2 3 4 5 7 8 9 10 11 12 13 14 15 16 18 17 20 22 23 26 25 28 27 30 29
5 484
27 17 1 2 4 5 6 7 8 9 10 11 12 13 14 15 16 18 17 20 19 22 21 24 23 26 28 27 30
28 9 1 2 3 4 5 6 7 8 9 10 11 12 13 14 15 16 18 17 20 19 22 21 24 23 26 27 30 29
26 28 1 2 3 4 5 6 7 8 9 11 12 13 14 15 18 17 20 19 21 24 23 26 28 27 30 29
26 13 1 2 3 4 5 6 7 8 9 10 12 13 14 16 18 17 20 19 22 24 23 26 28 27 30 29
27 14 1 2 4 5 6 7 8 9 10 11 12 13 14 15 16 18 17 20 19 22 21 24 23 26 27 30 29
3 288
26 3 1 2 3 4 5 6 7 8 9 11 12 14 15 16 18 17 20 19 21 24 23 25 28 27 30 29
26 5 1 2 3 4 6 8 9 10 11 12 13 14 15 16 18 17 20 22 21 24 23 25 28 27 30 29
27 7 1 2 3 4 5 6 7 8 9 10 12 13 14 15 16 18 17 19 22 21 24 23 25 28 27 30 29
3 500
28 17 1 2 3 4 5 6 7 8 9 10 11 12 13 14 15 16 18 17 20 22 21 24 23 26 25 28 30 29
25 9 1 2 3 4 5 6 7 8 9 10 11 12 13 15 16 18 17 20 19 21 24 26 25 30 29
26 10 1 3 4 5 6 7 8 9 10 12 13 14 15 18 17 20 19 22 21 24 23 26 25 28 30 29
5 357
26 17 1 2 3 4 5 6 7 8 9 10 11 13 14 16 18 17 20 19 22 21 24 23 26 25 30 29
27 20 1 2 3 4 5 6 8 9 10 11 12 13 14 15 16 18 17 20 19 22 21 24 26 25 27 30 29
27 26 1 2 3 4 5 8 9 10 11 12 13 14 15 16 18 17 20 19 22 21 24 23 26 25 27 30 29
28 9 1 2 3 4 5 6 7 8 9 10 11 12 13 14 15 16 18 17 20 19 22 21 24 23 26 25 27 30
26 11 1 2 3 4 5 6 7 8 9 10 11 12 13 14 15 16 18 19 22 21 24 23 26 25 27 29
3 447
24 22 2 3 4 5 6 8 9 10 11 12 13 14 15 16 18 17 20 19 22 24 23 26 27 30
23 8 1 2 3 4 5 6 8 9 10 12 13 15 16 18 17 20 19 22 24 23 26 25 28
25 11 2 3 4 5 6 7 8 9 10 11 12 13 14 15 16 18 20 19 21 24 23 26 25 27 30
5 467
25 3 1 4 5 6 7 8 9 10 11 12 13 14 15 16 18 17 19 22 21 24 23 26 28 27 29
23 21 1 2 3 4 7 8 9 11 12 13 14 15 16 18 20 19 21 24 23 26 25 28 29
27 9 1 2 3 5 6 7 8 9 10 11 12 13 15 16 18 17 20 19 22 21 24 23 26 25 28 27 29
24 28 1 2 3 4 5 6 7 8 10 11 12 15 16 17 20 19 22 21 24 23 25 28 27 29
26 13 2 3 4 5 6 8 9 10 11 12 13 14 16 18 17 20 19 22 21 24 23 26 25 28 27 29
