10
9 707
6 2 2 3 4 5 7 9
6 3 2 3 5 6 7 9
4 4 2 5 6 8
5 5 2 3 4 6 7
5 6 3 6 7 8 9
3 7 5 7 9
5 8 2 3 4 8 9
4 9 4 5 6 9
4 10 5 6 8 9
9 736
3 1 3 6 9
5 3 1 3 4 5 9
4 4 3 4 5 7
4 5 4 7 8 9
3 6 4 6 7
4 7 1 3 5 7
4 8 4 5 6 9
2 9 1 6
3 10 3 6 7
9 897
4 1 1 4 6 7
6 2 1 4 5 6 7 8
4 4 1 2 4 7
1 5 7
4 6 1 2 5 6
4 7 1 2 5 7
6 8 1 2 4 5 7 9
5 9 1 5 6 7 8
3 10 6 7 8
9 212
4 1 2 5 6 7
5 2 2 3 5 6 7
3 3 1 6 7
2 5 8 9
5 6 1 2 3 6 9
5 7 3 5 6 7 9
5 8 1 2 5 7 9
2 9 2 5
4 10 5 7 8 9
9 711
2 1 2 9
4 2 1 3 6 8
4 3 2 3 7 9
4 4 1 4 7 8
4 6 2 3 4 6
2 7 1 9
4 8 2 4 6 8
4 9 2 3 8 9
5 10 2 3 6 8 9
9 616
5 1 2 4 5 7 9
7 2 1 2 3 4 7 8 9
4 3 2 4 5 9
5 4 2 3 4 7 9
3 5 3 7 8
3 7 4 7 9
4 8 3 7 8 9
5 9 1 2 4 7 9
6 10 1 2 4 5 8 9
9 309
5 1 2 3 4 8 9
6 2 1 2 3 6 8 9
3 3 2 5 6
3 4 1 5 9
4 5 1 2 3 4
5 6 3 4 5 6 8
5 8 1 4 6 8 9
3 9 1 4 6
6 10 1 3 4 5 6 8
9 254
8 1 1 2 3 4 5 6 7 9
5 2 2 5 6 7 9
5 3 1 3 4 6 7
2 4 5 6
3 5 3 5 7
6 6 1 3 4 6 7 9
4 7 3 4 5 7
2 9 4 6
2 10 3 7
9 343
5 1 1 4 6 7 8
3 2 1 3 8
4 3 4 6 7 8
6 4 2 3 5 6 7 8
2 5 5 8
5 6 1 3 5 7 8
6 7 1 2 3 4 7 8
3 8 2 5 8
2 10 3 7
9 239
7 1 1 3 4 6 7 8 9
4 2 4 7 8 9
7 3 1 2 3 4 5 6 9
5 4 4 5 7 8 9
6 5 2 4 5 6 7 9
5 6 2 3 4 7 8
3 7 3 4 9
2 8 6 9
3 9 1 2 5
