20
9 424
5 2 2 3 5 7 8
4 3 2 3 5 8
5 4 3 4 5 7 8
6 5 2 3 4 5 8 9
5 6 2 3 5 7 9
3 7 5 8 9
3 8 2 3 8
4 9 2 5 7 9
4 10 2 3 6 7
9 666
2 1 1 3
5 3 1 4 5 7 9
6 4 1 3 4 5 7 9
3 5 4 7 9
5 6 1 3 5 8 9
5 7 3 4 5 8 9
4 8 3 4 5 7
6 9 1 3 4 5 7 9
6 10 1 4 6 7 8 9
9 417
5 1 1 2 4 5 6
6 2 1 4 5 6 7 8
3 4 1 5 9
5 5 1 2 5 7 8
5 6 2 4 6 7 8
6 7 1 4 5 6 7 9
3 8 4 6 7
2 9 8 9
4 10 1 4 8 9
9 75
1 1 5
2 2 3 9
4 3 5 6 7 9
4 5 1 2 5 7
4 6 1 3 5 7
5 7 1 3 5 6 9
3 8 3 8 9
5 9 1 2 3 5 6
2 10 8 9
9 702
3 1 1 8 9
6 2 1 2 4 6 7 9
3 3 4 6 7
5 4 1 2 3 7 9
2 6 1 4
4 7 3 6 7 9
4 8 1 2 3 4
1 9 9
1 10 4
9 123
7 1 1 3 4 5 7 8 9
6 2 1 2 3 4 7 9
3 3 1 2 9
4 4 1 2 3 4
4 5 2 4 8 9
3 7 2 5 7
6 8 1 2 3 4 7 9
1 9 4
3 10 4 7 9
9 545
5 1 1 3 4 6 8
3 2 3 4 5
4 3 2 4 5 8
3 4 4 5 8
2 5 5 9
6 6 1 3 4 5 6 9
6 8 1 2 3 4 6 9
6 9 2 3 4 5 8 9
1 10 6
9 30
4 1 1 2 6 7
2 2 3 4
6 3 1 3 4 6 7 9
4 4 1 2 5 9
4 5 1 2 5 6
5 6 2 5 6 7 9
4 7 1 3 5 7
5 9 1 2 4 5 6
4 10 2 3 5 7
9 864
4 1 1 2 7 8
2 2 2 5
5 3 1 2 4 6 7
5 4 1 2 4 5 6
3 5 3 6 8
3 6 3 5 6
5 7 1 3 4 5 6
3 8 3 5 7
5 10 2 4 5 6 7
1 90
0 11
1 849
0 12
1 122
0 13
1 745
0 14
1 186
0 15
1 539
0 16
1 365
0 17
1 235
0 18
1 435
0 19
1 887
0 20
0 1
