100
19 726
8 2 3 4 10 13 15 16 17 18
6 3 2 3 6 9 14 17
11 4 3 5 6 8 9 11 13 15 16 18 19
8 5 2 9 10 11 13 14 15 18
7 6 2 3 5 10 12 14 15
9 7 2 7 8 9 11 12 15 17 18
8 8 3 4 6 7 8 11 12 18
9 9 3 5 7 8 12 13 14 17 18
9 10 2 4 6 7 9 11 15 17 18
12 11 4 7 8 9 10 11 12 14 15 16 17 19
9 12 4 5 8 10 11 13 16 18 19
4 13 3 8 11 19
9 14 3 7 8 12 13 14 15 18 19
8 15 2 4 5 6 10 13 16 17
6 16 4 9 10 11 13 16
9 17 2 4 5 7 12 13 16 17 18
7 18 4 7 12 14 17 18 19
8 19 6 8 9 11 14 15 17 19
6 20 4 5 12 13 16 19
19 885
11 1 1 3 5 7 8 10 11 12 13 17 19
12 3 1 4 5 6 7 8 11 12 14 15 17 19
9 4 1 3 5 7 9 12 14 15 17
11 5 3 4 5 6 9 10 11 12 13 18 19
9 6 1 3 5 7 10 11 13 14 18
11 7 3 4 5 6 7 8 12 13 16 17 18
12 8 1 3 4 7 9 10 11 12 15 16 17 19
12 9 1 3 4 5 8 9 10 11 12 13 15 16
5 10 1 10 11 15 18
5 11 3 13 15 18 19
11 12 1 7 8 9 10 11 12 14 15 16 17
6 13 4 5 6 7 10 11
5 14 1 3 4 10 12
9 15 1 3 4 5 6 9 12 13 17
9 16 1 4 9 10 14 15 16 17 19
8 17 6 8 11 12 13 14 15 18
8 18 1 4 8 9 10 13 14 18
10 19 1 4 5 6 13 14 15 17 18 19
13 20 1 4 5 6 7 8 9 11 12 13 15 18 19
19 654
5 1 7 9 14 18 19
6 2 4 6 10 11 14 15
10 4 1 2 5 6 7 10 14 15 17 19
9 5 1 8 9 12 13 14 16 18 19
7 6 1 4 8 9 12 13 19
9 7 4 5 7 9 10 11 14 15 18
7 8 2 4 7 8 13 14 19
7 9 4 6 7 9 12 16 17
11 10 2 4 5 6 8 9 11 12 13 16 17
12 11 1 2 5 6 7 9 10 12 13 14 15 18
6 12 2 4 5 8 16 18
10 13 1 2 4 5 6 8 11 12 14 17
12 14 1 2 4 7 8 9 12 13 15 16 17 19
8 15 2 5 7 9 10 15 17 18
8 16 1 2 5 6 15 16 18 19
7 17 4 7 8 9 13 15 19
7 18 5 6 10 13 14 16 17
8 19 1 2 6 10 11 13 14 17
11 20 1 2 4 6 7 8 11 12 13 15 19
19 532
7 1 2 5 6 11 15 17 18
7 2 7 10 11 12 13 14 17
11 3 1 2 3 5 6 8 9 13 14 17 19
8 5 1 2 7 10 12 14 15 16
8 6 8 9 10 11 12 13 16 19
9 7 2 3 7 8 11 14 16 18 19
8 8 1 6 8 10 13 14 15 18
10 9 1 3 5 8 10 12 13 14 17 19
4 10 2 3 14 16
8 11 6 7 9 10 14 17 18 19
10 12 2 5 9 10 11 14 15 16 17 18
8 13 1 3 8 10 13 15 18 19
9 14 2 3 5 9 12 15 16 18 19
12 15 2 7 8 9 10 11 14 15 16 17 18 19
11 16 1 2 3 5 7 8 13 14 15 16 19
11 17 1 3 7 8 9 10 11 14 16 17 19
9 18 1 3 6 8 10 12 14 17 19
9 19 1 5 6 10 12 14 17 18 19
11 20 1 2 8 9 10 11 12 13 14 15 16
19 965
8 1 1 4 6 14 16 17 18 19
9 2 1 2 3 4 6 7 15 17 19
9 3 1 4 6 7 9 11 12 13 17
7 4 3 7 10 11 12 14 18
9 6 3 6 8 9 12 14 15 16 17
9 7 1 3 6 7 8 10 15 18 19
7 8 1 2 6 8 9 10 18
8 9 4 6 7 8 10 12 15 17
10 10 2 3 6 8 9 11 12 13 15 18
11 11 1 4 6 7 8 10 13 16 17 18 19
9 12 1 2 3 4 6 7 11 12 18
7 13 4 6 8 11 13 16 17
8 14 3 6 7 13 14 16 17 19
8 15 1 2 8 9 12 15 16 18
11 16 1 2 3 6 8 9 10 12 15 16 18
9 17 1 8 9 10 11 13 17 18 19
7 18 2 3 4 6 7 13 19
7 19 2 4 9 11 14 15 17
8 20 3 4 7 11 13 14 17 19
19 136
9 1 4 5 7 10 12 13 14 16 17
6 2 8 11 13 14 15 17
13 3 2 4 5 7 9 10 12 13 14 15 17 18 19
8 4 1 9 10 11 12 13 18 19
11 5 1 2 3 4 5 9 11 13 14 16 17
9 7 1 2 4 7 8 9 11 15 16
8 8 2 3 4 9 11 12 13 16
10 9 2 3 5 7 11 12 14 15 16 18
13 10 2 3 4 5 8 9 12 13 14 15 17 18 19
13 11 1 3 4 5 8 9 12 13 14 16 17 18 19
6 12 3 10 11 13 14 18
9 13 2 4 7 8 10 12 13 15 18
10 14 2 4 5 7 8 9 10 14 16 19
12 15 2 3 4 5 7 9 10 13 14 16 17 19
5 16 4 10 11 12 17
7 17 1 3 8 11 13 16 18
6 18 1 9 12 13 14 19
9 19 1 2 3 8 10 12 13 14 19
7 20 4 5 7 8 10 12 17
19 155
11 1 2 5 6 9 13 14 15 16 17 18 19
10 2 1 3 4 5 6 9 12 13 15 16
10 3 1 2 3 5 8 9 10 11 12 14
10 4 4 5 9 10 11 13 14 16 17 18
10 5 2 3 6 9 10 13 15 17 18 19
12 6 1 2 4 5 8 9 10 13 15 16 17 19
7 8 2 5 6 11 12 16 18
9 9 1 3 6 9 12 14 15 16 18
10 10 1 2 3 4 5 14 15 16 17 18
10 11 1 3 4 5 6 8 10 15 16 18
12 12 2 3 4 6 8 9 11 14 15 16 18 19
13 13 1 2 3 4 5 6 8 11 12 13 16 18 19
9 14 3 5 6 9 11 12 13 16 17
7 15 1 4 10 12 13 14 16
8 16 3 4 5 10 12 15 16 17
12 17 1 2 4 6 9 10 12 13 14 15 16 18
9 18 3 4 6 8 10 11 15 16 18
9 19 3 6 10 13 14 16 17 18 19
8 20 1 3 4 9 10 12 14 18
19 793
9 1 3 4 10 13 14 16 17 18 19
10 2 1 3 6 11 13 14 15 16 18 19
9 3 1 4 7 9 11 13 14 16 17
5 4 3 6 7 15 19
9 5 1 2 3 10 11 12 14 18 19
11 6 2 4 5 6 7 9 10 11 14 17 18
11 7 3 4 5 6 10 12 13 15 16 17 18
7 9 4 6 7 13 15 17 18
9 10 2 4 5 6 10 11 12 17 19
7 11 2 4 7 10 13 14 19
8 12 1 3 5 10 12 14 15 18
10 13 1 3 4 5 6 9 11 12 14 16
7 14 2 4 7 9 11 15 17
8 15 2 4 5 7 11 15 16 19
9 16 1 3 7 10 11 12 13 16 18
10 17 1 2 3 4 6 10 11 14 15 19
13 18 1 2 5 6 7 9 10 14 15 16 17 18 19
7 19 1 3 9 10 12 13 14
11 20 1 2 3 5 7 9 10 12 14 16 19
19 691
9 1 1 3 4 5 7 12 15 16 17
6 2 2 4 8 11 16 17
9 3 2 4 6 7 10 11 14 17 19
10 4 1 2 3 7 13 14 15 16 18 19
10 5 2 5 10 11 12 14 15 16 17 19
8 6 1 2 3 5 11 15 17 19
10 7 2 4 6 10 11 13 14 15 17 18
8 8 1 3 4 10 11 12 16 19
9 10 2 3 4 7 11 13 14 15 17
9 11 1 2 4 6 7 11 13 17 18
10 12 2 5 7 8 11 12 15 16 17 18
8 13 3 4 13 14 16 17 18 19
13 14 1 2 3 4 5 7 8 11 12 13 14 16 19
8 15 1 3 6 8 10 12 15 16
10 16 2 3 5 6 8 10 15 16 17 19
9 17 1 3 4 5 7 14 15 16 18
7 18 4 5 8 13 16 17 18
8 19 1 3 4 6 8 10 13 14
9 20 1 6 7 8 13 15 16 17 18
19 976
7 1 2 3 4 7 9 13 17
5 2 1 9 11 13 15
7 3 3 5 6 7 13 14 19
4 4 6 9 12 14
11 5 1 2 4 5 8 9 11 12 13 17 19
8 6 6 8 9 11 12 14 18 19
13 7 1 2 3 8 9 11 13 14 15 16 17 18 19
11 8 1 2 3 6 8 9 12 14 15 16 17
9 9 1 4 5 8 12 14 15 16 19
10 11 2 4 5 6 9 12 14 15 16 17
9 12 2 4 7 8 11 13 15 16 18
9 13 1 4 7 12 13 14 16 17 18
5 14 7 8 9 14 19
11 15 2 6 7 9 11 12 13 14 16 18 19
7 16 4 8 9 13 15 18 19
7 17 1 5 6 13 15 16 18
10 18 1 2 4 5 7 9 12 14 16 17
8 19 6 7 8 11 12 13 14 17
12 20 1 2 6 7 8 9 11 12 13 14 17 19
19 434
9 1 5 6 7 8 10 12 13 14 19
9 2 1 6 7 8 9 10 17 18 19
10 3 1 2 3 9 10 12 13 14 16 19
10 4 1 2 3 4 5 7 8 10 14 18
8 5 1 2 6 8 14 15 18 19
12 6 2 3 5 6 7 8 10 14 15 16 17 19
10 7 3 5 7 8 9 13 14 17 18 19
10 8 1 2 3 5 7 8 12 13 16 18
12 9 1 2 3 4 6 7 9 10 12 14 16 17
9 10 1 2 3 9 12 13 15 16 19
8 12 4 6 8 10 15 16 18 19
12 13 1 3 6 7 8 9 10 13 14 16 17 18
8 14 1 2 5 6 13 14 16 18
9 15 4 5 8 13 14 15 16 18 19
7 16 3 6 8 10 15 16 17
5 17 8 12 16 17 18
7 18 3 4 7 10 14 15 19
10 19 2 4 6 7 8 9 10 12 13 16
7 20 1 2 3 5 7 15 17
19 901
8 1 1 2 4 6 10 13 17 19
5 2 4 6 7 11 13
11 3 1 2 3 8 9 10 11 13 14 15 17
8 4 3 4 5 6 10 11 13 17
7 5 4 6 10 13 14 16 18
11 6 1 2 3 4 5 9 10 13 14 17 18
8 7 1 3 8 15 16 17 18 19
8 8 1 3 5 9 13 14 15 16
12 9 1 2 5 6 8 9 11 13 14 15 16 17
9 10 1 2 3 4 9 13 14 16 19
9 11 5 6 7 8 10 11 14 18 19
10 13 1 2 3 4 8 10 15 16 18 19
7 14 2 5 7 10 11 13 18
10 15 1 3 4 5 7 10 15 16 17 19
9 16 1 2 3 7 8 11 14 15 16
10 17 1 2 5 6 7 8 11 13 14 15
10 18 1 2 5 6 7 10 13 16 18 19
13 19 1 2 3 5 6 9 11 13 15 16 17 18 19
9 20 2 4 6 11 14 15 16 17 18
19 127
6 1 2 4 6 12 15 17
9 2 1 2 3 5 6 8 9 12 15
9 3 1 3 4 5 8 10 11 12 19
12 4 1 2 4 7 9 10 11 12 14 15 16 18
11 5 1 2 4 5 8 9 10 11 12 14 17
11 6 1 2 3 4 5 12 14 15 16 17 19
12 7 2 3 4 5 7 8 9 10 11 14 15 17
13 8 1 2 3 4 5 7 8 9 12 14 17 18 19
7 9 1 2 3 5 6 8 11
12 10 2 3 5 6 7 8 9 10 11 15 16 18
8 11 3 4 5 7 10 15 18 19
8 12 6 8 10 12 14 16 17 18
8 14 1 5 8 14 15 16 17 19
7 15 5 8 9 11 14 15 16
10 16 1 2 3 6 7 10 12 14 18 19
11 17 2 3 4 5 6 8 9 10 11 12 19
11 18 1 2 5 6 8 9 10 12 16 18 19
7 19 1 2 4 16 17 18 19
11 20 3 5 6 7 8 10 12 14 17 18 19
19 203
10 1 1 3 5 10 11 13 15 16 17 19
8 2 1 3 4 7 11 13 15 18
8 3 2 6 7 9 10 12 16 18
5 4 7 10 12 15 18
9 5 1 3 5 7 9 11 12 16 19
11 6 2 3 4 5 8 9 10 11 12 13 19
11 7 2 3 5 6 7 8 9 11 13 15 16
9 8 2 3 6 7 9 10 15 17 19
8 9 2 7 10 11 12 13 16 18
8 10 5 7 8 10 11 12 13 17
10 11 1 2 4 7 8 9 12 13 17 19
11 12 1 2 3 4 7 9 10 11 13 15 18
8 13 6 7 8 9 10 13 15 19
10 15 1 3 5 6 9 10 15 16 17 18
6 16 2 7 8 10 16 18
10 17 1 5 6 7 8 9 10 12 15 16
12 18 3 5 6 7 8 10 11 12 13 16 17 19
9 19 1 2 4 6 12 15 17 18 19
10 20 2 4 5 7 8 9 10 15 16 18
19 976
7 1 1 3 4 7 9 18 19
8 2 1 2 3 5 10 12 13 18
7 3 1 2 5 6 12 17 19
9 4 2 3 4 5 6 8 12 18 19
8 5 4 5 6 8 9 10 13 17
10 6 1 2 7 8 9 11 12 13 16 19
9 7 1 2 4 5 6 10 12 13 18
7 8 2 4 9 11 12 14 17
12 9 2 3 4 5 7 8 9 10 12 16 18 19
9 10 2 3 6 7 8 10 11 16 19
10 11 1 2 4 5 10 11 12 13 17 18
7 12 4 5 7 9 10 13 18
9 13 4 7 10 11 12 14 16 18 19
6 14 1 2 4 8 16 19
14 16 2 3 4 5 6 7 8 9 11 12 14 17 18 19
8 17 2 4 6 7 9 10 16 18
10 18 1 3 5 9 10 12 14 17 18 19
7 19 4 6 7 9 14 16 17
13 20 2 4 6 7 8 9 10 11 12 14 16 18 19
19 722
8 1 1 2 4 5 6 12 13 15
11 2 1 3 5 7 8 9 10 11 13 17 19
13 3 2 3 5 6 7 8 9 10 11 13 15 17 18
9 4 1 3 5 6 8 14 17 18 19
5 5 4 8 12 15 17
8 6 6 7 8 9 15 17 18 19
12 7 2 4 5 6 7 8 10 11 15 17 18 19
12 8 1 2 3 7 8 9 10 12 13 14 15 18
7 9 3 4 7 12 13 14 19
11 10 1 2 3 5 6 9 10 11 14 15 19
11 11 1 2 3 7 9 10 11 12 13 14 15
10 12 1 3 6 7 9 13 15 17 18 19
9 13 1 2 3 7 8 9 11 14 18
12 14 1 2 4 6 7 9 11 12 13 15 17 19
9 15 1 2 3 6 11 12 13 17 19
5 17 2 11 15 17 19
10 18 2 3 6 7 9 12 15 17 18 19
4 19 2 6 10 19
10 20 1 2 3 4 6 11 12 14 15 19
19 575
5 1 1 2 13 16 19
8 2 5 10 13 14 15 16 18 19
9 3 3 6 10 11 12 14 15 16 19
10 4 1 4 6 9 10 11 12 13 15 19
9 5 1 2 8 10 12 14 16 18 19
8 6 3 4 8 10 15 16 18 19
8 7 1 2 8 11 12 13 15 18
8 8 2 3 6 9 10 14 18 19
10 9 2 3 6 9 10 11 14 16 18 19
9 10 3 6 7 8 9 10 12 13 16
9 11 2 6 9 10 11 13 14 15 18
9 12 1 2 3 4 5 6 7 12 19
10 13 3 4 8 9 10 13 14 16 18 19
11 14 1 2 3 4 7 8 9 12 13 15 18
6 15 1 6 7 9 11 15
9 16 1 2 4 5 8 9 14 16 19
10 18 2 5 6 8 10 11 12 13 18 19
6 19 3 4 5 9 13 15
8 20 3 5 6 7 12 14 18 19
19 880
6 1 2 3 4 8 11 15
10 2 3 5 6 7 8 9 11 12 14 16
10 3 2 6 7 8 9 12 13 15 16 19
6 4 1 2 3 5 9 12
11 5 3 6 7 8 9 10 11 14 15 17 19
12 6 1 2 5 6 8 9 10 13 14 15 17 19
7 7 6 7 10 11 15 16 19
4 8 5 11 14 17
12 9 1 2 3 4 5 7 8 12 14 15 16 19
10 10 6 7 10 11 12 14 15 16 17 19
10 11 1 2 4 8 9 10 12 14 15 19
11 12 1 2 3 4 7 12 13 14 15 16 19
7 13 4 5 7 9 10 14 16
8 14 2 9 12 13 14 15 16 17
7 15 5 6 10 11 13 14 15
10 16 2 3 5 7 9 10 12 13 14 17
6 17 5 6 8 10 15 19
11 19 1 5 6 7 8 9 10 12 13 14 17
10 20 1 2 4 5 8 13 14 16 17 19
19 788
12 1 1 2 3 4 5 6 7 10 13 14 16 18
8 2 1 7 12 13 15 16 17 18
9 3 1 2 4 5 6 7 8 10 13
13 4 1 3 4 5 6 8 9 10 11 13 15 16 18
8 5 3 4 5 8 9 12 13 14
9 6 1 5 7 9 11 12 13 14 15
10 7 1 2 4 5 11 12 13 15 17 18
9 8 2 4 5 6 8 9 10 16 18
10 9 1 2 3 4 8 9 12 14 15 18
13 10 1 4 5 6 8 9 10 11 12 13 14 15 16
8 11 3 5 7 9 10 11 13 16
7 12 1 4 5 7 8 10 12
9 13 1 2 3 4 7 8 9 12 16
14 14 1 4 5 6 7 8 9 10 11 12 13 15 16 17
9 15 1 6 7 8 9 11 14 15 18
10 16 1 4 8 9 10 14 15 16 17 18
12 17 1 3 5 6 7 8 9 11 12 14 17 18
8 18 1 3 4 6 9 11 16 18
8 20 2 3 5 7 10 12 15 16
1 619
0 21
1 507
0 22
1 937
0 23
1 145
0 24
1 549
0 25
1 180
0 26
1 712
0 27
1 110
0 28
1 776
0 29
1 971
0 30
1 768
0 31
1 579
0 32
1 313
0 33
1 364
0 34
1 996
0 35
1 910
0 36
1 256
0 37
1 477
0 38
1 278
0 39
1 187
0 40
1 319
0 41
1 476
0 42
1 802
0 43
1 948
0 44
1 722
0 45
1 117
0 46
1 229
0 47
1 453
0 48
1 977
0 49
1 878
0 50
1 360
0 51
1 303
0 52
1 971
0 53
1 281
0 54
1 445
0 55
1 132
0 56
1 322
0 57
1 627
0 58
1 368
0 59
1 531
0 60
1 500
0 61
1 734
0 62
1 658
0 63
1 271
0 64
1 611
0 65
1 285
0 66
1 365
0 67
1 938
0 68
1 43
0 69
1 479
0 70
1 88
0 71
1 984
0 72
1 722
0 73
1 93
0 74
1 893
0 75
1 730
0 76
1 46
0 77
1 344
0 78
1 12
0 79
1 394
0 80
1 206
0 81
1 635
0 82
1 535
0 83
1 543
0 84
1 4
0 85
1 677
0 86
1 950
0 87
1 39
0 88
1 105
0 89
1 176
0 90
1 747
0 91
1 192
0 92
1 250
0 93
1 468
0 94
1 410
0 95
1 949
0 96
1 922
0 97
1 383
0 98
1 737
0 99
1 303
0 100
0 1
