87
1 1
0 86
1 1
0 6
1 1
0 6
1 1
0 6
1 1
0 6
5 1
4 22 22 5 4 3
0 5
1 4 22
2 3 22 5
3 2 22 5 4
1 1
0 11
1 1
0 11
1 1
0 11
1 1
0 11
5 1
4 22 22 10 9 8
0 10
1 9 22
2 8 22 10
3 7 22 10 9
1 1
0 16
1 1
0 16
1 1
0 16
1 1
0 16
5 1
4 22 22 15 14 13
0 15
1 14 22
2 13 22 15
3 12 22 15 14
1 1
0 21
1 1
0 21
1 1
0 21
1 1
0 21
5 1
4 22 22 20 19 18
0 20
1 19 22
2 18 22 20
3 17 22 20 19
5 1
4 86 86 21 16 11
0 21
1 16 86
2 11 86 21
3 6 86 21 16
1 1
0 27
1 1
0 27
1 1
0 27
1 1
0 27
5 1
4 43 43 26 25 24
0 26
1 25 43
2 24 43 26
3 23 43 26 25
1 1
0 32
1 1
0 32
1 1
0 32
1 1
0 32
5 1
4 43 43 31 30 29
0 31
1 30 43
2 29 43 31
3 28 43 31 30
1 1
0 37
1 1
0 37
1 1
0 37
1 1
0 37
5 1
4 43 43 36 35 34
0 36
1 35 43
2 34 43 36
3 33 43 36 35
1 1
0 42
1 1
0 42
1 1
0 42
1 1
0 42
5 1
4 43 43 41 40 39
0 41
1 40 43
2 39 43 41
3 38 43 41 40
5 1
4 86 86 42 37 32
0 42
1 37 86
2 32 86 42
3 27 86 42 37
1 1
0 48
1 1
0 48
1 1
0 48
1 1
0 48
5 1
4 64 64 47 46 45
0 47
1 46 64
2 45 64 47
3 44 64 47 46
1 1
0 53
1 1
0 53
1 1
0 53
1 1
0 53
5 1
4 64 64 52 51 50
0 52
1 51 64
2 50 64 52
3 49 64 52 51
1 1
0 58
1 1
0 58
1 1
0 58
1 1
0 58
5 1
4 64 64 57 56 55
0 57
1 56 64
2 55 64 57
3 54 64 57 56
1 1
0 63
1 1
0 63
1 1
0 63
1 1
0 63
5 1
4 64 64 62 61 60
0 62
1 61 64
2 60 64 62
3 59 64 62 61
5 1
4 86 86 63 58 53
0 63
1 58 86
2 53 86 63
3 48 86 63 58
1 1
0 69
1 1
0 69
1 1
0 69
1 1
0 69
5 1
4 85 85 68 67 66
0 68
1 67 85
2 66 85 68
3 65 85 68 67
1 1
0 74
1 1
0 74
1 1
0 74
1 1
0 74
5 1
4 85 85 73 72 71
0 73
1 72 85
2 71 85 73
3 70 85 73 72
1 1
0 79
1 1
0 79
1 1
0 79
1 1
0 79
5 1
4 85 85 78 77 76
0 78
1 77 85
2 76 85 78
3 75 85 78 77
1 1
0 84
1 1
0 84
1 1
0 84
1 1
0 84
5 1
4 85 85 83 82 81
0 83
1 82 85
2 81 85 83
3 80 85 83 82
5 1
4 86 86 84 79 74
0 84
1 79 86
2 74 86 84
3 69 86 84 79
5 1
4 87 1 85 64 43
0 85
1 64 1
2 43 1 85
3 22 1 85 64
0 1
