21
1 1
0 2
12 1
18 3 3 4 5 6 7 8 9 10 11 12 13 14 15 16 17 18 19 20
18 4 1 3 4 5 6 7 8 9 10 11 12 13 14 15 16 17 18 19
18 5 1 4 5 6 7 8 9 10 11 12 13 14 15 16 17 18 19 20
18 6 1 3 4 5 6 7 8 9 10 11 12 13 14 15 16 17 18 20
18 7 1 3 4 5 7 8 9 10 11 12 13 14 15 16 17 18 19 20
18 8 1 3 4 5 6 7 8 9 10 11 12 13 14 16 17 18 19 20
18 9 1 3 4 5 6 7 8 9 10 11 12 13 15 16 17 18 19 20
18 10 1 3 4 5 6 7 8 9 10 11 12 14 15 16 17 18 19 20
18 11 1 3 4 5 6 7 9 10 11 12 13 14 15 16 17 18 19 20
18 12 1 3 4 6 7 8 9 10 11 12 13 14 15 16 17 18 19 20
18 13 1 3 4 5 6 7 8 9 11 12 13 14 15 16 17 18 19 20
18 14 1 3 5 6 7 8 9 10 11 12 13 14 15 16 17 18 19 20
13 1
18 4 1 4 5 6 7 8 9 10 11 12 13 14 15 16 17 18 19 20
18 5 1 2 5 6 7 8 9 10 11 12 13 14 15 16 17 18 19 20
18 2 1 2 4 5 6 7 8 9 10 11 12 13 14 15 16 17 18 19
18 7 1 2 4 5 7 8 9 10 11 12 13 14 15 16 17 18 19 20
18 6 1 2 4 5 6 7 8 9 10 11 12 13 14 15 16 17 18 20
18 9 1 2 4 5 6 7 9 10 11 12 13 14 15 16 17 18 19 20
18 8 1 2 4 5 6 7 8 10 11 12 13 14 15 16 17 18 19 20
18 11 1 2 4 5 6 7 8 9 11 12 13 14 15 16 17 18 19 20
18 10 1 2 4 5 6 7 8 9 10 12 13 14 15 16 17 18 19 20
18 13 1 2 4 5 6 7 8 9 10 11 13 14 15 16 17 18 19 20
18 12 1 2 4 5 6 7 8 9 10 11 12 14 15 16 17 18 19 20
18 14 1 2 4 5 6 7 8 9 10 11 12 13 15 16 17 18 19 20
17 21 2 4 6 7 8 9 10 11 12 13 14 15 16 17 18 19 20
12 1
18 5 1 2 5 6 7 8 9 10 11 12 13 14 15 16 17 18 19 20
18 3 1 3 5 6 7 8 9 10 11 12 13 14 15 16 17 18 19 20
18 6 1 2 3 6 7 8 9 10 11 12 13 14 15 16 17 18 19 20
18 8 1 2 3 5 6 8 9 10 11 12 13 14 15 16 17 18 19 20
18 9 1 2 3 5 6 7 9 10 11 12 13 14 15 16 17 18 19 20
18 7 1 2 3 5 6 7 8 10 11 12 13 14 15 16 17 18 19 20
18 10 1 2 3 5 7 8 9 10 11 12 13 14 15 16 17 18 19 20
18 12 1 2 3 5 6 7 8 9 10 12 13 14 15 16 17 18 19 20
18 13 1 2 3 5 6 7 8 9 11 12 13 14 15 16 17 18 19 20
18 11 1 2 3 5 6 7 8 9 10 11 12 14 15 16 17 18 19 20
18 2 1 2 3 5 6 7 8 9 10 11 13 14 15 16 17 18 19 20
18 14 1 2 3 5 6 7 8 9 10 11 12 13 15 16 17 18 19 20
11 1
18 6 1 2 3 6 7 8 9 10 11 12 13 14 15 16 17 18 19 20
18 7 1 2 4 6 7 8 9 10 11 12 13 14 15 16 17 18 19 20
18 4 1 3 4 6 7 8 9 10 11 12 13 14 15 16 17 18 19 20
18 9 1 2 3 4 6 7 9 10 11 12 13 14 15 16 17 18 19 20
18 8 1 2 3 4 6 8 9 10 11 12 13 14 15 16 17 18 19 20
18 10 1 2 3 4 6 7 8 9 10 12 13 14 15 16 17 18 19 20
18 11 1 2 3 4 6 7 8 9 11 12 13 14 15 16 17 18 19 20
18 13 1 2 3 4 6 7 8 9 10 11 13 14 15 16 17 18 19 20
18 12 1 2 3 4 6 7 8 9 10 11 12 14 15 16 17 18 19 20
18 2 1 2 3 4 7 8 9 10 11 12 13 14 15 16 17 18 19 20
18 3 1 2 3 4 6 7 8 9 10 11 12 13 15 16 17 18 19 20
10 1
18 7 1 2 3 4 7 8 9 10 11 12 13 14 15 16 17 18 19 20
18 8 1 2 3 4 5 8 9 10 11 12 13 14 15 16 17 18 19 20
18 9 1 2 3 5 7 8 9 10 11 12 13 14 15 16 17 18 19 20
18 3 1 3 4 5 7 8 9 10 11 12 13 14 15 16 17 18 19 20
18 2 1 2 4 5 7 8 9 10 11 12 13 14 15 16 17 18 19 20
18 12 1 2 3 4 5 7 8 9 11 12 13 14 15 16 17 18 19 20
18 4 1 2 3 4 5 7 9 10 11 12 13 14 15 16 17 18 19 20
18 19 1 2 3 4 5 7 8 9 10 11 12 14 15 16 17 18 19 20
18 5 1 2 3 4 5 7 8 9 10 11 13 14 15 16 17 18 19 20
18 10 1 2 3 4 5 7 8 9 10 12 13 14 15 16 17 18 19 20
8 1
18 8 1 2 3 4 5 8 9 10 11 12 13 14 15 16 17 18 19 20
18 6 1 2 3 4 6 8 9 10 11 12 13 14 15 16 17 18 19 20
18 10 1 2 3 4 5 6 8 10 11 12 13 14 15 16 17 18 19 20
18 4 1 2 4 5 6 8 9 10 11 12 13 14 15 16 17 18 19 20
18 5 1 3 4 5 6 8 9 10 11 12 13 14 15 16 17 18 19 20
18 11 1 2 3 5 6 8 9 10 11 12 13 14 15 16 17 18 19 20
18 12 1 2 3 4 5 6 8 9 10 12 13 14 15 16 17 18 19 20
18 9 1 2 3 4 5 6 8 9 10 11 12 13 14 15 16 17 18 20
8 1
18 9 1 2 3 4 5 6 9 10 11 12 13 14 15 16 17 18 19 20
18 10 1 2 3 4 5 7 9 10 11 12 13 14 15 16 17 18 19 20
18 11 1 2 3 4 5 6 7 9 11 12 13 14 15 16 17 18 19 20
18 5 1 2 3 5 6 7 9 10 11 12 13 14 15 16 17 18 19 20
18 4 1 2 3 4 6 7 9 10 11 12 13 14 15 16 17 18 19 20
18 3 1 3 4 5 6 7 9 10 11 12 13 14 15 16 17 18 19 20
18 6 1 2 4 5 6 7 9 10 11 12 13 14 15 16 17 18 19 20
18 2 1 2 3 4 5 6 7 10 11 12 13 14 15 16 17 18 19 20
8 1
18 10 1 2 3 4 5 6 7 10 11 12 13 14 15 16 17 18 19 20
18 11 1 2 3 4 5 6 7 8 11 12 13 14 15 16 17 18 19 20
18 7 1 2 3 4 5 7 8 10 11 12 13 14 15 16 17 18 19 20
18 12 1 2 3 4 6 7 8 10 11 12 13 14 15 16 17 18 19 20
18 13 1 2 3 5 6 7 8 10 11 12 13 14 15 16 17 18 19 20
18 4 1 2 4 5 6 7 8 10 11 12 13 14 15 16 17 18 19 20
18 3 1 3 4 5 6 7 8 10 11 12 13 14 15 16 17 18 19 20
18 8 1 2 3 4 5 6 8 10 11 12 13 14 15 16 17 18 19 20
10 1
18 11 1 2 3 4 5 6 7 8 11 12 13 14 15 16 17 18 19 20
18 9 1 2 3 4 5 6 7 9 11 12 13 14 15 16 17 18 19 20
18 8 1 2 3 4 5 6 8 9 11 12 13 14 15 16 17 18 19 20
18 13 1 2 3 4 5 6 7 8 9 11 13 14 15 16 17 18 19 20
18 12 1 2 3 4 5 6 7 8 9 11 12 14 15 16 17 18 19 20
18 6 1 2 3 4 6 7 8 9 11 12 13 14 15 16 17 18 19 20
18 5 1 2 3 5 6 7 8 9 11 12 13 14 15 16 17 18 19 20
18 3 1 3 4 5 6 7 8 9 11 12 13 14 15 16 17 18 19 20
18 4 1 2 4 5 6 7 8 9 11 12 13 14 15 16 17 18 19 20
18 2 1 2 3 4 5 7 8 9 11 12 13 14 15 16 17 18 19 20
10 1
18 12 1 2 3 4 5 6 7 8 9 12 13 14 15 16 17 18 19 20
18 13 1 2 3 4 5 6 7 8 10 12 13 14 15 16 17 18 19 20
18 14 1 2 3 4 5 6 7 9 10 12 13 14 15 16 17 18 19 20
18 15 1 2 3 4 5 6 7 8 9 10 12 14 15 16 17 18 19 20
18 16 1 2 3 4 5 6 7 8 9 10 13 14 15 16 17 18 19 20
18 5 1 2 3 4 5 6 8 9 10 12 13 14 15 16 17 18 19 20
18 7 1 2 3 4 6 7 8 9 10 12 13 14 15 16 17 18 19 20
18 4 1 2 4 5 6 7 8 9 10 12 13 14 15 16 17 18 19 20
18 3 1 3 4 5 6 7 8 9 10 12 13 14 15 16 17 18 19 20
18 6 1 2 3 5 6 7 8 9 10 12 13 14 15 16 17 18 19 20
11 1
18 13 1 2 3 4 5 6 7 8 9 10 13 14 15 16 17 18 19 20
18 14 1 2 3 4 5 6 7 8 9 10 11 14 15 16 17 18 19 20
18 15 1 2 3 4 5 6 7 8 9 10 11 13 15 16 17 18 19 20
18 10 1 2 3 4 5 6 7 8 10 11 13 14 15 16 17 18 19 20
18 11 1 2 3 4 5 6 7 8 9 11 13 14 15 16 17 18 19 20
18 16 1 2 3 4 5 7 8 9 10 11 13 14 15 16 17 18 19 20
18 19 1 2 3 4 5 6 8 9 10 11 13 14 15 16 17 18 19 20
18 5 1 2 3 5 6 7 8 9 10 11 13 14 15 16 17 18 19 20
18 6 1 2 3 4 6 7 8 9 10 11 13 14 15 16 17 18 19 20
18 3 1 3 4 5 6 7 8 9 10 11 13 14 15 16 17 18 19 20
18 4 1 2 4 5 6 7 8 9 10 11 13 14 15 16 17 18 19 20
11 1
18 14 1 2 3 4 5 6 7 8 9 10 11 14 15 16 17 18 19 20
18 12 1 2 3 4 5 6 7 8 9 10 12 14 15 16 17 18 19 20
18 16 1 2 3 4 5 6 7 8 9 10 11 12 14 16 17 18 19 20
18 11 1 2 3 4 5 6 7 8 9 11 12 14 15 16 17 18 19 20
18 10 1 2 3 4 5 6 7 8 10 11 12 14 15 16 17 18 19 20
18 15 1 2 3 4 5 6 7 8 9 10 11 12 14 15 17 18 19 20
18 2 1 2 3 4 5 6 7 8 9 10 11 12 14 15 16 17 18 20
18 6 1 2 3 4 6 7 8 9 10 11 12 14 15 16 17 18 19 20
18 5 1 2 3 5 6 7 8 9 10 11 12 14 15 16 17 18 19 20
18 4 1 2 4 5 6 7 8 9 10 11 12 14 15 16 17 18 19 20
18 3 1 3 4 5 6 7 8 9 10 11 12 14 15 16 17 18 19 20
9 1
18 15 1 2 3 4 5 6 7 8 9 10 11 12 15 16 17 18 19 20
18 16 1 2 3 4 5 6 7 8 9 10 11 13 15 16 17 18 19 20
18 12 1 2 3 4 5 6 7 8 9 10 12 13 15 16 17 18 19 20
18 17 1 2 3 4 5 6 7 8 9 10 11 12 13 16 17 18 19 20
18 19 1 2 3 4 5 6 7 8 9 10 11 12 13 15 17 18 19 20
18 2 1 2 3 4 5 6 7 8 9 10 11 12 13 15 16 17 18 20
18 3 1 3 4 5 6 7 8 9 10 11 12 13 15 16 17 18 19 20
18 4 1 2 4 5 6 7 8 9 10 11 12 13 15 16 17 18 19 20
18 5 1 2 3 5 6 7 8 9 10 11 12 13 15 16 17 18 19 20
6 1
18 16 1 2 3 4 5 6 7 8 9 10 11 12 13 16 17 18 19 20
18 17 1 2 3 4 5 6 7 8 9 10 11 12 13 14 17 18 19 20
18 13 1 2 3 4 5 6 7 8 9 10 11 13 14 16 17 18 19 20
18 14 1 2 3 4 5 6 7 8 9 10 12 13 14 16 17 18 19 20
18 2 1 2 3 4 5 6 7 8 9 10 11 12 13 14 16 17 18 20
18 19 1 2 3 4 5 6 7 8 9 10 11 12 14 16 17 18 19 20
6 1
18 17 1 2 3 4 5 6 7 8 9 10 11 12 13 14 17 18 19 20
18 15 1 2 3 4 5 6 7 8 9 10 11 12 13 15 17 18 19 20
18 18 1 2 3 4 5 6 7 8 9 10 11 12 14 15 17 18 19 20
18 19 1 2 3 4 5 6 7 8 9 10 11 12 13 14 15 18 19 20
18 14 1 2 3 4 5 6 7 8 9 10 12 13 14 15 17 18 19 20
18 13 1 2 3 4 5 6 7 8 9 10 11 13 14 15 17 18 19 20
4 1
18 18 1 2 3 4 5 6 7 8 9 10 11 12 13 14 15 18 19 20
18 19 1 2 3 4 5 6 7 8 9 10 11 12 13 14 16 18 19 20
18 20 1 2 3 4 5 6 7 8 9 10 11 12 13 14 15 16 19 20
18 16 1 2 3 4 5 6 7 8 9 10 11 12 13 15 16 18 19 20
3 1
18 19 1 2 3 4 5 6 7 8 9 10 11 12 13 14 15 16 19 20
18 20 1 2 3 4 5 6 7 8 9 10 11 12 13 14 15 16 17 20
18 17 1 2 3 4 5 6 7 8 9 10 11 12 13 14 15 17 19 20
8 1
18 20 1 2 3 4 5 6 7 8 9 10 11 12 13 14 15 16 17 20
18 18 1 2 3 4 5 6 7 8 9 10 11 12 13 14 15 16 18 20
18 2 1 2 3 4 5 6 7 8 9 10 11 12 13 14 15 16 17 18
18 3 1 2 3 4 5 6 7 8 9 10 11 12 13 14 15 17 18 20
18 15 1 2 3 4 5 6 7 8 9 10 11 12 13 15 16 17 18 20
18 14 1 2 3 4 5 6 7 8 9 10 11 12 13 14 16 17 18 20
18 13 1 2 3 4 5 6 7 8 9 10 11 13 14 15 16 17 18 20
18 7 1 2 3 4 5 7 8 9 10 11 12 13 14 15 16 17 18 20
3 1
18 2 1 2 3 4 5 6 7 8 9 10 11 12 13 14 15 16 17 18
18 3 1 2 3 4 5 6 7 8 9 10 11 12 13 14 15 16 17 19
18 19 1 2 3 4 5 6 7 8 9 10 11 12 13 14 15 16 18 19
0 1
