9
7
0.0 2.0
1.0 2.0
2.0 1.0
3.0 2.0
14.0 2.0
13.0 0.0
1.0 0.0
5
0.0 0.0
1.0 0.0
2.0 1.0
3.0 0.0
3.0 5.0
8
1.0 0.0
1.0 2.0
0.0 2.0
0.0 3.0
3.0 3.0
3.0 2.0
2.0 2.0
2.0 0.0
3
69.65178077847345 476.5867758189318
821.1853328040016 88.77793357104213
647.0223390027927 271.8248148626079
4
181.44458803946185 940.3664887563629
9.073553867733452 668.9316108351632
300.5477457248187 232.847850879327
736.0950978507178 376.24666402600525
6
589.537247768286 277.42135454463437
894.9913870012382 124.39634658639598
45.423403877217 250.24312860783692
509.6408941478913 630.1328761488896
166.30830193549738 595.7205262511858
826.6580132415487 795.3440293977031
7
0.0 2.0
1.0 2.0
2.0 1.0
3.0 2.0
4.0 2.0
3.0 0.0
1.0 0.0
5
417.43117050286236 609.2166399673197
507.7964591895133 98.3020434939762
511.8650103018029 526.0446674825384
448.67613063128374 695.5707034420732
468.90719631462076 834.6808658972736
3
0.0 0.0
0.0 5.0
0.0 10.0
